stationID,now_time_cut,weekday,is_holiday,station_type,neighbor_station,inNums_now,outNums_now,inNums_before2,outNums_before2,inNums_before1,outNums_before1,inNums_after2,outNums_after2,inNums_after1,outNums_after1
0,0,5.0,0.0,1.0,[1],0.0,0.0,0.0,0.0,0.0,0.0,0.0,0.0,0.0,0.0
0,1,5.0,0.0,1.0,[1],0.0,0.0,0.0,0.0,0.0,0.0,0.0,0.0,0.0,0.0
0,2,5.0,0.0,1.0,[1],0.0,0.0,0.0,0.0,0.0,0.0,0.0,0.0,0.0,0.0
0,3,5.0,0.0,1.0,[1],0.0,0.0,0.0,0.0,0.0,0.0,0.0,0.0,0.0,0.0
0,4,5.0,0.0,1.0,[1],0.0,0.0,0.0,0.0,0.0,0.0,0.0,0.0,0.0,0.0
0,5,5.0,0.0,1.0,[1],0.0,0.0,0.0,0.0,0.0,0.0,0.0,0.0,0.0,0.0
0,6,5.0,0.0,1.0,[1],0.0,0.0,0.0,0.0,0.0,0.0,0.0,0.0,0.0,0.0
0,7,5.0,0.0,1.0,[1],0.0,0.0,0.0,0.0,0.0,0.0,0.0,0.0,0.0,0.0
0,8,5.0,0.0,1.0,[1],0.0,0.0,0.0,0.0,0.0,0.0,0.0,0.0,0.0,0.0
0,9,5.0,0.0,1.0,[1],0.0,0.0,0.0,0.0,0.0,0.0,0.0,0.0,0.0,0.0
0,10,5.0,0.0,1.0,[1],0.0,0.0,0.0,0.0,0.0,0.0,0.0,0.0,0.0,0.0
0,11,5.0,0.0,1.0,[1],0.0,0.0,0.0,0.0,0.0,0.0,0.0,0.0,0.0,0.0
0,12,5.0,0.0,1.0,[1],0.0,0.0,0.0,0.0,0.0,0.0,0.0,0.0,0.0,0.0
0,13,5.0,0.0,1.0,[1],0.0,0.0,0.0,0.0,0.0,0.0,0.0,0.0,0.0,0.0
0,14,5.0,0.0,1.0,[1],0.0,0.0,0.0,0.0,0.0,0.0,0.0,0.0,0.0,0.0
0,15,5.0,0.0,1.0,[1],0.0,0.0,0.0,0.0,0.0,0.0,0.0,0.0,0.0,0.0
0,16,5.0,0.0,1.0,[1],0.0,0.0,0.0,0.0,0.0,0.0,0.0,0.0,0.0,0.0
0,17,5.0,0.0,1.0,[1],0.0,0.0,0.0,0.0,0.0,0.0,0.0,0.0,0.0,0.0
0,18,5.0,0.0,1.0,[1],0.0,0.0,0.0,0.0,0.0,0.0,0.0,0.0,0.0,0.0
0,19,5.0,0.0,1.0,[1],0.0,0.0,0.0,0.0,0.0,0.0,0.0,0.0,0.0,0.0
0,20,5.0,0.0,1.0,[1],0.0,0.0,0.0,0.0,0.0,0.0,0.0,0.0,0.0,0.0
0,21,5.0,0.0,1.0,[1],0.0,0.0,0.0,0.0,0.0,0.0,0.0,0.0,0.0,0.0
0,22,5.0,0.0,1.0,[1],0.0,0.0,0.0,0.0,0.0,0.0,0.0,0.0,0.0,0.0
0,23,5.0,0.0,1.0,[1],0.0,0.0,0.0,0.0,0.0,0.0,0.0,0.0,0.0,0.0
0,24,5.0,0.0,1.0,[1],0.0,0.0,0.0,0.0,0.0,0.0,0.0,0.0,0.0,0.0
0,25,5.0,0.0,1.0,[1],0.0,0.0,0.0,0.0,0.0,0.0,0.0,0.0,0.0,0.0
0,26,5.0,0.0,1.0,[1],0.0,0.0,0.0,0.0,0.0,0.0,0.0,0.0,0.0,0.0
0,27,5.0,0.0,1.0,[1],0.0,0.0,0.0,0.0,0.0,0.0,0.0,0.0,0.0,0.0
0,28,5.0,0.0,1.0,[1],0.0,0.0,0.0,0.0,0.0,0.0,0.0,0.0,0.0,0.0
0,29,5.0,0.0,1.0,[1],0.0,0.0,0.0,0.0,0.0,0.0,0.0,0.0,0.0,0.0
0,30,5.0,0.0,1.0,[1],0.0,0.0,0.0,0.0,0.0,0.0,0.0,0.0,0.0,0.0
0,31,5.0,0.0,1.0,[1],0.0,0.0,0.0,0.0,0.0,0.0,2.0,0.0,0.0,0.0
0,32,5.0,0.0,1.0,[1],0.0,0.0,0.0,0.0,0.0,0.0,11.0,0.0,2.0,0.0
0,33,5.0,0.0,1.0,[1],2.0,0.0,0.0,0.0,0.0,0.0,31.0,0.0,11.0,0.0
0,34,5.0,0.0,1.0,[1],11.0,0.0,0.0,0.0,2.0,0.0,14.0,0.0,31.0,0.0
0,35,5.0,0.0,1.0,[1],31.0,0.0,2.0,0.0,11.0,0.0,30.0,0.0,14.0,0.0
0,36,5.0,0.0,1.0,[1],14.0,0.0,11.0,0.0,31.0,0.0,37.0,0.0,30.0,0.0
0,37,5.0,0.0,1.0,[1],30.0,0.0,31.0,0.0,14.0,0.0,95.0,35.0,37.0,0.0
0,38,5.0,0.0,1.0,[1],37.0,0.0,14.0,0.0,30.0,0.0,91.0,43.0,95.0,35.0
0,39,5.0,0.0,1.0,[1],95.0,35.0,30.0,0.0,37.0,0.0,130.0,16.0,91.0,43.0
0,40,5.0,0.0,1.0,[1],91.0,43.0,37.0,0.0,95.0,35.0,175.0,18.0,130.0,16.0
0,41,5.0,0.0,1.0,[1],130.0,16.0,95.0,35.0,91.0,43.0,220.0,22.0,175.0,18.0
0,42,5.0,0.0,1.0,[1],175.0,18.0,91.0,43.0,130.0,16.0,215.0,26.0,220.0,22.0
0,43,5.0,0.0,1.0,[1],220.0,22.0,130.0,16.0,175.0,18.0,388.0,34.0,215.0,26.0
0,44,5.0,0.0,1.0,[1],215.0,26.0,175.0,18.0,220.0,22.0,369.0,53.0,388.0,34.0
0,45,5.0,0.0,1.0,[1],388.0,34.0,220.0,22.0,215.0,26.0,415.0,43.0,369.0,53.0
0,46,5.0,0.0,1.0,[1],369.0,53.0,215.0,26.0,388.0,34.0,402.0,47.0,415.0,43.0
0,47,5.0,0.0,1.0,[1],415.0,43.0,388.0,34.0,369.0,53.0,384.0,103.0,402.0,47.0
0,48,5.0,0.0,1.0,[1],402.0,47.0,369.0,53.0,415.0,43.0,449.0,93.0,384.0,103.0
0,49,5.0,0.0,1.0,[1],384.0,103.0,415.0,43.0,402.0,47.0,363.0,218.0,449.0,93.0
0,50,5.0,0.0,1.0,[1],449.0,93.0,402.0,47.0,384.0,103.0,459.0,104.0,363.0,218.0
0,51,5.0,0.0,1.0,[1],363.0,218.0,384.0,103.0,449.0,93.0,301.0,233.0,459.0,104.0
0,52,5.0,0.0,1.0,[1],459.0,104.0,449.0,93.0,363.0,218.0,284.0,113.0,301.0,233.0
0,53,5.0,0.0,1.0,[1],301.0,233.0,363.0,218.0,459.0,104.0,174.0,80.0,284.0,113.0
0,54,5.0,0.0,1.0,[1],284.0,113.0,459.0,104.0,301.0,233.0,173.0,54.0,174.0,80.0
0,55,5.0,0.0,1.0,[1],174.0,80.0,301.0,233.0,284.0,113.0,149.0,61.0,173.0,54.0
0,56,5.0,0.0,1.0,[1],173.0,54.0,284.0,113.0,174.0,80.0,90.0,78.0,149.0,61.0
0,57,5.0,0.0,1.0,[1],149.0,61.0,174.0,80.0,173.0,54.0,108.0,69.0,90.0,78.0
0,58,5.0,0.0,1.0,[1],90.0,78.0,173.0,54.0,149.0,61.0,104.0,56.0,108.0,69.0
0,59,5.0,0.0,1.0,[1],108.0,69.0,149.0,61.0,90.0,78.0,89.0,77.0,104.0,56.0
0,60,5.0,0.0,1.0,[1],104.0,56.0,90.0,78.0,108.0,69.0,82.0,73.0,89.0,77.0
0,61,5.0,0.0,1.0,[1],89.0,77.0,108.0,69.0,104.0,56.0,76.0,65.0,82.0,73.0
0,62,5.0,0.0,1.0,[1],82.0,73.0,104.0,56.0,89.0,77.0,67.0,77.0,76.0,65.0
0,63,5.0,0.0,1.0,[1],76.0,65.0,89.0,77.0,82.0,73.0,72.0,61.0,67.0,77.0
0,64,5.0,0.0,1.0,[1],67.0,77.0,82.0,73.0,76.0,65.0,74.0,49.0,72.0,61.0
0,65,5.0,0.0,1.0,[1],72.0,61.0,76.0,65.0,67.0,77.0,73.0,87.0,74.0,49.0
0,66,5.0,0.0,1.0,[1],74.0,49.0,67.0,77.0,72.0,61.0,67.0,85.0,73.0,87.0
0,67,5.0,0.0,1.0,[1],73.0,87.0,72.0,61.0,74.0,49.0,62.0,69.0,67.0,85.0
0,68,5.0,0.0,1.0,[1],67.0,85.0,74.0,49.0,73.0,87.0,95.0,67.0,62.0,69.0
0,69,5.0,0.0,1.0,[1],62.0,69.0,73.0,87.0,67.0,85.0,88.0,68.0,95.0,67.0
0,70,5.0,0.0,1.0,[1],95.0,67.0,67.0,85.0,62.0,69.0,89.0,86.0,88.0,68.0
0,71,5.0,0.0,1.0,[1],88.0,68.0,62.0,69.0,95.0,67.0,75.0,53.0,89.0,86.0
0,72,5.0,0.0,1.0,[1],89.0,86.0,95.0,67.0,88.0,68.0,77.0,73.0,75.0,53.0
0,73,5.0,0.0,1.0,[1],75.0,53.0,88.0,68.0,89.0,86.0,52.0,86.0,77.0,73.0
0,74,5.0,0.0,1.0,[1],77.0,73.0,89.0,86.0,75.0,53.0,75.0,103.0,52.0,86.0
0,75,5.0,0.0,1.0,[1],52.0,86.0,75.0,53.0,77.0,73.0,88.0,77.0,75.0,103.0
0,76,5.0,0.0,1.0,[1],75.0,103.0,77.0,73.0,52.0,86.0,81.0,86.0,88.0,77.0
0,77,5.0,0.0,1.0,[1],88.0,77.0,52.0,86.0,75.0,103.0,57.0,76.0,81.0,86.0
0,78,5.0,0.0,1.0,[1],81.0,86.0,75.0,103.0,88.0,77.0,83.0,84.0,57.0,76.0
0,79,5.0,0.0,1.0,[1],57.0,76.0,88.0,77.0,81.0,86.0,57.0,68.0,83.0,84.0
0,80,5.0,0.0,1.0,[1],83.0,84.0,81.0,86.0,57.0,76.0,77.0,65.0,57.0,68.0
0,81,5.0,0.0,1.0,[1],57.0,68.0,57.0,76.0,83.0,84.0,49.0,86.0,77.0,65.0
0,82,5.0,0.0,1.0,[1],77.0,65.0,83.0,84.0,57.0,68.0,70.0,67.0,49.0,86.0
0,83,5.0,0.0,1.0,[1],49.0,86.0,57.0,68.0,77.0,65.0,57.0,88.0,70.0,67.0
0,84,5.0,0.0,1.0,[1],70.0,67.0,77.0,65.0,49.0,86.0,58.0,76.0,57.0,88.0
0,85,5.0,0.0,1.0,[1],57.0,88.0,49.0,86.0,70.0,67.0,59.0,68.0,58.0,76.0
0,86,5.0,0.0,1.0,[1],58.0,76.0,70.0,67.0,57.0,88.0,82.0,83.0,59.0,68.0
0,87,5.0,0.0,1.0,[1],59.0,68.0,57.0,88.0,58.0,76.0,78.0,95.0,82.0,83.0
0,88,5.0,0.0,1.0,[1],82.0,83.0,58.0,76.0,59.0,68.0,67.0,91.0,78.0,95.0
0,89,5.0,0.0,1.0,[1],78.0,95.0,59.0,68.0,82.0,83.0,47.0,79.0,67.0,91.0
0,90,5.0,0.0,1.0,[1],67.0,91.0,82.0,83.0,78.0,95.0,67.0,101.0,47.0,79.0
0,91,5.0,0.0,1.0,[1],47.0,79.0,78.0,95.0,67.0,91.0,77.0,112.0,67.0,101.0
0,92,5.0,0.0,1.0,[1],67.0,101.0,67.0,91.0,47.0,79.0,57.0,154.0,77.0,112.0
0,93,5.0,0.0,1.0,[1],77.0,112.0,47.0,79.0,67.0,101.0,89.0,88.0,57.0,154.0
0,94,5.0,0.0,1.0,[1],57.0,154.0,67.0,101.0,77.0,112.0,73.0,109.0,89.0,88.0
0,95,5.0,0.0,1.0,[1],89.0,88.0,77.0,112.0,57.0,154.0,75.0,98.0,73.0,109.0
0,96,5.0,0.0,1.0,[1],73.0,109.0,57.0,154.0,89.0,88.0,111.0,79.0,75.0,98.0
0,97,5.0,0.0,1.0,[1],75.0,98.0,89.0,88.0,73.0,109.0,121.0,153.0,111.0,79.0
0,98,5.0,0.0,1.0,[1],111.0,79.0,73.0,109.0,75.0,98.0,165.0,120.0,121.0,153.0
0,99,5.0,0.0,1.0,[1],121.0,153.0,75.0,98.0,111.0,79.0,170.0,117.0,165.0,120.0
0,100,5.0,0.0,1.0,[1],165.0,120.0,111.0,79.0,121.0,153.0,147.0,102.0,170.0,117.0
0,101,5.0,0.0,1.0,[1],170.0,117.0,121.0,153.0,165.0,120.0,121.0,154.0,147.0,102.0
0,102,5.0,0.0,1.0,[1],147.0,102.0,165.0,120.0,170.0,117.0,98.0,167.0,121.0,154.0
0,103,5.0,0.0,1.0,[1],121.0,154.0,170.0,117.0,147.0,102.0,127.0,254.0,98.0,167.0
0,104,5.0,0.0,1.0,[1],98.0,167.0,147.0,102.0,121.0,154.0,84.0,241.0,127.0,254.0
0,105,5.0,0.0,1.0,[1],127.0,254.0,121.0,154.0,98.0,167.0,86.0,259.0,84.0,241.0
0,106,5.0,0.0,1.0,[1],84.0,241.0,98.0,167.0,127.0,254.0,67.0,250.0,86.0,259.0
0,107,5.0,0.0,1.0,[1],86.0,259.0,127.0,254.0,84.0,241.0,91.0,272.0,67.0,250.0
0,108,5.0,0.0,1.0,[1],67.0,250.0,84.0,241.0,86.0,259.0,39.0,277.0,91.0,272.0
0,109,5.0,0.0,1.0,[1],91.0,272.0,86.0,259.0,67.0,250.0,45.0,293.0,39.0,277.0
0,110,5.0,0.0,1.0,[1],39.0,277.0,67.0,250.0,91.0,272.0,43.0,209.0,45.0,293.0
0,111,5.0,0.0,1.0,[1],45.0,293.0,91.0,272.0,39.0,277.0,46.0,205.0,43.0,209.0
0,112,5.0,0.0,1.0,[1],43.0,209.0,39.0,277.0,45.0,293.0,39.0,155.0,46.0,205.0
0,113,5.0,0.0,1.0,[1],46.0,205.0,45.0,293.0,43.0,209.0,41.0,130.0,39.0,155.0
0,114,5.0,0.0,1.0,[1],39.0,155.0,43.0,209.0,46.0,205.0,39.0,199.0,41.0,130.0
0,115,5.0,0.0,1.0,[1],41.0,130.0,46.0,205.0,39.0,155.0,16.0,92.0,39.0,199.0
0,116,5.0,0.0,1.0,[1],39.0,199.0,39.0,155.0,41.0,130.0,35.0,144.0,16.0,92.0
0,117,5.0,0.0,1.0,[1],16.0,92.0,41.0,130.0,39.0,199.0,31.0,101.0,35.0,144.0
0,118,5.0,0.0,1.0,[1],35.0,144.0,39.0,199.0,16.0,92.0,24.0,99.0,31.0,101.0
0,119,5.0,0.0,1.0,[1],31.0,101.0,16.0,92.0,35.0,144.0,47.0,96.0,24.0,99.0
0,120,5.0,0.0,1.0,[1],24.0,99.0,35.0,144.0,31.0,101.0,24.0,80.0,47.0,96.0
0,121,5.0,0.0,1.0,[1],47.0,96.0,31.0,101.0,24.0,99.0,19.0,77.0,24.0,80.0
0,122,5.0,0.0,1.0,[1],24.0,80.0,24.0,99.0,47.0,96.0,17.0,73.0,19.0,77.0
0,123,5.0,0.0,1.0,[1],19.0,77.0,47.0,96.0,24.0,80.0,18.0,109.0,17.0,73.0
0,124,5.0,0.0,1.0,[1],17.0,73.0,24.0,80.0,19.0,77.0,12.0,92.0,18.0,109.0
0,125,5.0,0.0,1.0,[1],18.0,109.0,19.0,77.0,17.0,73.0,18.0,86.0,12.0,92.0
0,126,5.0,0.0,1.0,[1],12.0,92.0,17.0,73.0,18.0,109.0,19.0,116.0,18.0,86.0
0,127,5.0,0.0,1.0,[1],18.0,86.0,18.0,109.0,12.0,92.0,10.0,88.0,19.0,116.0
0,128,5.0,0.0,1.0,[1],19.0,116.0,12.0,92.0,18.0,86.0,13.0,65.0,10.0,88.0
0,129,5.0,0.0,1.0,[1],10.0,88.0,18.0,86.0,19.0,116.0,7.0,44.0,13.0,65.0
0,130,5.0,0.0,1.0,[1],13.0,65.0,19.0,116.0,10.0,88.0,10.0,45.0,7.0,44.0
0,131,5.0,0.0,1.0,[1],7.0,44.0,10.0,88.0,13.0,65.0,11.0,52.0,10.0,45.0
0,132,5.0,0.0,1.0,[1],10.0,45.0,13.0,65.0,7.0,44.0,6.0,57.0,11.0,52.0
0,133,5.0,0.0,1.0,[1],11.0,52.0,7.0,44.0,10.0,45.0,7.0,56.0,6.0,57.0
0,134,5.0,0.0,1.0,[1],6.0,57.0,10.0,45.0,11.0,52.0,2.0,39.0,7.0,56.0
0,135,5.0,0.0,1.0,[1],7.0,56.0,11.0,52.0,6.0,57.0,0.0,37.0,2.0,39.0
0,136,5.0,0.0,1.0,[1],2.0,39.0,6.0,57.0,7.0,56.0,0.0,36.0,0.0,37.0
0,137,5.0,0.0,1.0,[1],0.0,37.0,7.0,56.0,2.0,39.0,0.0,27.0,0.0,36.0
0,138,5.0,0.0,1.0,[1],0.0,36.0,2.0,39.0,0.0,37.0,0.0,21.0,0.0,27.0
0,139,5.0,0.0,1.0,[1],0.0,27.0,0.0,37.0,0.0,36.0,0.0,19.0,0.0,21.0
0,140,5.0,0.0,1.0,[1],0.0,21.0,0.0,36.0,0.0,27.0,0.0,4.0,0.0,19.0
0,141,5.0,0.0,1.0,[1],0.0,19.0,0.0,27.0,0.0,21.0,0.0,4.0,0.0,4.0
0,142,5.0,0.0,1.0,[1],0.0,4.0,0.0,21.0,0.0,19.0,0.0,0.0,0.0,4.0
0,143,5.0,0.0,1.0,[1],0.0,4.0,0.0,19.0,0.0,4.0,0.0,0.0,0.0,0.0
1,0,5.0,0.0,2.0,[0 2],2.0,2.0,0.0,0.0,0.0,0.0,0.0,0.0,0.0,0.0
1,1,5.0,0.0,2.0,[0 2],0.0,0.0,0.0,0.0,2.0,2.0,0.0,0.0,0.0,0.0
1,2,5.0,0.0,2.0,[0 2],0.0,0.0,2.0,2.0,0.0,0.0,0.0,0.0,0.0,0.0
1,3,5.0,0.0,2.0,[0 2],0.0,0.0,0.0,0.0,0.0,0.0,0.0,0.0,0.0,0.0
1,4,5.0,0.0,2.0,[0 2],0.0,0.0,0.0,0.0,0.0,0.0,0.0,0.0,0.0,0.0
1,5,5.0,0.0,2.0,[0 2],0.0,0.0,0.0,0.0,0.0,0.0,0.0,0.0,0.0,0.0
1,6,5.0,0.0,2.0,[0 2],0.0,0.0,0.0,0.0,0.0,0.0,0.0,0.0,0.0,0.0
1,7,5.0,0.0,2.0,[0 2],0.0,0.0,0.0,0.0,0.0,0.0,0.0,0.0,0.0,0.0
1,8,5.0,0.0,2.0,[0 2],0.0,0.0,0.0,0.0,0.0,0.0,0.0,0.0,0.0,0.0
1,9,5.0,0.0,2.0,[0 2],0.0,0.0,0.0,0.0,0.0,0.0,0.0,0.0,0.0,0.0
1,10,5.0,0.0,2.0,[0 2],0.0,0.0,0.0,0.0,0.0,0.0,0.0,0.0,0.0,0.0
1,11,5.0,0.0,2.0,[0 2],0.0,0.0,0.0,0.0,0.0,0.0,0.0,0.0,0.0,0.0
1,12,5.0,0.0,2.0,[0 2],0.0,0.0,0.0,0.0,0.0,0.0,0.0,0.0,0.0,0.0
1,13,5.0,0.0,2.0,[0 2],0.0,0.0,0.0,0.0,0.0,0.0,0.0,0.0,0.0,0.0
1,14,5.0,0.0,2.0,[0 2],0.0,0.0,0.0,0.0,0.0,0.0,0.0,0.0,0.0,0.0
1,15,5.0,0.0,2.0,[0 2],0.0,0.0,0.0,0.0,0.0,0.0,0.0,0.0,0.0,0.0
1,16,5.0,0.0,2.0,[0 2],0.0,0.0,0.0,0.0,0.0,0.0,0.0,0.0,0.0,0.0
1,17,5.0,0.0,2.0,[0 2],0.0,0.0,0.0,0.0,0.0,0.0,0.0,0.0,0.0,0.0
1,18,5.0,0.0,2.0,[0 2],0.0,0.0,0.0,0.0,0.0,0.0,0.0,0.0,0.0,0.0
1,19,5.0,0.0,2.0,[0 2],0.0,0.0,0.0,0.0,0.0,0.0,0.0,0.0,0.0,0.0
1,20,5.0,0.0,2.0,[0 2],0.0,0.0,0.0,0.0,0.0,0.0,0.0,0.0,0.0,0.0
1,21,5.0,0.0,2.0,[0 2],0.0,0.0,0.0,0.0,0.0,0.0,0.0,0.0,0.0,0.0
1,22,5.0,0.0,2.0,[0 2],0.0,0.0,0.0,0.0,0.0,0.0,0.0,0.0,0.0,0.0
1,23,5.0,0.0,2.0,[0 2],0.0,0.0,0.0,0.0,0.0,0.0,0.0,0.0,0.0,0.0
1,24,5.0,0.0,2.0,[0 2],0.0,0.0,0.0,0.0,0.0,0.0,0.0,0.0,0.0,0.0
1,25,5.0,0.0,2.0,[0 2],0.0,0.0,0.0,0.0,0.0,0.0,0.0,0.0,0.0,0.0
1,26,5.0,0.0,2.0,[0 2],0.0,0.0,0.0,0.0,0.0,0.0,0.0,0.0,0.0,0.0
1,27,5.0,0.0,2.0,[0 2],0.0,0.0,0.0,0.0,0.0,0.0,0.0,0.0,0.0,0.0
1,28,5.0,0.0,2.0,[0 2],0.0,0.0,0.0,0.0,0.0,0.0,0.0,0.0,0.0,0.0
1,29,5.0,0.0,2.0,[0 2],0.0,0.0,0.0,0.0,0.0,0.0,0.0,0.0,0.0,0.0
1,30,5.0,0.0,2.0,[0 2],0.0,0.0,0.0,0.0,0.0,0.0,0.0,0.0,0.0,0.0
1,31,5.0,0.0,2.0,[0 2],0.0,0.0,0.0,0.0,0.0,0.0,0.0,0.0,0.0,0.0
1,32,5.0,0.0,2.0,[0 2],0.0,0.0,0.0,0.0,0.0,0.0,2.0,0.0,0.0,0.0
1,33,5.0,0.0,2.0,[0 2],0.0,0.0,0.0,0.0,0.0,0.0,11.0,1.0,2.0,0.0
1,34,5.0,0.0,2.0,[0 2],2.0,0.0,0.0,0.0,0.0,0.0,12.0,0.0,11.0,1.0
1,35,5.0,0.0,2.0,[0 2],11.0,1.0,0.0,0.0,2.0,0.0,20.0,0.0,12.0,0.0
1,36,5.0,0.0,2.0,[0 2],12.0,0.0,2.0,0.0,11.0,1.0,31.0,10.0,20.0,0.0
1,37,5.0,0.0,2.0,[0 2],20.0,0.0,11.0,1.0,12.0,0.0,35.0,4.0,31.0,10.0
1,38,5.0,0.0,2.0,[0 2],31.0,10.0,12.0,0.0,20.0,0.0,40.0,4.0,35.0,4.0
1,39,5.0,0.0,2.0,[0 2],35.0,4.0,20.0,0.0,31.0,10.0,67.0,7.0,40.0,4.0
1,40,5.0,0.0,2.0,[0 2],40.0,4.0,31.0,10.0,35.0,4.0,78.0,3.0,67.0,7.0
1,41,5.0,0.0,2.0,[0 2],67.0,7.0,35.0,4.0,40.0,4.0,109.0,9.0,78.0,3.0
1,42,5.0,0.0,2.0,[0 2],78.0,3.0,40.0,4.0,67.0,7.0,199.0,17.0,109.0,9.0
1,43,5.0,0.0,2.0,[0 2],109.0,9.0,67.0,7.0,78.0,3.0,240.0,23.0,199.0,17.0
1,44,5.0,0.0,2.0,[0 2],199.0,17.0,78.0,3.0,109.0,9.0,284.0,22.0,240.0,23.0
1,45,5.0,0.0,2.0,[0 2],240.0,23.0,109.0,9.0,199.0,17.0,349.0,34.0,284.0,22.0
1,46,5.0,0.0,2.0,[0 2],284.0,22.0,199.0,17.0,240.0,23.0,396.0,61.0,349.0,34.0
1,47,5.0,0.0,2.0,[0 2],349.0,34.0,240.0,23.0,284.0,22.0,405.0,66.0,396.0,61.0
1,48,5.0,0.0,2.0,[0 2],396.0,61.0,284.0,22.0,349.0,34.0,359.0,56.0,405.0,66.0
1,49,5.0,0.0,2.0,[0 2],405.0,66.0,349.0,34.0,396.0,61.0,418.0,48.0,359.0,56.0
1,50,5.0,0.0,2.0,[0 2],359.0,56.0,396.0,61.0,405.0,66.0,310.0,67.0,418.0,48.0
1,51,5.0,0.0,2.0,[0 2],418.0,48.0,405.0,66.0,359.0,56.0,219.0,69.0,310.0,67.0
1,52,5.0,0.0,2.0,[0 2],310.0,67.0,359.0,56.0,418.0,48.0,236.0,34.0,219.0,69.0
1,53,5.0,0.0,2.0,[0 2],219.0,69.0,418.0,48.0,310.0,67.0,182.0,41.0,236.0,34.0
1,54,5.0,0.0,2.0,[0 2],236.0,34.0,310.0,67.0,219.0,69.0,127.0,32.0,182.0,41.0
1,55,5.0,0.0,2.0,[0 2],182.0,41.0,219.0,69.0,236.0,34.0,66.0,34.0,127.0,32.0
1,56,5.0,0.0,2.0,[0 2],127.0,32.0,236.0,34.0,182.0,41.0,90.0,37.0,66.0,34.0
1,57,5.0,0.0,2.0,[0 2],66.0,34.0,182.0,41.0,127.0,32.0,65.0,22.0,90.0,37.0
1,58,5.0,0.0,2.0,[0 2],90.0,37.0,127.0,32.0,66.0,34.0,27.0,17.0,65.0,22.0
1,59,5.0,0.0,2.0,[0 2],65.0,22.0,66.0,34.0,90.0,37.0,34.0,27.0,27.0,17.0
1,60,5.0,0.0,2.0,[0 2],27.0,17.0,90.0,37.0,65.0,22.0,37.0,22.0,34.0,27.0
1,61,5.0,0.0,2.0,[0 2],34.0,27.0,65.0,22.0,27.0,17.0,44.0,31.0,37.0,22.0
1,62,5.0,0.0,2.0,[0 2],37.0,22.0,27.0,17.0,34.0,27.0,37.0,23.0,44.0,31.0
1,63,5.0,0.0,2.0,[0 2],44.0,31.0,34.0,27.0,37.0,22.0,43.0,20.0,37.0,23.0
1,64,5.0,0.0,2.0,[0 2],37.0,23.0,37.0,22.0,44.0,31.0,24.0,20.0,43.0,20.0
1,65,5.0,0.0,2.0,[0 2],43.0,20.0,44.0,31.0,37.0,23.0,40.0,27.0,24.0,20.0
1,66,5.0,0.0,2.0,[0 2],24.0,20.0,37.0,23.0,43.0,20.0,40.0,24.0,40.0,27.0
1,67,5.0,0.0,2.0,[0 2],40.0,27.0,43.0,20.0,24.0,20.0,29.0,28.0,40.0,24.0
1,68,5.0,0.0,2.0,[0 2],40.0,24.0,24.0,20.0,40.0,27.0,34.0,42.0,29.0,28.0
1,69,5.0,0.0,2.0,[0 2],29.0,28.0,40.0,27.0,40.0,24.0,35.0,12.0,34.0,42.0
1,70,5.0,0.0,2.0,[0 2],34.0,42.0,40.0,24.0,29.0,28.0,39.0,37.0,35.0,12.0
1,71,5.0,0.0,2.0,[0 2],35.0,12.0,29.0,28.0,34.0,42.0,50.0,26.0,39.0,37.0
1,72,5.0,0.0,2.0,[0 2],39.0,37.0,34.0,42.0,35.0,12.0,43.0,22.0,50.0,26.0
1,73,5.0,0.0,2.0,[0 2],50.0,26.0,35.0,12.0,39.0,37.0,59.0,23.0,43.0,22.0
1,74,5.0,0.0,2.0,[0 2],43.0,22.0,39.0,37.0,50.0,26.0,34.0,23.0,59.0,23.0
1,75,5.0,0.0,2.0,[0 2],59.0,23.0,50.0,26.0,43.0,22.0,48.0,27.0,34.0,23.0
1,76,5.0,0.0,2.0,[0 2],34.0,23.0,43.0,22.0,59.0,23.0,35.0,16.0,48.0,27.0
1,77,5.0,0.0,2.0,[0 2],48.0,27.0,59.0,23.0,34.0,23.0,39.0,21.0,35.0,16.0
1,78,5.0,0.0,2.0,[0 2],35.0,16.0,34.0,23.0,48.0,27.0,31.0,14.0,39.0,21.0
1,79,5.0,0.0,2.0,[0 2],39.0,21.0,48.0,27.0,35.0,16.0,36.0,34.0,31.0,14.0
1,80,5.0,0.0,2.0,[0 2],31.0,14.0,35.0,16.0,39.0,21.0,24.0,25.0,36.0,34.0
1,81,5.0,0.0,2.0,[0 2],36.0,34.0,39.0,21.0,31.0,14.0,24.0,20.0,24.0,25.0
1,82,5.0,0.0,2.0,[0 2],24.0,25.0,31.0,14.0,36.0,34.0,24.0,29.0,24.0,20.0
1,83,5.0,0.0,2.0,[0 2],24.0,20.0,36.0,34.0,24.0,25.0,28.0,25.0,24.0,29.0
1,84,5.0,0.0,2.0,[0 2],24.0,29.0,24.0,25.0,24.0,20.0,26.0,17.0,28.0,25.0
1,85,5.0,0.0,2.0,[0 2],28.0,25.0,24.0,20.0,24.0,29.0,20.0,39.0,26.0,17.0
1,86,5.0,0.0,2.0,[0 2],26.0,17.0,24.0,29.0,28.0,25.0,27.0,30.0,20.0,39.0
1,87,5.0,0.0,2.0,[0 2],20.0,39.0,28.0,25.0,26.0,17.0,25.0,31.0,27.0,30.0
1,88,5.0,0.0,2.0,[0 2],27.0,30.0,26.0,17.0,20.0,39.0,34.0,34.0,25.0,31.0
1,89,5.0,0.0,2.0,[0 2],25.0,31.0,20.0,39.0,27.0,30.0,36.0,34.0,34.0,34.0
1,90,5.0,0.0,2.0,[0 2],34.0,34.0,27.0,30.0,25.0,31.0,27.0,35.0,36.0,34.0
1,91,5.0,0.0,2.0,[0 2],36.0,34.0,25.0,31.0,34.0,34.0,30.0,37.0,27.0,35.0
1,92,5.0,0.0,2.0,[0 2],27.0,35.0,34.0,34.0,36.0,34.0,26.0,50.0,30.0,37.0
1,93,5.0,0.0,2.0,[0 2],30.0,37.0,36.0,34.0,27.0,35.0,21.0,77.0,26.0,50.0
1,94,5.0,0.0,2.0,[0 2],26.0,50.0,27.0,35.0,30.0,37.0,32.0,66.0,21.0,77.0
1,95,5.0,0.0,2.0,[0 2],21.0,77.0,30.0,37.0,26.0,50.0,38.0,48.0,32.0,66.0
1,96,5.0,0.0,2.0,[0 2],32.0,66.0,26.0,50.0,21.0,77.0,47.0,43.0,38.0,48.0
1,97,5.0,0.0,2.0,[0 2],38.0,48.0,21.0,77.0,32.0,66.0,29.0,40.0,47.0,43.0
1,98,5.0,0.0,2.0,[0 2],47.0,43.0,32.0,66.0,38.0,48.0,29.0,44.0,29.0,40.0
1,99,5.0,0.0,2.0,[0 2],29.0,40.0,38.0,48.0,47.0,43.0,41.0,103.0,29.0,44.0
1,100,5.0,0.0,2.0,[0 2],29.0,44.0,47.0,43.0,29.0,40.0,31.0,60.0,41.0,103.0
1,101,5.0,0.0,2.0,[0 2],41.0,103.0,29.0,40.0,29.0,44.0,42.0,73.0,31.0,60.0
1,102,5.0,0.0,2.0,[0 2],31.0,60.0,29.0,44.0,41.0,103.0,47.0,76.0,42.0,73.0
1,103,5.0,0.0,2.0,[0 2],42.0,73.0,41.0,103.0,31.0,60.0,58.0,140.0,47.0,76.0
1,104,5.0,0.0,2.0,[0 2],47.0,76.0,31.0,60.0,42.0,73.0,60.0,139.0,58.0,140.0
1,105,5.0,0.0,2.0,[0 2],58.0,140.0,42.0,73.0,47.0,76.0,73.0,136.0,60.0,139.0
1,106,5.0,0.0,2.0,[0 2],60.0,139.0,47.0,76.0,58.0,140.0,66.0,179.0,73.0,136.0
1,107,5.0,0.0,2.0,[0 2],73.0,136.0,58.0,140.0,60.0,139.0,62.0,145.0,66.0,179.0
1,108,5.0,0.0,2.0,[0 2],66.0,179.0,60.0,139.0,73.0,136.0,52.0,240.0,62.0,145.0
1,109,5.0,0.0,2.0,[0 2],62.0,145.0,73.0,136.0,66.0,179.0,66.0,165.0,52.0,240.0
1,110,5.0,0.0,2.0,[0 2],52.0,240.0,66.0,179.0,62.0,145.0,48.0,286.0,66.0,165.0
1,111,5.0,0.0,2.0,[0 2],66.0,165.0,62.0,145.0,52.0,240.0,39.0,164.0,48.0,286.0
1,112,5.0,0.0,2.0,[0 2],48.0,286.0,52.0,240.0,66.0,165.0,44.0,160.0,39.0,164.0
1,113,5.0,0.0,2.0,[0 2],39.0,164.0,66.0,165.0,48.0,286.0,35.0,157.0,44.0,160.0
1,114,5.0,0.0,2.0,[0 2],44.0,160.0,48.0,286.0,39.0,164.0,38.0,161.0,35.0,157.0
1,115,5.0,0.0,2.0,[0 2],35.0,157.0,39.0,164.0,44.0,160.0,22.0,117.0,38.0,161.0
1,116,5.0,0.0,2.0,[0 2],38.0,161.0,44.0,160.0,35.0,157.0,13.0,130.0,22.0,117.0
1,117,5.0,0.0,2.0,[0 2],22.0,117.0,35.0,157.0,38.0,161.0,30.0,82.0,13.0,130.0
1,118,5.0,0.0,2.0,[0 2],13.0,130.0,38.0,161.0,22.0,117.0,25.0,150.0,30.0,82.0
1,119,5.0,0.0,2.0,[0 2],30.0,82.0,22.0,117.0,13.0,130.0,14.0,102.0,25.0,150.0
1,120,5.0,0.0,2.0,[0 2],25.0,150.0,13.0,130.0,30.0,82.0,14.0,113.0,14.0,102.0
1,121,5.0,0.0,2.0,[0 2],14.0,102.0,30.0,82.0,25.0,150.0,17.0,83.0,14.0,113.0
1,122,5.0,0.0,2.0,[0 2],14.0,113.0,25.0,150.0,14.0,102.0,17.0,105.0,17.0,83.0
1,123,5.0,0.0,2.0,[0 2],17.0,83.0,14.0,102.0,14.0,113.0,17.0,78.0,17.0,105.0
1,124,5.0,0.0,2.0,[0 2],17.0,105.0,14.0,113.0,17.0,83.0,13.0,131.0,17.0,78.0
1,125,5.0,0.0,2.0,[0 2],17.0,78.0,17.0,83.0,17.0,105.0,29.0,97.0,13.0,131.0
1,126,5.0,0.0,2.0,[0 2],13.0,131.0,17.0,105.0,17.0,78.0,10.0,120.0,29.0,97.0
1,127,5.0,0.0,2.0,[0 2],29.0,97.0,17.0,78.0,13.0,131.0,11.0,131.0,10.0,120.0
1,128,5.0,0.0,2.0,[0 2],10.0,120.0,13.0,131.0,29.0,97.0,21.0,85.0,11.0,131.0
1,129,5.0,0.0,2.0,[0 2],11.0,131.0,29.0,97.0,10.0,120.0,14.0,109.0,21.0,85.0
1,130,5.0,0.0,2.0,[0 2],21.0,85.0,10.0,120.0,11.0,131.0,9.0,81.0,14.0,109.0
1,131,5.0,0.0,2.0,[0 2],14.0,109.0,11.0,131.0,21.0,85.0,9.0,85.0,9.0,81.0
1,132,5.0,0.0,2.0,[0 2],9.0,81.0,21.0,85.0,14.0,109.0,11.0,61.0,9.0,85.0
1,133,5.0,0.0,2.0,[0 2],9.0,85.0,14.0,109.0,9.0,81.0,11.0,68.0,11.0,61.0
1,134,5.0,0.0,2.0,[0 2],11.0,61.0,9.0,81.0,9.0,85.0,7.0,49.0,11.0,68.0
1,135,5.0,0.0,2.0,[0 2],11.0,68.0,9.0,85.0,11.0,61.0,0.0,74.0,7.0,49.0
1,136,5.0,0.0,2.0,[0 2],7.0,49.0,11.0,61.0,11.0,68.0,0.0,55.0,0.0,74.0
1,137,5.0,0.0,2.0,[0 2],0.0,74.0,11.0,68.0,7.0,49.0,0.0,21.0,0.0,55.0
1,138,5.0,0.0,2.0,[0 2],0.0,55.0,7.0,49.0,0.0,74.0,0.0,22.0,0.0,21.0
1,139,5.0,0.0,2.0,[0 2],0.0,21.0,0.0,74.0,0.0,55.0,0.0,23.0,0.0,22.0
1,140,5.0,0.0,2.0,[0 2],0.0,22.0,0.0,55.0,0.0,21.0,0.0,7.0,0.0,23.0
1,141,5.0,0.0,2.0,[0 2],0.0,23.0,0.0,21.0,0.0,22.0,0.0,0.0,0.0,7.0
1,142,5.0,0.0,2.0,[0 2],0.0,7.0,0.0,22.0,0.0,23.0,0.0,0.0,0.0,0.0
1,143,5.0,0.0,2.0,[0 2],0.0,0.0,0.0,23.0,0.0,7.0,0.0,0.0,0.0,0.0
2,0,5.0,0.0,2.0,[1 3],0.0,0.0,0.0,0.0,0.0,0.0,0.0,0.0,0.0,0.0
2,1,5.0,0.0,2.0,[1 3],0.0,0.0,0.0,0.0,0.0,0.0,0.0,0.0,0.0,0.0
2,2,5.0,0.0,2.0,[1 3],0.0,0.0,0.0,0.0,0.0,0.0,0.0,0.0,0.0,0.0
2,3,5.0,0.0,2.0,[1 3],0.0,0.0,0.0,0.0,0.0,0.0,0.0,0.0,0.0,0.0
2,4,5.0,0.0,2.0,[1 3],0.0,0.0,0.0,0.0,0.0,0.0,0.0,0.0,0.0,0.0
2,5,5.0,0.0,2.0,[1 3],0.0,0.0,0.0,0.0,0.0,0.0,0.0,0.0,0.0,0.0
2,6,5.0,0.0,2.0,[1 3],0.0,0.0,0.0,0.0,0.0,0.0,0.0,0.0,0.0,0.0
2,7,5.0,0.0,2.0,[1 3],0.0,0.0,0.0,0.0,0.0,0.0,0.0,0.0,0.0,0.0
2,8,5.0,0.0,2.0,[1 3],0.0,0.0,0.0,0.0,0.0,0.0,0.0,0.0,0.0,0.0
2,9,5.0,0.0,2.0,[1 3],0.0,0.0,0.0,0.0,0.0,0.0,0.0,0.0,0.0,0.0
2,10,5.0,0.0,2.0,[1 3],0.0,0.0,0.0,0.0,0.0,0.0,0.0,0.0,0.0,0.0
2,11,5.0,0.0,2.0,[1 3],0.0,0.0,0.0,0.0,0.0,0.0,0.0,0.0,0.0,0.0
2,12,5.0,0.0,2.0,[1 3],0.0,0.0,0.0,0.0,0.0,0.0,0.0,0.0,0.0,0.0
2,13,5.0,0.0,2.0,[1 3],0.0,0.0,0.0,0.0,0.0,0.0,0.0,0.0,0.0,0.0
2,14,5.0,0.0,2.0,[1 3],0.0,0.0,0.0,0.0,0.0,0.0,0.0,0.0,0.0,0.0
2,15,5.0,0.0,2.0,[1 3],0.0,0.0,0.0,0.0,0.0,0.0,0.0,0.0,0.0,0.0
2,16,5.0,0.0,2.0,[1 3],0.0,0.0,0.0,0.0,0.0,0.0,0.0,0.0,0.0,0.0
2,17,5.0,0.0,2.0,[1 3],0.0,0.0,0.0,0.0,0.0,0.0,0.0,0.0,0.0,0.0
2,18,5.0,0.0,2.0,[1 3],0.0,0.0,0.0,0.0,0.0,0.0,0.0,0.0,0.0,0.0
2,19,5.0,0.0,2.0,[1 3],0.0,0.0,0.0,0.0,0.0,0.0,0.0,0.0,0.0,0.0
2,20,5.0,0.0,2.0,[1 3],0.0,0.0,0.0,0.0,0.0,0.0,0.0,0.0,0.0,0.0
2,21,5.0,0.0,2.0,[1 3],0.0,0.0,0.0,0.0,0.0,0.0,0.0,0.0,0.0,0.0
2,22,5.0,0.0,2.0,[1 3],0.0,0.0,0.0,0.0,0.0,0.0,0.0,0.0,0.0,0.0
2,23,5.0,0.0,2.0,[1 3],0.0,0.0,0.0,0.0,0.0,0.0,0.0,0.0,0.0,0.0
2,24,5.0,0.0,2.0,[1 3],0.0,0.0,0.0,0.0,0.0,0.0,0.0,0.0,0.0,0.0
2,25,5.0,0.0,2.0,[1 3],0.0,0.0,0.0,0.0,0.0,0.0,0.0,0.0,0.0,0.0
2,26,5.0,0.0,2.0,[1 3],0.0,0.0,0.0,0.0,0.0,0.0,0.0,0.0,0.0,0.0
2,27,5.0,0.0,2.0,[1 3],0.0,0.0,0.0,0.0,0.0,0.0,0.0,0.0,0.0,0.0
2,28,5.0,0.0,2.0,[1 3],0.0,0.0,0.0,0.0,0.0,0.0,0.0,0.0,0.0,0.0
2,29,5.0,0.0,2.0,[1 3],0.0,0.0,0.0,0.0,0.0,0.0,0.0,0.0,0.0,0.0
2,30,5.0,0.0,2.0,[1 3],0.0,0.0,0.0,0.0,0.0,0.0,1.0,0.0,0.0,0.0
2,31,5.0,0.0,2.0,[1 3],0.0,0.0,0.0,0.0,0.0,0.0,1.0,0.0,1.0,0.0
2,32,5.0,0.0,2.0,[1 3],1.0,0.0,0.0,0.0,0.0,0.0,6.0,0.0,1.0,0.0
2,33,5.0,0.0,2.0,[1 3],1.0,0.0,0.0,0.0,1.0,0.0,14.0,0.0,6.0,0.0
2,34,5.0,0.0,2.0,[1 3],6.0,0.0,1.0,0.0,1.0,0.0,26.0,0.0,14.0,0.0
2,35,5.0,0.0,2.0,[1 3],14.0,0.0,1.0,0.0,6.0,0.0,42.0,1.0,26.0,0.0
2,36,5.0,0.0,2.0,[1 3],26.0,0.0,6.0,0.0,14.0,0.0,57.0,17.0,42.0,1.0
2,37,5.0,0.0,2.0,[1 3],42.0,1.0,14.0,0.0,26.0,0.0,79.0,16.0,57.0,17.0
2,38,5.0,0.0,2.0,[1 3],57.0,17.0,26.0,0.0,42.0,1.0,99.0,19.0,79.0,16.0
2,39,5.0,0.0,2.0,[1 3],79.0,16.0,42.0,1.0,57.0,17.0,121.0,24.0,99.0,19.0
2,40,5.0,0.0,2.0,[1 3],99.0,19.0,57.0,17.0,79.0,16.0,157.0,30.0,121.0,24.0
2,41,5.0,0.0,2.0,[1 3],121.0,24.0,79.0,16.0,99.0,19.0,229.0,58.0,157.0,30.0
2,42,5.0,0.0,2.0,[1 3],157.0,30.0,99.0,19.0,121.0,24.0,299.0,78.0,229.0,58.0
2,43,5.0,0.0,2.0,[1 3],229.0,58.0,121.0,24.0,157.0,30.0,384.0,162.0,299.0,78.0
2,44,5.0,0.0,2.0,[1 3],299.0,78.0,157.0,30.0,229.0,58.0,475.0,237.0,384.0,162.0
2,45,5.0,0.0,2.0,[1 3],384.0,162.0,229.0,58.0,299.0,78.0,501.0,360.0,475.0,237.0
2,46,5.0,0.0,2.0,[1 3],475.0,237.0,299.0,78.0,384.0,162.0,549.0,512.0,501.0,360.0
2,47,5.0,0.0,2.0,[1 3],501.0,360.0,384.0,162.0,475.0,237.0,516.0,718.0,549.0,512.0
2,48,5.0,0.0,2.0,[1 3],549.0,512.0,475.0,237.0,501.0,360.0,568.0,784.0,516.0,718.0
2,49,5.0,0.0,2.0,[1 3],516.0,718.0,501.0,360.0,549.0,512.0,534.0,570.0,568.0,784.0
2,50,5.0,0.0,2.0,[1 3],568.0,784.0,549.0,512.0,516.0,718.0,517.0,1043.0,534.0,570.0
2,51,5.0,0.0,2.0,[1 3],534.0,570.0,516.0,718.0,568.0,784.0,328.0,766.0,517.0,1043.0
2,52,5.0,0.0,2.0,[1 3],517.0,1043.0,568.0,784.0,534.0,570.0,363.0,483.0,328.0,766.0
2,53,5.0,0.0,2.0,[1 3],328.0,766.0,534.0,570.0,517.0,1043.0,308.0,400.0,363.0,483.0
2,54,5.0,0.0,2.0,[1 3],363.0,483.0,517.0,1043.0,328.0,766.0,209.0,282.0,308.0,400.0
2,55,5.0,0.0,2.0,[1 3],308.0,400.0,328.0,766.0,363.0,483.0,190.0,238.0,209.0,282.0
2,56,5.0,0.0,2.0,[1 3],209.0,282.0,363.0,483.0,308.0,400.0,145.0,199.0,190.0,238.0
2,57,5.0,0.0,2.0,[1 3],190.0,238.0,308.0,400.0,209.0,282.0,119.0,116.0,145.0,199.0
2,58,5.0,0.0,2.0,[1 3],145.0,199.0,209.0,282.0,190.0,238.0,98.0,126.0,119.0,116.0
2,59,5.0,0.0,2.0,[1 3],119.0,116.0,190.0,238.0,145.0,199.0,76.0,133.0,98.0,126.0
2,60,5.0,0.0,2.0,[1 3],98.0,126.0,145.0,199.0,119.0,116.0,81.0,134.0,76.0,133.0
2,61,5.0,0.0,2.0,[1 3],76.0,133.0,119.0,116.0,98.0,126.0,76.0,67.0,81.0,134.0
2,62,5.0,0.0,2.0,[1 3],81.0,134.0,98.0,126.0,76.0,133.0,78.0,92.0,76.0,67.0
2,63,5.0,0.0,2.0,[1 3],76.0,67.0,76.0,133.0,81.0,134.0,77.0,70.0,78.0,92.0
2,64,5.0,0.0,2.0,[1 3],78.0,92.0,81.0,134.0,76.0,67.0,78.0,97.0,77.0,70.0
2,65,5.0,0.0,2.0,[1 3],77.0,70.0,76.0,67.0,78.0,92.0,65.0,73.0,78.0,97.0
2,66,5.0,0.0,2.0,[1 3],78.0,97.0,78.0,92.0,77.0,70.0,62.0,75.0,65.0,73.0
2,67,5.0,0.0,2.0,[1 3],65.0,73.0,77.0,70.0,78.0,97.0,68.0,75.0,62.0,75.0
2,68,5.0,0.0,2.0,[1 3],62.0,75.0,78.0,97.0,65.0,73.0,54.0,75.0,68.0,75.0
2,69,5.0,0.0,2.0,[1 3],68.0,75.0,65.0,73.0,62.0,75.0,76.0,78.0,54.0,75.0
2,70,5.0,0.0,2.0,[1 3],54.0,75.0,62.0,75.0,68.0,75.0,88.0,87.0,76.0,78.0
2,71,5.0,0.0,2.0,[1 3],76.0,78.0,68.0,75.0,54.0,75.0,83.0,83.0,88.0,87.0
2,72,5.0,0.0,2.0,[1 3],88.0,87.0,54.0,75.0,76.0,78.0,93.0,68.0,83.0,83.0
2,73,5.0,0.0,2.0,[1 3],83.0,83.0,76.0,78.0,88.0,87.0,130.0,117.0,93.0,68.0
2,74,5.0,0.0,2.0,[1 3],93.0,68.0,88.0,87.0,83.0,83.0,111.0,83.0,130.0,117.0
2,75,5.0,0.0,2.0,[1 3],130.0,117.0,83.0,83.0,93.0,68.0,108.0,85.0,111.0,83.0
2,76,5.0,0.0,2.0,[1 3],111.0,83.0,93.0,68.0,130.0,117.0,97.0,80.0,108.0,85.0
2,77,5.0,0.0,2.0,[1 3],108.0,85.0,130.0,117.0,111.0,83.0,82.0,95.0,97.0,80.0
2,78,5.0,0.0,2.0,[1 3],97.0,80.0,111.0,83.0,108.0,85.0,111.0,108.0,82.0,95.0
2,79,5.0,0.0,2.0,[1 3],82.0,95.0,108.0,85.0,97.0,80.0,89.0,88.0,111.0,108.0
2,80,5.0,0.0,2.0,[1 3],111.0,108.0,97.0,80.0,82.0,95.0,69.0,86.0,89.0,88.0
2,81,5.0,0.0,2.0,[1 3],89.0,88.0,82.0,95.0,111.0,108.0,90.0,80.0,69.0,86.0
2,82,5.0,0.0,2.0,[1 3],69.0,86.0,111.0,108.0,89.0,88.0,103.0,99.0,90.0,80.0
2,83,5.0,0.0,2.0,[1 3],90.0,80.0,89.0,88.0,69.0,86.0,66.0,79.0,103.0,99.0
2,84,5.0,0.0,2.0,[1 3],103.0,99.0,69.0,86.0,90.0,80.0,86.0,75.0,66.0,79.0
2,85,5.0,0.0,2.0,[1 3],66.0,79.0,90.0,80.0,103.0,99.0,88.0,96.0,86.0,75.0
2,86,5.0,0.0,2.0,[1 3],86.0,75.0,103.0,99.0,66.0,79.0,84.0,70.0,88.0,96.0
2,87,5.0,0.0,2.0,[1 3],88.0,96.0,66.0,79.0,86.0,75.0,100.0,108.0,84.0,70.0
2,88,5.0,0.0,2.0,[1 3],84.0,70.0,86.0,75.0,88.0,96.0,118.0,83.0,100.0,108.0
2,89,5.0,0.0,2.0,[1 3],100.0,108.0,88.0,96.0,84.0,70.0,116.0,105.0,118.0,83.0
2,90,5.0,0.0,2.0,[1 3],118.0,83.0,84.0,70.0,100.0,108.0,124.0,102.0,116.0,105.0
2,91,5.0,0.0,2.0,[1 3],116.0,105.0,100.0,108.0,118.0,83.0,146.0,99.0,124.0,102.0
2,92,5.0,0.0,2.0,[1 3],124.0,102.0,118.0,83.0,116.0,105.0,163.0,127.0,146.0,99.0
2,93,5.0,0.0,2.0,[1 3],146.0,99.0,116.0,105.0,124.0,102.0,117.0,122.0,163.0,127.0
2,94,5.0,0.0,2.0,[1 3],163.0,127.0,124.0,102.0,146.0,99.0,146.0,108.0,117.0,122.0
2,95,5.0,0.0,2.0,[1 3],117.0,122.0,146.0,99.0,163.0,127.0,171.0,122.0,146.0,108.0
2,96,5.0,0.0,2.0,[1 3],146.0,108.0,163.0,127.0,117.0,122.0,123.0,121.0,171.0,122.0
2,97,5.0,0.0,2.0,[1 3],171.0,122.0,117.0,122.0,146.0,108.0,137.0,163.0,123.0,121.0
2,98,5.0,0.0,2.0,[1 3],123.0,121.0,146.0,108.0,171.0,122.0,169.0,128.0,137.0,163.0
2,99,5.0,0.0,2.0,[1 3],137.0,163.0,171.0,122.0,123.0,121.0,129.0,143.0,169.0,128.0
2,100,5.0,0.0,2.0,[1 3],169.0,128.0,123.0,121.0,137.0,163.0,176.0,166.0,129.0,143.0
2,101,5.0,0.0,2.0,[1 3],129.0,143.0,137.0,163.0,169.0,128.0,265.0,180.0,176.0,166.0
2,102,5.0,0.0,2.0,[1 3],176.0,166.0,169.0,128.0,129.0,143.0,373.0,285.0,265.0,180.0
2,103,5.0,0.0,2.0,[1 3],265.0,180.0,129.0,143.0,176.0,166.0,301.0,301.0,373.0,285.0
2,104,5.0,0.0,2.0,[1 3],373.0,285.0,176.0,166.0,265.0,180.0,396.0,261.0,301.0,301.0
2,105,5.0,0.0,2.0,[1 3],301.0,301.0,265.0,180.0,373.0,285.0,538.0,312.0,396.0,261.0
2,106,5.0,0.0,2.0,[1 3],396.0,261.0,373.0,285.0,301.0,301.0,475.0,359.0,538.0,312.0
2,107,5.0,0.0,2.0,[1 3],538.0,312.0,301.0,301.0,396.0,261.0,534.0,405.0,475.0,359.0
2,108,5.0,0.0,2.0,[1 3],475.0,359.0,396.0,261.0,538.0,312.0,625.0,339.0,534.0,405.0
2,109,5.0,0.0,2.0,[1 3],534.0,405.0,538.0,312.0,475.0,359.0,604.0,276.0,625.0,339.0
2,110,5.0,0.0,2.0,[1 3],625.0,339.0,475.0,359.0,534.0,405.0,451.0,420.0,604.0,276.0
2,111,5.0,0.0,2.0,[1 3],604.0,276.0,534.0,405.0,625.0,339.0,423.0,320.0,451.0,420.0
2,112,5.0,0.0,2.0,[1 3],451.0,420.0,625.0,339.0,604.0,276.0,341.0,255.0,423.0,320.0
2,113,5.0,0.0,2.0,[1 3],423.0,320.0,604.0,276.0,451.0,420.0,344.0,274.0,341.0,255.0
2,114,5.0,0.0,2.0,[1 3],341.0,255.0,451.0,420.0,423.0,320.0,248.0,222.0,344.0,274.0
2,115,5.0,0.0,2.0,[1 3],344.0,274.0,423.0,320.0,341.0,255.0,220.0,262.0,248.0,222.0
2,116,5.0,0.0,2.0,[1 3],248.0,222.0,341.0,255.0,344.0,274.0,178.0,179.0,220.0,262.0
2,117,5.0,0.0,2.0,[1 3],220.0,262.0,344.0,274.0,248.0,222.0,164.0,254.0,178.0,179.0
2,118,5.0,0.0,2.0,[1 3],178.0,179.0,248.0,222.0,220.0,262.0,131.0,164.0,164.0,254.0
2,119,5.0,0.0,2.0,[1 3],164.0,254.0,220.0,262.0,178.0,179.0,159.0,188.0,131.0,164.0
2,120,5.0,0.0,2.0,[1 3],131.0,164.0,178.0,179.0,164.0,254.0,119.0,136.0,159.0,188.0
2,121,5.0,0.0,2.0,[1 3],159.0,188.0,164.0,254.0,131.0,164.0,128.0,190.0,119.0,136.0
2,122,5.0,0.0,2.0,[1 3],119.0,136.0,131.0,164.0,159.0,188.0,130.0,242.0,128.0,190.0
2,123,5.0,0.0,2.0,[1 3],128.0,190.0,159.0,188.0,119.0,136.0,117.0,183.0,130.0,242.0
2,124,5.0,0.0,2.0,[1 3],130.0,242.0,119.0,136.0,128.0,190.0,121.0,171.0,117.0,183.0
2,125,5.0,0.0,2.0,[1 3],117.0,183.0,128.0,190.0,130.0,242.0,131.0,158.0,121.0,171.0
2,126,5.0,0.0,2.0,[1 3],121.0,171.0,130.0,242.0,117.0,183.0,121.0,168.0,131.0,158.0
2,127,5.0,0.0,2.0,[1 3],131.0,158.0,117.0,183.0,121.0,171.0,108.0,244.0,121.0,168.0
2,128,5.0,0.0,2.0,[1 3],121.0,168.0,121.0,171.0,131.0,158.0,87.0,162.0,108.0,244.0
2,129,5.0,0.0,2.0,[1 3],108.0,244.0,131.0,158.0,121.0,168.0,54.0,128.0,87.0,162.0
2,130,5.0,0.0,2.0,[1 3],87.0,162.0,121.0,168.0,108.0,244.0,53.0,106.0,54.0,128.0
2,131,5.0,0.0,2.0,[1 3],54.0,128.0,108.0,244.0,87.0,162.0,43.0,153.0,53.0,106.0
2,132,5.0,0.0,2.0,[1 3],53.0,106.0,87.0,162.0,54.0,128.0,63.0,138.0,43.0,153.0
2,133,5.0,0.0,2.0,[1 3],43.0,153.0,54.0,128.0,53.0,106.0,48.0,104.0,63.0,138.0
2,134,5.0,0.0,2.0,[1 3],63.0,138.0,53.0,106.0,43.0,153.0,44.0,128.0,48.0,104.0
2,135,5.0,0.0,2.0,[1 3],48.0,104.0,43.0,153.0,63.0,138.0,10.0,72.0,44.0,128.0
2,136,5.0,0.0,2.0,[1 3],44.0,128.0,63.0,138.0,48.0,104.0,1.0,105.0,10.0,72.0
2,137,5.0,0.0,2.0,[1 3],10.0,72.0,48.0,104.0,44.0,128.0,3.0,50.0,1.0,105.0
2,138,5.0,0.0,2.0,[1 3],1.0,105.0,44.0,128.0,10.0,72.0,1.0,38.0,3.0,50.0
2,139,5.0,0.0,2.0,[1 3],3.0,50.0,10.0,72.0,1.0,105.0,0.0,22.0,1.0,38.0
2,140,5.0,0.0,2.0,[1 3],1.0,38.0,1.0,105.0,3.0,50.0,0.0,13.0,0.0,22.0
2,141,5.0,0.0,2.0,[1 3],0.0,22.0,3.0,50.0,1.0,38.0,0.0,0.0,0.0,13.0
2,142,5.0,0.0,2.0,[1 3],0.0,13.0,1.0,38.0,0.0,22.0,0.0,0.0,0.0,0.0
2,143,5.0,0.0,2.0,[1 3],0.0,0.0,0.0,22.0,0.0,13.0,0.0,0.0,0.0,0.0
3,0,5.0,0.0,2.0,[2 4],1.0,0.0,0.0,0.0,0.0,0.0,1.0,0.0,0.0,0.0
3,1,5.0,0.0,2.0,[2 4],0.0,0.0,0.0,0.0,1.0,0.0,0.0,0.0,1.0,0.0
3,2,5.0,0.0,2.0,[2 4],1.0,0.0,1.0,0.0,0.0,0.0,0.0,0.0,0.0,0.0
3,3,5.0,0.0,2.0,[2 4],0.0,0.0,0.0,0.0,1.0,0.0,0.0,0.0,0.0,0.0
3,4,5.0,0.0,2.0,[2 4],0.0,0.0,1.0,0.0,0.0,0.0,0.0,0.0,0.0,0.0
3,5,5.0,0.0,2.0,[2 4],0.0,0.0,0.0,0.0,0.0,0.0,0.0,0.0,0.0,0.0
3,6,5.0,0.0,2.0,[2 4],0.0,0.0,0.0,0.0,0.0,0.0,0.0,0.0,0.0,0.0
3,7,5.0,0.0,2.0,[2 4],0.0,0.0,0.0,0.0,0.0,0.0,0.0,0.0,0.0,0.0
3,8,5.0,0.0,2.0,[2 4],0.0,0.0,0.0,0.0,0.0,0.0,0.0,0.0,0.0,0.0
3,9,5.0,0.0,2.0,[2 4],0.0,0.0,0.0,0.0,0.0,0.0,0.0,1.0,0.0,0.0
3,10,5.0,0.0,2.0,[2 4],0.0,0.0,0.0,0.0,0.0,0.0,0.0,0.0,0.0,1.0
3,11,5.0,0.0,2.0,[2 4],0.0,1.0,0.0,0.0,0.0,0.0,0.0,1.0,0.0,0.0
3,12,5.0,0.0,2.0,[2 4],0.0,0.0,0.0,0.0,0.0,1.0,0.0,0.0,0.0,1.0
3,13,5.0,0.0,2.0,[2 4],0.0,1.0,0.0,1.0,0.0,0.0,0.0,0.0,0.0,0.0
3,14,5.0,0.0,2.0,[2 4],0.0,0.0,0.0,0.0,0.0,1.0,0.0,0.0,0.0,0.0
3,15,5.0,0.0,2.0,[2 4],0.0,0.0,0.0,1.0,0.0,0.0,0.0,0.0,0.0,0.0
3,16,5.0,0.0,2.0,[2 4],0.0,0.0,0.0,0.0,0.0,0.0,0.0,0.0,0.0,0.0
3,17,5.0,0.0,2.0,[2 4],0.0,0.0,0.0,0.0,0.0,0.0,0.0,0.0,0.0,0.0
3,18,5.0,0.0,2.0,[2 4],0.0,0.0,0.0,0.0,0.0,0.0,0.0,0.0,0.0,0.0
3,19,5.0,0.0,2.0,[2 4],0.0,0.0,0.0,0.0,0.0,0.0,0.0,0.0,0.0,0.0
3,20,5.0,0.0,2.0,[2 4],0.0,0.0,0.0,0.0,0.0,0.0,0.0,0.0,0.0,0.0
3,21,5.0,0.0,2.0,[2 4],0.0,0.0,0.0,0.0,0.0,0.0,0.0,0.0,0.0,0.0
3,22,5.0,0.0,2.0,[2 4],0.0,0.0,0.0,0.0,0.0,0.0,0.0,0.0,0.0,0.0
3,23,5.0,0.0,2.0,[2 4],0.0,0.0,0.0,0.0,0.0,0.0,0.0,0.0,0.0,0.0
3,24,5.0,0.0,2.0,[2 4],0.0,0.0,0.0,0.0,0.0,0.0,0.0,0.0,0.0,0.0
3,25,5.0,0.0,2.0,[2 4],0.0,0.0,0.0,0.0,0.0,0.0,0.0,0.0,0.0,0.0
3,26,5.0,0.0,2.0,[2 4],0.0,0.0,0.0,0.0,0.0,0.0,0.0,0.0,0.0,0.0
3,27,5.0,0.0,2.0,[2 4],0.0,0.0,0.0,0.0,0.0,0.0,0.0,0.0,0.0,0.0
3,28,5.0,0.0,2.0,[2 4],0.0,0.0,0.0,0.0,0.0,0.0,0.0,0.0,0.0,0.0
3,29,5.0,0.0,2.0,[2 4],0.0,0.0,0.0,0.0,0.0,0.0,0.0,0.0,0.0,0.0
3,30,5.0,0.0,2.0,[2 4],0.0,0.0,0.0,0.0,0.0,0.0,0.0,0.0,0.0,0.0
3,31,5.0,0.0,2.0,[2 4],0.0,0.0,0.0,0.0,0.0,0.0,0.0,0.0,0.0,0.0
3,32,5.0,0.0,2.0,[2 4],0.0,0.0,0.0,0.0,0.0,0.0,3.0,0.0,0.0,0.0
3,33,5.0,0.0,2.0,[2 4],0.0,0.0,0.0,0.0,0.0,0.0,8.0,0.0,3.0,0.0
3,34,5.0,0.0,2.0,[2 4],3.0,0.0,0.0,0.0,0.0,0.0,22.0,1.0,8.0,0.0
3,35,5.0,0.0,2.0,[2 4],8.0,0.0,0.0,0.0,3.0,0.0,38.0,0.0,22.0,1.0
3,36,5.0,0.0,2.0,[2 4],22.0,1.0,3.0,0.0,8.0,0.0,46.0,9.0,38.0,0.0
3,37,5.0,0.0,2.0,[2 4],38.0,0.0,8.0,0.0,22.0,1.0,77.0,20.0,46.0,9.0
3,38,5.0,0.0,2.0,[2 4],46.0,9.0,22.0,1.0,38.0,0.0,89.0,17.0,77.0,20.0
3,39,5.0,0.0,2.0,[2 4],77.0,20.0,38.0,0.0,46.0,9.0,136.0,60.0,89.0,17.0
3,40,5.0,0.0,2.0,[2 4],89.0,17.0,46.0,9.0,77.0,20.0,147.0,86.0,136.0,60.0
3,41,5.0,0.0,2.0,[2 4],136.0,60.0,77.0,20.0,89.0,17.0,219.0,91.0,147.0,86.0
3,42,5.0,0.0,2.0,[2 4],147.0,86.0,89.0,17.0,136.0,60.0,294.0,80.0,219.0,91.0
3,43,5.0,0.0,2.0,[2 4],219.0,91.0,136.0,60.0,147.0,86.0,375.0,59.0,294.0,80.0
3,44,5.0,0.0,2.0,[2 4],294.0,80.0,147.0,86.0,219.0,91.0,517.0,76.0,375.0,59.0
3,45,5.0,0.0,2.0,[2 4],375.0,59.0,219.0,91.0,294.0,80.0,568.0,147.0,517.0,76.0
3,46,5.0,0.0,2.0,[2 4],517.0,76.0,294.0,80.0,375.0,59.0,616.0,106.0,568.0,147.0
3,47,5.0,0.0,2.0,[2 4],568.0,147.0,375.0,59.0,517.0,76.0,548.0,180.0,616.0,106.0
3,48,5.0,0.0,2.0,[2 4],616.0,106.0,517.0,76.0,568.0,147.0,601.0,147.0,548.0,180.0
3,49,5.0,0.0,2.0,[2 4],548.0,180.0,568.0,147.0,616.0,106.0,574.0,274.0,601.0,147.0
3,50,5.0,0.0,2.0,[2 4],601.0,147.0,616.0,106.0,548.0,180.0,492.0,293.0,574.0,274.0
3,51,5.0,0.0,2.0,[2 4],574.0,274.0,548.0,180.0,601.0,147.0,376.0,271.0,492.0,293.0
3,52,5.0,0.0,2.0,[2 4],492.0,293.0,601.0,147.0,574.0,274.0,281.0,196.0,376.0,271.0
3,53,5.0,0.0,2.0,[2 4],376.0,271.0,574.0,274.0,492.0,293.0,256.0,148.0,281.0,196.0
3,54,5.0,0.0,2.0,[2 4],281.0,196.0,492.0,293.0,376.0,271.0,219.0,126.0,256.0,148.0
3,55,5.0,0.0,2.0,[2 4],256.0,148.0,376.0,271.0,281.0,196.0,150.0,72.0,219.0,126.0
3,56,5.0,0.0,2.0,[2 4],219.0,126.0,281.0,196.0,256.0,148.0,107.0,83.0,150.0,72.0
3,57,5.0,0.0,2.0,[2 4],150.0,72.0,256.0,148.0,219.0,126.0,100.0,103.0,107.0,83.0
3,58,5.0,0.0,2.0,[2 4],107.0,83.0,219.0,126.0,150.0,72.0,69.0,62.0,100.0,103.0
3,59,5.0,0.0,2.0,[2 4],100.0,103.0,150.0,72.0,107.0,83.0,72.0,61.0,69.0,62.0
3,60,5.0,0.0,2.0,[2 4],69.0,62.0,107.0,83.0,100.0,103.0,62.0,50.0,72.0,61.0
3,61,5.0,0.0,2.0,[2 4],72.0,61.0,100.0,103.0,69.0,62.0,67.0,59.0,62.0,50.0
3,62,5.0,0.0,2.0,[2 4],62.0,50.0,69.0,62.0,72.0,61.0,59.0,54.0,67.0,59.0
3,63,5.0,0.0,2.0,[2 4],67.0,59.0,72.0,61.0,62.0,50.0,53.0,49.0,59.0,54.0
3,64,5.0,0.0,2.0,[2 4],59.0,54.0,62.0,50.0,67.0,59.0,75.0,39.0,53.0,49.0
3,65,5.0,0.0,2.0,[2 4],53.0,49.0,67.0,59.0,59.0,54.0,47.0,52.0,75.0,39.0
3,66,5.0,0.0,2.0,[2 4],75.0,39.0,59.0,54.0,53.0,49.0,38.0,66.0,47.0,52.0
3,67,5.0,0.0,2.0,[2 4],47.0,52.0,53.0,49.0,75.0,39.0,56.0,42.0,38.0,66.0
3,68,5.0,0.0,2.0,[2 4],38.0,66.0,75.0,39.0,47.0,52.0,57.0,75.0,56.0,42.0
3,69,5.0,0.0,2.0,[2 4],56.0,42.0,47.0,52.0,38.0,66.0,57.0,73.0,57.0,75.0
3,70,5.0,0.0,2.0,[2 4],57.0,75.0,38.0,66.0,56.0,42.0,61.0,71.0,57.0,73.0
3,71,5.0,0.0,2.0,[2 4],57.0,73.0,56.0,42.0,57.0,75.0,56.0,50.0,61.0,71.0
3,72,5.0,0.0,2.0,[2 4],61.0,71.0,57.0,75.0,57.0,73.0,69.0,64.0,56.0,50.0
3,73,5.0,0.0,2.0,[2 4],56.0,50.0,57.0,73.0,61.0,71.0,58.0,62.0,69.0,64.0
3,74,5.0,0.0,2.0,[2 4],69.0,64.0,61.0,71.0,56.0,50.0,74.0,80.0,58.0,62.0
3,75,5.0,0.0,2.0,[2 4],58.0,62.0,56.0,50.0,69.0,64.0,56.0,55.0,74.0,80.0
3,76,5.0,0.0,2.0,[2 4],74.0,80.0,69.0,64.0,58.0,62.0,64.0,60.0,56.0,55.0
3,77,5.0,0.0,2.0,[2 4],56.0,55.0,58.0,62.0,74.0,80.0,67.0,56.0,64.0,60.0
3,78,5.0,0.0,2.0,[2 4],64.0,60.0,74.0,80.0,56.0,55.0,60.0,58.0,67.0,56.0
3,79,5.0,0.0,2.0,[2 4],67.0,56.0,56.0,55.0,64.0,60.0,52.0,80.0,60.0,58.0
3,80,5.0,0.0,2.0,[2 4],60.0,58.0,64.0,60.0,67.0,56.0,54.0,58.0,52.0,80.0
3,81,5.0,0.0,2.0,[2 4],52.0,80.0,67.0,56.0,60.0,58.0,56.0,50.0,54.0,58.0
3,82,5.0,0.0,2.0,[2 4],54.0,58.0,60.0,58.0,52.0,80.0,54.0,51.0,56.0,50.0
3,83,5.0,0.0,2.0,[2 4],56.0,50.0,52.0,80.0,54.0,58.0,46.0,66.0,54.0,51.0
3,84,5.0,0.0,2.0,[2 4],54.0,51.0,54.0,58.0,56.0,50.0,66.0,107.0,46.0,66.0
3,85,5.0,0.0,2.0,[2 4],46.0,66.0,56.0,50.0,54.0,51.0,64.0,61.0,66.0,107.0
3,86,5.0,0.0,2.0,[2 4],66.0,107.0,54.0,51.0,46.0,66.0,47.0,71.0,64.0,61.0
3,87,5.0,0.0,2.0,[2 4],64.0,61.0,46.0,66.0,66.0,107.0,46.0,70.0,47.0,71.0
3,88,5.0,0.0,2.0,[2 4],47.0,71.0,66.0,107.0,64.0,61.0,66.0,95.0,46.0,70.0
3,89,5.0,0.0,2.0,[2 4],46.0,70.0,64.0,61.0,47.0,71.0,66.0,79.0,66.0,95.0
3,90,5.0,0.0,2.0,[2 4],66.0,95.0,47.0,71.0,46.0,70.0,170.0,79.0,66.0,79.0
3,91,5.0,0.0,2.0,[2 4],66.0,79.0,46.0,70.0,66.0,95.0,201.0,115.0,170.0,79.0
3,92,5.0,0.0,2.0,[2 4],170.0,79.0,66.0,95.0,66.0,79.0,187.0,87.0,201.0,115.0
3,93,5.0,0.0,2.0,[2 4],201.0,115.0,66.0,79.0,170.0,79.0,271.0,132.0,187.0,87.0
3,94,5.0,0.0,2.0,[2 4],187.0,87.0,170.0,79.0,201.0,115.0,113.0,120.0,271.0,132.0
3,95,5.0,0.0,2.0,[2 4],271.0,132.0,201.0,115.0,187.0,87.0,129.0,107.0,113.0,120.0
3,96,5.0,0.0,2.0,[2 4],113.0,120.0,187.0,87.0,271.0,132.0,88.0,119.0,129.0,107.0
3,97,5.0,0.0,2.0,[2 4],129.0,107.0,271.0,132.0,113.0,120.0,87.0,87.0,88.0,119.0
3,98,5.0,0.0,2.0,[2 4],88.0,119.0,113.0,120.0,129.0,107.0,85.0,111.0,87.0,87.0
3,99,5.0,0.0,2.0,[2 4],87.0,87.0,129.0,107.0,88.0,119.0,152.0,148.0,85.0,111.0
3,100,5.0,0.0,2.0,[2 4],85.0,111.0,88.0,119.0,87.0,87.0,159.0,146.0,152.0,148.0
3,101,5.0,0.0,2.0,[2 4],152.0,148.0,87.0,87.0,85.0,111.0,132.0,164.0,159.0,146.0
3,102,5.0,0.0,2.0,[2 4],159.0,146.0,85.0,111.0,152.0,148.0,145.0,277.0,132.0,164.0
3,103,5.0,0.0,2.0,[2 4],132.0,164.0,152.0,148.0,159.0,146.0,144.0,247.0,145.0,277.0
3,104,5.0,0.0,2.0,[2 4],145.0,277.0,159.0,146.0,132.0,164.0,155.0,321.0,144.0,247.0
3,105,5.0,0.0,2.0,[2 4],144.0,247.0,132.0,164.0,145.0,277.0,163.0,357.0,155.0,321.0
3,106,5.0,0.0,2.0,[2 4],155.0,321.0,145.0,277.0,144.0,247.0,144.0,318.0,163.0,357.0
3,107,5.0,0.0,2.0,[2 4],163.0,357.0,144.0,247.0,155.0,321.0,165.0,440.0,144.0,318.0
3,108,5.0,0.0,2.0,[2 4],144.0,318.0,155.0,321.0,163.0,357.0,246.0,309.0,165.0,440.0
3,109,5.0,0.0,2.0,[2 4],165.0,440.0,163.0,357.0,144.0,318.0,228.0,412.0,246.0,309.0
3,110,5.0,0.0,2.0,[2 4],246.0,309.0,144.0,318.0,165.0,440.0,135.0,260.0,228.0,412.0
3,111,5.0,0.0,2.0,[2 4],228.0,412.0,165.0,440.0,246.0,309.0,243.0,324.0,135.0,260.0
3,112,5.0,0.0,2.0,[2 4],135.0,260.0,246.0,309.0,228.0,412.0,154.0,325.0,243.0,324.0
3,113,5.0,0.0,2.0,[2 4],243.0,324.0,228.0,412.0,135.0,260.0,110.0,222.0,154.0,325.0
3,114,5.0,0.0,2.0,[2 4],154.0,325.0,135.0,260.0,243.0,324.0,208.0,221.0,110.0,222.0
3,115,5.0,0.0,2.0,[2 4],110.0,222.0,243.0,324.0,154.0,325.0,140.0,136.0,208.0,221.0
3,116,5.0,0.0,2.0,[2 4],208.0,221.0,154.0,325.0,110.0,222.0,142.0,228.0,140.0,136.0
3,117,5.0,0.0,2.0,[2 4],140.0,136.0,110.0,222.0,208.0,221.0,150.0,147.0,142.0,228.0
3,118,5.0,0.0,2.0,[2 4],142.0,228.0,208.0,221.0,140.0,136.0,97.0,233.0,150.0,147.0
3,119,5.0,0.0,2.0,[2 4],150.0,147.0,140.0,136.0,142.0,228.0,115.0,169.0,97.0,233.0
3,120,5.0,0.0,2.0,[2 4],97.0,233.0,142.0,228.0,150.0,147.0,116.0,174.0,115.0,169.0
3,121,5.0,0.0,2.0,[2 4],115.0,169.0,150.0,147.0,97.0,233.0,108.0,144.0,116.0,174.0
3,122,5.0,0.0,2.0,[2 4],116.0,174.0,97.0,233.0,115.0,169.0,109.0,148.0,108.0,144.0
3,123,5.0,0.0,2.0,[2 4],108.0,144.0,115.0,169.0,116.0,174.0,104.0,160.0,109.0,148.0
3,124,5.0,0.0,2.0,[2 4],109.0,148.0,116.0,174.0,108.0,144.0,93.0,189.0,104.0,160.0
3,125,5.0,0.0,2.0,[2 4],104.0,160.0,108.0,144.0,109.0,148.0,73.0,163.0,93.0,189.0
3,126,5.0,0.0,2.0,[2 4],93.0,189.0,109.0,148.0,104.0,160.0,73.0,163.0,73.0,163.0
3,127,5.0,0.0,2.0,[2 4],73.0,163.0,104.0,160.0,93.0,189.0,73.0,124.0,73.0,163.0
3,128,5.0,0.0,2.0,[2 4],73.0,163.0,93.0,189.0,73.0,163.0,94.0,189.0,73.0,124.0
3,129,5.0,0.0,2.0,[2 4],73.0,124.0,73.0,163.0,73.0,163.0,52.0,154.0,94.0,189.0
3,130,5.0,0.0,2.0,[2 4],94.0,189.0,73.0,163.0,73.0,124.0,40.0,129.0,52.0,154.0
3,131,5.0,0.0,2.0,[2 4],52.0,154.0,73.0,124.0,94.0,189.0,50.0,102.0,40.0,129.0
3,132,5.0,0.0,2.0,[2 4],40.0,129.0,94.0,189.0,52.0,154.0,54.0,109.0,50.0,102.0
3,133,5.0,0.0,2.0,[2 4],50.0,102.0,52.0,154.0,40.0,129.0,49.0,87.0,54.0,109.0
3,134,5.0,0.0,2.0,[2 4],54.0,109.0,40.0,129.0,50.0,102.0,24.0,105.0,49.0,87.0
3,135,5.0,0.0,2.0,[2 4],49.0,87.0,50.0,102.0,54.0,109.0,20.0,121.0,24.0,105.0
3,136,5.0,0.0,2.0,[2 4],24.0,105.0,54.0,109.0,49.0,87.0,4.0,52.0,20.0,121.0
3,137,5.0,0.0,2.0,[2 4],20.0,121.0,49.0,87.0,24.0,105.0,1.0,30.0,4.0,52.0
3,138,5.0,0.0,2.0,[2 4],4.0,52.0,24.0,105.0,20.0,121.0,1.0,46.0,1.0,30.0
3,139,5.0,0.0,2.0,[2 4],1.0,30.0,20.0,121.0,4.0,52.0,1.0,14.0,1.0,46.0
3,140,5.0,0.0,2.0,[2 4],1.0,46.0,4.0,52.0,1.0,30.0,0.0,3.0,1.0,14.0
3,141,5.0,0.0,2.0,[2 4],1.0,14.0,1.0,30.0,1.0,46.0,0.0,0.0,0.0,3.0
3,142,5.0,0.0,2.0,[2 4],0.0,3.0,1.0,46.0,1.0,14.0,0.0,0.0,0.0,0.0
3,143,5.0,0.0,2.0,[2 4],0.0,0.0,1.0,14.0,0.0,3.0,0.0,0.0,0.0,0.0
4,0,5.0,0.0,2.0,[3 5],0.0,0.0,0.0,0.0,0.0,0.0,0.0,1.0,1.0,0.0
4,1,5.0,0.0,2.0,[3 5],1.0,0.0,0.0,0.0,0.0,0.0,0.0,0.0,0.0,1.0
4,2,5.0,0.0,2.0,[3 5],0.0,1.0,0.0,0.0,1.0,0.0,0.0,0.0,0.0,0.0
4,3,5.0,0.0,2.0,[3 5],0.0,0.0,1.0,0.0,0.0,1.0,0.0,0.0,0.0,0.0
4,4,5.0,0.0,2.0,[3 5],0.0,0.0,0.0,1.0,0.0,0.0,0.0,0.0,0.0,0.0
4,5,5.0,0.0,2.0,[3 5],0.0,0.0,0.0,0.0,0.0,0.0,0.0,0.0,0.0,0.0
4,6,5.0,0.0,2.0,[3 5],0.0,0.0,0.0,0.0,0.0,0.0,0.0,0.0,0.0,0.0
4,7,5.0,0.0,2.0,[3 5],0.0,0.0,0.0,0.0,0.0,0.0,0.0,0.0,0.0,0.0
4,8,5.0,0.0,2.0,[3 5],0.0,0.0,0.0,0.0,0.0,0.0,0.0,0.0,0.0,0.0
4,9,5.0,0.0,2.0,[3 5],0.0,0.0,0.0,0.0,0.0,0.0,0.0,0.0,0.0,0.0
4,10,5.0,0.0,2.0,[3 5],0.0,0.0,0.0,0.0,0.0,0.0,0.0,0.0,0.0,0.0
4,11,5.0,0.0,2.0,[3 5],0.0,0.0,0.0,0.0,0.0,0.0,0.0,0.0,0.0,0.0
4,12,5.0,0.0,2.0,[3 5],0.0,0.0,0.0,0.0,0.0,0.0,0.0,0.0,0.0,0.0
4,13,5.0,0.0,2.0,[3 5],0.0,0.0,0.0,0.0,0.0,0.0,0.0,0.0,0.0,0.0
4,14,5.0,0.0,2.0,[3 5],0.0,0.0,0.0,0.0,0.0,0.0,0.0,0.0,0.0,0.0
4,15,5.0,0.0,2.0,[3 5],0.0,0.0,0.0,0.0,0.0,0.0,0.0,0.0,0.0,0.0
4,16,5.0,0.0,2.0,[3 5],0.0,0.0,0.0,0.0,0.0,0.0,0.0,0.0,0.0,0.0
4,17,5.0,0.0,2.0,[3 5],0.0,0.0,0.0,0.0,0.0,0.0,0.0,0.0,0.0,0.0
4,18,5.0,0.0,2.0,[3 5],0.0,0.0,0.0,0.0,0.0,0.0,0.0,0.0,0.0,0.0
4,19,5.0,0.0,2.0,[3 5],0.0,0.0,0.0,0.0,0.0,0.0,0.0,0.0,0.0,0.0
4,20,5.0,0.0,2.0,[3 5],0.0,0.0,0.0,0.0,0.0,0.0,0.0,0.0,0.0,0.0
4,21,5.0,0.0,2.0,[3 5],0.0,0.0,0.0,0.0,0.0,0.0,0.0,0.0,0.0,0.0
4,22,5.0,0.0,2.0,[3 5],0.0,0.0,0.0,0.0,0.0,0.0,0.0,0.0,0.0,0.0
4,23,5.0,0.0,2.0,[3 5],0.0,0.0,0.0,0.0,0.0,0.0,2.0,0.0,0.0,0.0
4,24,5.0,0.0,2.0,[3 5],0.0,0.0,0.0,0.0,0.0,0.0,0.0,2.0,2.0,0.0
4,25,5.0,0.0,2.0,[3 5],2.0,0.0,0.0,0.0,0.0,0.0,0.0,0.0,0.0,2.0
4,26,5.0,0.0,2.0,[3 5],0.0,2.0,0.0,0.0,2.0,0.0,0.0,0.0,0.0,0.0
4,27,5.0,0.0,2.0,[3 5],0.0,0.0,2.0,0.0,0.0,2.0,0.0,0.0,0.0,0.0
4,28,5.0,0.0,2.0,[3 5],0.0,0.0,0.0,2.0,0.0,0.0,1.0,0.0,0.0,0.0
4,29,5.0,0.0,2.0,[3 5],0.0,0.0,0.0,0.0,0.0,0.0,2.0,3.0,1.0,0.0
4,30,5.0,0.0,2.0,[3 5],1.0,0.0,0.0,0.0,0.0,0.0,0.0,0.0,2.0,3.0
4,31,5.0,0.0,2.0,[3 5],2.0,3.0,0.0,0.0,1.0,0.0,1.0,0.0,0.0,0.0
4,32,5.0,0.0,2.0,[3 5],0.0,0.0,1.0,0.0,2.0,3.0,1.0,0.0,1.0,0.0
4,33,5.0,0.0,2.0,[3 5],1.0,0.0,2.0,3.0,0.0,0.0,22.0,0.0,1.0,0.0
4,34,5.0,0.0,2.0,[3 5],1.0,0.0,0.0,0.0,1.0,0.0,23.0,3.0,22.0,0.0
4,35,5.0,0.0,2.0,[3 5],22.0,0.0,1.0,0.0,1.0,0.0,20.0,2.0,23.0,3.0
4,36,5.0,0.0,2.0,[3 5],23.0,3.0,1.0,0.0,22.0,0.0,24.0,24.0,20.0,2.0
4,37,5.0,0.0,2.0,[3 5],20.0,2.0,22.0,0.0,23.0,3.0,62.0,47.0,24.0,24.0
4,38,5.0,0.0,2.0,[3 5],24.0,24.0,23.0,3.0,20.0,2.0,76.0,50.0,62.0,47.0
4,39,5.0,0.0,2.0,[3 5],62.0,47.0,20.0,2.0,24.0,24.0,99.0,59.0,76.0,50.0
4,40,5.0,0.0,2.0,[3 5],76.0,50.0,24.0,24.0,62.0,47.0,127.0,90.0,99.0,59.0
4,41,5.0,0.0,2.0,[3 5],99.0,59.0,62.0,47.0,76.0,50.0,199.0,146.0,127.0,90.0
4,42,5.0,0.0,2.0,[3 5],127.0,90.0,76.0,50.0,99.0,59.0,253.0,248.0,199.0,146.0
4,43,5.0,0.0,2.0,[3 5],199.0,146.0,99.0,59.0,127.0,90.0,400.0,353.0,253.0,248.0
4,44,5.0,0.0,2.0,[3 5],253.0,248.0,127.0,90.0,199.0,146.0,464.0,577.0,400.0,353.0
4,45,5.0,0.0,2.0,[3 5],400.0,353.0,199.0,146.0,253.0,248.0,551.0,724.0,464.0,577.0
4,46,5.0,0.0,2.0,[3 5],464.0,577.0,253.0,248.0,400.0,353.0,645.0,1237.0,551.0,724.0
4,47,5.0,0.0,2.0,[3 5],551.0,724.0,400.0,353.0,464.0,577.0,447.0,1679.0,645.0,1237.0
4,48,5.0,0.0,2.0,[3 5],645.0,1237.0,464.0,577.0,551.0,724.0,449.0,1917.0,447.0,1679.0
4,49,5.0,0.0,2.0,[3 5],447.0,1679.0,551.0,724.0,645.0,1237.0,491.0,1653.0,449.0,1917.0
4,50,5.0,0.0,2.0,[3 5],449.0,1917.0,645.0,1237.0,447.0,1679.0,388.0,2838.0,491.0,1653.0
4,51,5.0,0.0,2.0,[3 5],491.0,1653.0,447.0,1679.0,449.0,1917.0,330.0,2224.0,388.0,2838.0
4,52,5.0,0.0,2.0,[3 5],388.0,2838.0,449.0,1917.0,491.0,1653.0,267.0,1423.0,330.0,2224.0
4,53,5.0,0.0,2.0,[3 5],330.0,2224.0,491.0,1653.0,388.0,2838.0,220.0,1423.0,267.0,1423.0
4,54,5.0,0.0,2.0,[3 5],267.0,1423.0,388.0,2838.0,330.0,2224.0,243.0,1271.0,220.0,1423.0
4,55,5.0,0.0,2.0,[3 5],220.0,1423.0,330.0,2224.0,267.0,1423.0,180.0,596.0,243.0,1271.0
4,56,5.0,0.0,2.0,[3 5],243.0,1271.0,267.0,1423.0,220.0,1423.0,180.0,676.0,180.0,596.0
4,57,5.0,0.0,2.0,[3 5],180.0,596.0,220.0,1423.0,243.0,1271.0,166.0,361.0,180.0,676.0
4,58,5.0,0.0,2.0,[3 5],180.0,676.0,243.0,1271.0,180.0,596.0,154.0,389.0,166.0,361.0
4,59,5.0,0.0,2.0,[3 5],166.0,361.0,180.0,596.0,180.0,676.0,163.0,344.0,154.0,389.0
4,60,5.0,0.0,2.0,[3 5],154.0,389.0,180.0,676.0,166.0,361.0,140.0,220.0,163.0,344.0
4,61,5.0,0.0,2.0,[3 5],163.0,344.0,166.0,361.0,154.0,389.0,158.0,208.0,140.0,220.0
4,62,5.0,0.0,2.0,[3 5],140.0,220.0,154.0,389.0,163.0,344.0,142.0,196.0,158.0,208.0
4,63,5.0,0.0,2.0,[3 5],158.0,208.0,163.0,344.0,140.0,220.0,130.0,173.0,142.0,196.0
4,64,5.0,0.0,2.0,[3 5],142.0,196.0,140.0,220.0,158.0,208.0,139.0,176.0,130.0,173.0
4,65,5.0,0.0,2.0,[3 5],130.0,173.0,158.0,208.0,142.0,196.0,137.0,251.0,139.0,176.0
4,66,5.0,0.0,2.0,[3 5],139.0,176.0,142.0,196.0,130.0,173.0,135.0,181.0,137.0,251.0
4,67,5.0,0.0,2.0,[3 5],137.0,251.0,130.0,173.0,139.0,176.0,188.0,153.0,135.0,181.0
4,68,5.0,0.0,2.0,[3 5],135.0,181.0,139.0,176.0,137.0,251.0,178.0,209.0,188.0,153.0
4,69,5.0,0.0,2.0,[3 5],188.0,153.0,137.0,251.0,135.0,181.0,171.0,190.0,178.0,209.0
4,70,5.0,0.0,2.0,[3 5],178.0,209.0,135.0,181.0,188.0,153.0,186.0,164.0,171.0,190.0
4,71,5.0,0.0,2.0,[3 5],171.0,190.0,188.0,153.0,178.0,209.0,174.0,171.0,186.0,164.0
4,72,5.0,0.0,2.0,[3 5],186.0,164.0,178.0,209.0,171.0,190.0,213.0,242.0,174.0,171.0
4,73,5.0,0.0,2.0,[3 5],174.0,171.0,171.0,190.0,186.0,164.0,179.0,196.0,213.0,242.0
4,74,5.0,0.0,2.0,[3 5],213.0,242.0,186.0,164.0,174.0,171.0,209.0,211.0,179.0,196.0
4,75,5.0,0.0,2.0,[3 5],179.0,196.0,174.0,171.0,213.0,242.0,191.0,180.0,209.0,211.0
4,76,5.0,0.0,2.0,[3 5],209.0,211.0,213.0,242.0,179.0,196.0,189.0,185.0,191.0,180.0
4,77,5.0,0.0,2.0,[3 5],191.0,180.0,179.0,196.0,209.0,211.0,180.0,253.0,189.0,185.0
4,78,5.0,0.0,2.0,[3 5],189.0,185.0,209.0,211.0,191.0,180.0,205.0,198.0,180.0,253.0
4,79,5.0,0.0,2.0,[3 5],180.0,253.0,191.0,180.0,189.0,185.0,150.0,216.0,205.0,198.0
4,80,5.0,0.0,2.0,[3 5],205.0,198.0,189.0,185.0,180.0,253.0,187.0,177.0,150.0,216.0
4,81,5.0,0.0,2.0,[3 5],150.0,216.0,180.0,253.0,205.0,198.0,185.0,211.0,187.0,177.0
4,82,5.0,0.0,2.0,[3 5],187.0,177.0,205.0,198.0,150.0,216.0,190.0,217.0,185.0,211.0
4,83,5.0,0.0,2.0,[3 5],185.0,211.0,150.0,216.0,187.0,177.0,199.0,182.0,190.0,217.0
4,84,5.0,0.0,2.0,[3 5],190.0,217.0,187.0,177.0,185.0,211.0,216.0,178.0,199.0,182.0
4,85,5.0,0.0,2.0,[3 5],199.0,182.0,185.0,211.0,190.0,217.0,197.0,182.0,216.0,178.0
4,86,5.0,0.0,2.0,[3 5],216.0,178.0,190.0,217.0,199.0,182.0,205.0,209.0,197.0,182.0
4,87,5.0,0.0,2.0,[3 5],197.0,182.0,199.0,182.0,216.0,178.0,206.0,197.0,205.0,209.0
4,88,5.0,0.0,2.0,[3 5],205.0,209.0,216.0,178.0,197.0,182.0,223.0,181.0,206.0,197.0
4,89,5.0,0.0,2.0,[3 5],206.0,197.0,197.0,182.0,205.0,209.0,218.0,202.0,223.0,181.0
4,90,5.0,0.0,2.0,[3 5],223.0,181.0,205.0,209.0,206.0,197.0,205.0,178.0,218.0,202.0
4,91,5.0,0.0,2.0,[3 5],218.0,202.0,206.0,197.0,223.0,181.0,237.0,314.0,205.0,178.0
4,92,5.0,0.0,2.0,[3 5],205.0,178.0,223.0,181.0,218.0,202.0,237.0,238.0,237.0,314.0
4,93,5.0,0.0,2.0,[3 5],237.0,314.0,218.0,202.0,205.0,178.0,248.0,212.0,237.0,238.0
4,94,5.0,0.0,2.0,[3 5],237.0,238.0,205.0,178.0,237.0,314.0,252.0,163.0,248.0,212.0
4,95,5.0,0.0,2.0,[3 5],248.0,212.0,237.0,314.0,237.0,238.0,222.0,228.0,252.0,163.0
4,96,5.0,0.0,2.0,[3 5],252.0,163.0,237.0,238.0,248.0,212.0,273.0,275.0,222.0,228.0
4,97,5.0,0.0,2.0,[3 5],222.0,228.0,248.0,212.0,252.0,163.0,291.0,220.0,273.0,275.0
4,98,5.0,0.0,2.0,[3 5],273.0,275.0,252.0,163.0,222.0,228.0,331.0,270.0,291.0,220.0
4,99,5.0,0.0,2.0,[3 5],291.0,220.0,222.0,228.0,273.0,275.0,335.0,247.0,331.0,270.0
4,100,5.0,0.0,2.0,[3 5],331.0,270.0,273.0,275.0,291.0,220.0,491.0,286.0,335.0,247.0
4,101,5.0,0.0,2.0,[3 5],335.0,247.0,291.0,220.0,331.0,270.0,805.0,321.0,491.0,286.0
4,102,5.0,0.0,2.0,[3 5],491.0,286.0,331.0,270.0,335.0,247.0,873.0,358.0,805.0,321.0
4,103,5.0,0.0,2.0,[3 5],805.0,321.0,335.0,247.0,491.0,286.0,863.0,510.0,873.0,358.0
4,104,5.0,0.0,2.0,[3 5],873.0,358.0,491.0,286.0,805.0,321.0,1201.0,406.0,863.0,510.0
4,105,5.0,0.0,2.0,[3 5],863.0,510.0,805.0,321.0,873.0,358.0,1269.0,536.0,1201.0,406.0
4,106,5.0,0.0,2.0,[3 5],1201.0,406.0,873.0,358.0,863.0,510.0,1193.0,626.0,1269.0,536.0
4,107,5.0,0.0,2.0,[3 5],1269.0,536.0,863.0,510.0,1201.0,406.0,1316.0,463.0,1193.0,626.0
4,108,5.0,0.0,2.0,[3 5],1193.0,626.0,1201.0,406.0,1269.0,536.0,1392.0,569.0,1316.0,463.0
4,109,5.0,0.0,2.0,[3 5],1316.0,463.0,1269.0,536.0,1193.0,626.0,1216.0,434.0,1392.0,569.0
4,110,5.0,0.0,2.0,[3 5],1392.0,569.0,1193.0,626.0,1316.0,463.0,1052.0,458.0,1216.0,434.0
4,111,5.0,0.0,2.0,[3 5],1216.0,434.0,1316.0,463.0,1392.0,569.0,969.0,369.0,1052.0,458.0
4,112,5.0,0.0,2.0,[3 5],1052.0,458.0,1392.0,569.0,1216.0,434.0,786.0,329.0,969.0,369.0
4,113,5.0,0.0,2.0,[3 5],969.0,369.0,1216.0,434.0,1052.0,458.0,628.0,299.0,786.0,329.0
4,114,5.0,0.0,2.0,[3 5],786.0,329.0,1052.0,458.0,969.0,369.0,603.0,241.0,628.0,299.0
4,115,5.0,0.0,2.0,[3 5],628.0,299.0,969.0,369.0,786.0,329.0,547.0,274.0,603.0,241.0
4,116,5.0,0.0,2.0,[3 5],603.0,241.0,786.0,329.0,628.0,299.0,511.0,196.0,547.0,274.0
4,117,5.0,0.0,2.0,[3 5],547.0,274.0,628.0,299.0,603.0,241.0,513.0,290.0,511.0,196.0
4,118,5.0,0.0,2.0,[3 5],511.0,196.0,603.0,241.0,547.0,274.0,452.0,239.0,513.0,290.0
4,119,5.0,0.0,2.0,[3 5],513.0,290.0,547.0,274.0,511.0,196.0,500.0,195.0,452.0,239.0
4,120,5.0,0.0,2.0,[3 5],452.0,239.0,511.0,196.0,513.0,290.0,489.0,199.0,500.0,195.0
4,121,5.0,0.0,2.0,[3 5],500.0,195.0,513.0,290.0,452.0,239.0,440.0,160.0,489.0,199.0
4,122,5.0,0.0,2.0,[3 5],489.0,199.0,452.0,239.0,500.0,195.0,505.0,251.0,440.0,160.0
4,123,5.0,0.0,2.0,[3 5],440.0,160.0,500.0,195.0,489.0,199.0,404.0,200.0,505.0,251.0
4,124,5.0,0.0,2.0,[3 5],505.0,251.0,489.0,199.0,440.0,160.0,416.0,186.0,404.0,200.0
4,125,5.0,0.0,2.0,[3 5],404.0,200.0,440.0,160.0,505.0,251.0,488.0,209.0,416.0,186.0
4,126,5.0,0.0,2.0,[3 5],416.0,186.0,505.0,251.0,404.0,200.0,414.0,179.0,488.0,209.0
4,127,5.0,0.0,2.0,[3 5],488.0,209.0,404.0,200.0,416.0,186.0,385.0,199.0,414.0,179.0
4,128,5.0,0.0,2.0,[3 5],414.0,179.0,416.0,186.0,488.0,209.0,331.0,164.0,385.0,199.0
4,129,5.0,0.0,2.0,[3 5],385.0,199.0,488.0,209.0,414.0,179.0,277.0,125.0,331.0,164.0
4,130,5.0,0.0,2.0,[3 5],331.0,164.0,414.0,179.0,385.0,199.0,271.0,126.0,277.0,125.0
4,131,5.0,0.0,2.0,[3 5],277.0,125.0,385.0,199.0,331.0,164.0,309.0,171.0,271.0,126.0
4,132,5.0,0.0,2.0,[3 5],271.0,126.0,331.0,164.0,277.0,125.0,192.0,104.0,309.0,171.0
4,133,5.0,0.0,2.0,[3 5],309.0,171.0,277.0,125.0,271.0,126.0,190.0,97.0,192.0,104.0
4,134,5.0,0.0,2.0,[3 5],192.0,104.0,271.0,126.0,309.0,171.0,199.0,112.0,190.0,97.0
4,135,5.0,0.0,2.0,[3 5],190.0,97.0,309.0,171.0,192.0,104.0,100.0,83.0,199.0,112.0
4,136,5.0,0.0,2.0,[3 5],199.0,112.0,192.0,104.0,190.0,97.0,26.0,73.0,100.0,83.0
4,137,5.0,0.0,2.0,[3 5],100.0,83.0,190.0,97.0,199.0,112.0,12.0,62.0,26.0,73.0
4,138,5.0,0.0,2.0,[3 5],26.0,73.0,199.0,112.0,100.0,83.0,17.0,23.0,12.0,62.0
4,139,5.0,0.0,2.0,[3 5],12.0,62.0,100.0,83.0,26.0,73.0,5.0,29.0,17.0,23.0
4,140,5.0,0.0,2.0,[3 5],17.0,23.0,26.0,73.0,12.0,62.0,0.0,26.0,5.0,29.0
4,141,5.0,0.0,2.0,[3 5],5.0,29.0,12.0,62.0,17.0,23.0,0.0,0.0,0.0,26.0
4,142,5.0,0.0,2.0,[3 5],0.0,26.0,17.0,23.0,5.0,29.0,0.0,0.0,0.0,0.0
4,143,5.0,0.0,2.0,[3 5],0.0,0.0,5.0,29.0,0.0,26.0,0.0,0.0,0.0,0.0
5,0,5.0,0.0,4.0,[ 4  6 74 75],2.0,4.0,0.0,0.0,0.0,0.0,1.0,2.0,2.0,1.0
5,1,5.0,0.0,4.0,[ 4  6 74 75],2.0,1.0,0.0,0.0,2.0,4.0,0.0,1.0,1.0,2.0
5,2,5.0,0.0,4.0,[ 4  6 74 75],1.0,2.0,2.0,4.0,2.0,1.0,2.0,0.0,0.0,1.0
5,3,5.0,0.0,4.0,[ 4  6 74 75],0.0,1.0,2.0,1.0,1.0,2.0,0.0,0.0,2.0,0.0
5,4,5.0,0.0,4.0,[ 4  6 74 75],2.0,0.0,1.0,2.0,0.0,1.0,0.0,0.0,0.0,0.0
5,5,5.0,0.0,4.0,[ 4  6 74 75],0.0,0.0,0.0,1.0,2.0,0.0,0.0,0.0,0.0,0.0
5,6,5.0,0.0,4.0,[ 4  6 74 75],0.0,0.0,2.0,0.0,0.0,0.0,0.0,0.0,0.0,0.0
5,7,5.0,0.0,4.0,[ 4  6 74 75],0.0,0.0,0.0,0.0,0.0,0.0,0.0,0.0,0.0,0.0
5,8,5.0,0.0,4.0,[ 4  6 74 75],0.0,0.0,0.0,0.0,0.0,0.0,0.0,0.0,0.0,0.0
5,9,5.0,0.0,4.0,[ 4  6 74 75],0.0,0.0,0.0,0.0,0.0,0.0,0.0,2.0,0.0,0.0
5,10,5.0,0.0,4.0,[ 4  6 74 75],0.0,0.0,0.0,0.0,0.0,0.0,0.0,0.0,0.0,2.0
5,11,5.0,0.0,4.0,[ 4  6 74 75],0.0,2.0,0.0,0.0,0.0,0.0,0.0,0.0,0.0,0.0
5,12,5.0,0.0,4.0,[ 4  6 74 75],0.0,0.0,0.0,0.0,0.0,2.0,0.0,0.0,0.0,0.0
5,13,5.0,0.0,4.0,[ 4  6 74 75],0.0,0.0,0.0,2.0,0.0,0.0,0.0,0.0,0.0,0.0
5,14,5.0,0.0,4.0,[ 4  6 74 75],0.0,0.0,0.0,0.0,0.0,0.0,0.0,0.0,0.0,0.0
5,15,5.0,0.0,4.0,[ 4  6 74 75],0.0,0.0,0.0,0.0,0.0,0.0,0.0,0.0,0.0,0.0
5,16,5.0,0.0,4.0,[ 4  6 74 75],0.0,0.0,0.0,0.0,0.0,0.0,1.0,0.0,0.0,0.0
5,17,5.0,0.0,4.0,[ 4  6 74 75],0.0,0.0,0.0,0.0,0.0,0.0,0.0,1.0,1.0,0.0
5,18,5.0,0.0,4.0,[ 4  6 74 75],1.0,0.0,0.0,0.0,0.0,0.0,0.0,0.0,0.0,1.0
5,19,5.0,0.0,4.0,[ 4  6 74 75],0.0,1.0,0.0,0.0,1.0,0.0,0.0,0.0,0.0,0.0
5,20,5.0,0.0,4.0,[ 4  6 74 75],0.0,0.0,1.0,0.0,0.0,1.0,0.0,0.0,0.0,0.0
5,21,5.0,0.0,4.0,[ 4  6 74 75],0.0,0.0,0.0,1.0,0.0,0.0,0.0,0.0,0.0,0.0
5,22,5.0,0.0,4.0,[ 4  6 74 75],0.0,0.0,0.0,0.0,0.0,0.0,0.0,0.0,0.0,0.0
5,23,5.0,0.0,4.0,[ 4  6 74 75],0.0,0.0,0.0,0.0,0.0,0.0,3.0,1.0,0.0,0.0
5,24,5.0,0.0,4.0,[ 4  6 74 75],0.0,0.0,0.0,0.0,0.0,0.0,1.0,1.0,3.0,1.0
5,25,5.0,0.0,4.0,[ 4  6 74 75],3.0,1.0,0.0,0.0,0.0,0.0,0.0,2.0,1.0,1.0
5,26,5.0,0.0,4.0,[ 4  6 74 75],1.0,1.0,0.0,0.0,3.0,1.0,0.0,0.0,0.0,2.0
5,27,5.0,0.0,4.0,[ 4  6 74 75],0.0,2.0,3.0,1.0,1.0,1.0,0.0,0.0,0.0,0.0
5,28,5.0,0.0,4.0,[ 4  6 74 75],0.0,0.0,1.0,1.0,0.0,2.0,0.0,0.0,0.0,0.0
5,29,5.0,0.0,4.0,[ 4  6 74 75],0.0,0.0,0.0,2.0,0.0,0.0,0.0,0.0,0.0,0.0
5,30,5.0,0.0,4.0,[ 4  6 74 75],0.0,0.0,0.0,0.0,0.0,0.0,0.0,0.0,0.0,0.0
5,31,5.0,0.0,4.0,[ 4  6 74 75],0.0,0.0,0.0,0.0,0.0,0.0,1.0,1.0,0.0,0.0
5,32,5.0,0.0,4.0,[ 4  6 74 75],0.0,0.0,0.0,0.0,0.0,0.0,4.0,2.0,1.0,1.0
5,33,5.0,0.0,4.0,[ 4  6 74 75],1.0,1.0,0.0,0.0,0.0,0.0,4.0,0.0,4.0,2.0
5,34,5.0,0.0,4.0,[ 4  6 74 75],4.0,2.0,0.0,0.0,1.0,1.0,15.0,4.0,4.0,0.0
5,35,5.0,0.0,4.0,[ 4  6 74 75],4.0,0.0,1.0,1.0,4.0,2.0,21.0,6.0,15.0,4.0
5,36,5.0,0.0,4.0,[ 4  6 74 75],15.0,4.0,4.0,2.0,4.0,0.0,20.0,22.0,21.0,6.0
5,37,5.0,0.0,4.0,[ 4  6 74 75],21.0,6.0,4.0,0.0,15.0,4.0,38.0,37.0,20.0,22.0
5,38,5.0,0.0,4.0,[ 4  6 74 75],20.0,22.0,15.0,4.0,21.0,6.0,57.0,27.0,38.0,37.0
5,39,5.0,0.0,4.0,[ 4  6 74 75],38.0,37.0,21.0,6.0,20.0,22.0,111.0,33.0,57.0,27.0
5,40,5.0,0.0,4.0,[ 4  6 74 75],57.0,27.0,20.0,22.0,38.0,37.0,97.0,97.0,111.0,33.0
5,41,5.0,0.0,4.0,[ 4  6 74 75],111.0,33.0,38.0,37.0,57.0,27.0,119.0,126.0,97.0,97.0
5,42,5.0,0.0,4.0,[ 4  6 74 75],97.0,97.0,57.0,27.0,111.0,33.0,209.0,157.0,119.0,126.0
5,43,5.0,0.0,4.0,[ 4  6 74 75],119.0,126.0,111.0,33.0,97.0,97.0,281.0,252.0,209.0,157.0
5,44,5.0,0.0,4.0,[ 4  6 74 75],209.0,157.0,97.0,97.0,119.0,126.0,320.0,396.0,281.0,252.0
5,45,5.0,0.0,4.0,[ 4  6 74 75],281.0,252.0,119.0,126.0,209.0,157.0,364.0,511.0,320.0,396.0
5,46,5.0,0.0,4.0,[ 4  6 74 75],320.0,396.0,209.0,157.0,281.0,252.0,430.0,586.0,364.0,511.0
5,47,5.0,0.0,4.0,[ 4  6 74 75],364.0,511.0,281.0,252.0,320.0,396.0,407.0,805.0,430.0,586.0
5,48,5.0,0.0,4.0,[ 4  6 74 75],430.0,586.0,320.0,396.0,364.0,511.0,385.0,856.0,407.0,805.0
5,49,5.0,0.0,4.0,[ 4  6 74 75],407.0,805.0,364.0,511.0,430.0,586.0,372.0,741.0,385.0,856.0
5,50,5.0,0.0,4.0,[ 4  6 74 75],385.0,856.0,430.0,586.0,407.0,805.0,285.0,968.0,372.0,741.0
5,51,5.0,0.0,4.0,[ 4  6 74 75],372.0,741.0,407.0,805.0,385.0,856.0,256.0,1004.0,285.0,968.0
5,52,5.0,0.0,4.0,[ 4  6 74 75],285.0,968.0,385.0,856.0,372.0,741.0,202.0,664.0,256.0,1004.0
5,53,5.0,0.0,4.0,[ 4  6 74 75],256.0,1004.0,372.0,741.0,285.0,968.0,171.0,467.0,202.0,664.0
5,54,5.0,0.0,4.0,[ 4  6 74 75],202.0,664.0,285.0,968.0,256.0,1004.0,177.0,444.0,171.0,467.0
5,55,5.0,0.0,4.0,[ 4  6 74 75],171.0,467.0,256.0,1004.0,202.0,664.0,142.0,359.0,177.0,444.0
5,56,5.0,0.0,4.0,[ 4  6 74 75],177.0,444.0,202.0,664.0,171.0,467.0,141.0,297.0,142.0,359.0
5,57,5.0,0.0,4.0,[ 4  6 74 75],142.0,359.0,171.0,467.0,177.0,444.0,147.0,227.0,141.0,297.0
5,58,5.0,0.0,4.0,[ 4  6 74 75],141.0,297.0,177.0,444.0,142.0,359.0,121.0,189.0,147.0,227.0
5,59,5.0,0.0,4.0,[ 4  6 74 75],147.0,227.0,142.0,359.0,141.0,297.0,131.0,166.0,121.0,189.0
5,60,5.0,0.0,4.0,[ 4  6 74 75],121.0,189.0,141.0,297.0,147.0,227.0,123.0,192.0,131.0,166.0
5,61,5.0,0.0,4.0,[ 4  6 74 75],131.0,166.0,147.0,227.0,121.0,189.0,139.0,151.0,123.0,192.0
5,62,5.0,0.0,4.0,[ 4  6 74 75],123.0,192.0,121.0,189.0,131.0,166.0,122.0,137.0,139.0,151.0
5,63,5.0,0.0,4.0,[ 4  6 74 75],139.0,151.0,131.0,166.0,123.0,192.0,112.0,113.0,122.0,137.0
5,64,5.0,0.0,4.0,[ 4  6 74 75],122.0,137.0,123.0,192.0,139.0,151.0,111.0,137.0,112.0,113.0
5,65,5.0,0.0,4.0,[ 4  6 74 75],112.0,113.0,139.0,151.0,122.0,137.0,116.0,133.0,111.0,137.0
5,66,5.0,0.0,4.0,[ 4  6 74 75],111.0,137.0,122.0,137.0,112.0,113.0,130.0,93.0,116.0,133.0
5,67,5.0,0.0,4.0,[ 4  6 74 75],116.0,133.0,112.0,113.0,111.0,137.0,157.0,141.0,130.0,93.0
5,68,5.0,0.0,4.0,[ 4  6 74 75],130.0,93.0,111.0,137.0,116.0,133.0,147.0,141.0,157.0,141.0
5,69,5.0,0.0,4.0,[ 4  6 74 75],157.0,141.0,116.0,133.0,130.0,93.0,136.0,138.0,147.0,141.0
5,70,5.0,0.0,4.0,[ 4  6 74 75],147.0,141.0,130.0,93.0,157.0,141.0,130.0,118.0,136.0,138.0
5,71,5.0,0.0,4.0,[ 4  6 74 75],136.0,138.0,157.0,141.0,147.0,141.0,149.0,109.0,130.0,118.0
5,72,5.0,0.0,4.0,[ 4  6 74 75],130.0,118.0,147.0,141.0,136.0,138.0,135.0,142.0,149.0,109.0
5,73,5.0,0.0,4.0,[ 4  6 74 75],149.0,109.0,136.0,138.0,130.0,118.0,168.0,136.0,135.0,142.0
5,74,5.0,0.0,4.0,[ 4  6 74 75],135.0,142.0,130.0,118.0,149.0,109.0,131.0,159.0,168.0,136.0
5,75,5.0,0.0,4.0,[ 4  6 74 75],168.0,136.0,149.0,109.0,135.0,142.0,128.0,154.0,131.0,159.0
5,76,5.0,0.0,4.0,[ 4  6 74 75],131.0,159.0,135.0,142.0,168.0,136.0,139.0,143.0,128.0,154.0
5,77,5.0,0.0,4.0,[ 4  6 74 75],128.0,154.0,168.0,136.0,131.0,159.0,106.0,162.0,139.0,143.0
5,78,5.0,0.0,4.0,[ 4  6 74 75],139.0,143.0,131.0,159.0,128.0,154.0,103.0,193.0,106.0,162.0
5,79,5.0,0.0,4.0,[ 4  6 74 75],106.0,162.0,128.0,154.0,139.0,143.0,128.0,174.0,103.0,193.0
5,80,5.0,0.0,4.0,[ 4  6 74 75],103.0,193.0,139.0,143.0,106.0,162.0,119.0,198.0,128.0,174.0
5,81,5.0,0.0,4.0,[ 4  6 74 75],128.0,174.0,106.0,162.0,103.0,193.0,145.0,186.0,119.0,198.0
5,82,5.0,0.0,4.0,[ 4  6 74 75],119.0,198.0,103.0,193.0,128.0,174.0,137.0,186.0,145.0,186.0
5,83,5.0,0.0,4.0,[ 4  6 74 75],145.0,186.0,128.0,174.0,119.0,198.0,156.0,221.0,137.0,186.0
5,84,5.0,0.0,4.0,[ 4  6 74 75],137.0,186.0,119.0,198.0,145.0,186.0,183.0,142.0,156.0,221.0
5,85,5.0,0.0,4.0,[ 4  6 74 75],156.0,221.0,145.0,186.0,137.0,186.0,164.0,198.0,183.0,142.0
5,86,5.0,0.0,4.0,[ 4  6 74 75],183.0,142.0,137.0,186.0,156.0,221.0,132.0,177.0,164.0,198.0
5,87,5.0,0.0,4.0,[ 4  6 74 75],164.0,198.0,156.0,221.0,183.0,142.0,152.0,172.0,132.0,177.0
5,88,5.0,0.0,4.0,[ 4  6 74 75],132.0,177.0,183.0,142.0,164.0,198.0,191.0,146.0,152.0,172.0
5,89,5.0,0.0,4.0,[ 4  6 74 75],152.0,172.0,164.0,198.0,132.0,177.0,204.0,176.0,191.0,146.0
5,90,5.0,0.0,4.0,[ 4  6 74 75],191.0,146.0,132.0,177.0,152.0,172.0,276.0,142.0,204.0,176.0
5,91,5.0,0.0,4.0,[ 4  6 74 75],204.0,176.0,152.0,172.0,191.0,146.0,228.0,187.0,276.0,142.0
5,92,5.0,0.0,4.0,[ 4  6 74 75],276.0,142.0,191.0,146.0,204.0,176.0,214.0,168.0,228.0,187.0
5,93,5.0,0.0,4.0,[ 4  6 74 75],228.0,187.0,204.0,176.0,276.0,142.0,215.0,166.0,214.0,168.0
5,94,5.0,0.0,4.0,[ 4  6 74 75],214.0,168.0,276.0,142.0,228.0,187.0,201.0,177.0,215.0,166.0
5,95,5.0,0.0,4.0,[ 4  6 74 75],215.0,166.0,228.0,187.0,214.0,168.0,216.0,167.0,201.0,177.0
5,96,5.0,0.0,4.0,[ 4  6 74 75],201.0,177.0,214.0,168.0,215.0,166.0,226.0,157.0,216.0,167.0
5,97,5.0,0.0,4.0,[ 4  6 74 75],216.0,167.0,215.0,166.0,201.0,177.0,238.0,151.0,226.0,157.0
5,98,5.0,0.0,4.0,[ 4  6 74 75],226.0,157.0,201.0,177.0,216.0,167.0,218.0,188.0,238.0,151.0
5,99,5.0,0.0,4.0,[ 4  6 74 75],238.0,151.0,216.0,167.0,226.0,157.0,223.0,188.0,218.0,188.0
5,100,5.0,0.0,4.0,[ 4  6 74 75],218.0,188.0,226.0,157.0,238.0,151.0,368.0,220.0,223.0,188.0
5,101,5.0,0.0,4.0,[ 4  6 74 75],223.0,188.0,238.0,151.0,218.0,188.0,645.0,264.0,368.0,220.0
5,102,5.0,0.0,4.0,[ 4  6 74 75],368.0,220.0,218.0,188.0,223.0,188.0,632.0,313.0,645.0,264.0
5,103,5.0,0.0,4.0,[ 4  6 74 75],645.0,264.0,223.0,188.0,368.0,220.0,707.0,330.0,632.0,313.0
5,104,5.0,0.0,4.0,[ 4  6 74 75],632.0,313.0,368.0,220.0,645.0,264.0,884.0,333.0,707.0,330.0
5,105,5.0,0.0,4.0,[ 4  6 74 75],707.0,330.0,645.0,264.0,632.0,313.0,699.0,394.0,884.0,333.0
5,106,5.0,0.0,4.0,[ 4  6 74 75],884.0,333.0,632.0,313.0,707.0,330.0,636.0,313.0,699.0,394.0
5,107,5.0,0.0,4.0,[ 4  6 74 75],699.0,394.0,707.0,330.0,884.0,333.0,704.0,351.0,636.0,313.0
5,108,5.0,0.0,4.0,[ 4  6 74 75],636.0,313.0,884.0,333.0,699.0,394.0,520.0,266.0,704.0,351.0
5,109,5.0,0.0,4.0,[ 4  6 74 75],704.0,351.0,699.0,394.0,636.0,313.0,389.0,321.0,520.0,266.0
5,110,5.0,0.0,4.0,[ 4  6 74 75],520.0,266.0,636.0,313.0,704.0,351.0,316.0,238.0,389.0,321.0
5,111,5.0,0.0,4.0,[ 4  6 74 75],389.0,321.0,704.0,351.0,520.0,266.0,282.0,221.0,316.0,238.0
5,112,5.0,0.0,4.0,[ 4  6 74 75],316.0,238.0,520.0,266.0,389.0,321.0,254.0,174.0,282.0,221.0
5,113,5.0,0.0,4.0,[ 4  6 74 75],282.0,221.0,389.0,321.0,316.0,238.0,256.0,157.0,254.0,174.0
5,114,5.0,0.0,4.0,[ 4  6 74 75],254.0,174.0,316.0,238.0,282.0,221.0,211.0,135.0,256.0,157.0
5,115,5.0,0.0,4.0,[ 4  6 74 75],256.0,157.0,282.0,221.0,254.0,174.0,213.0,165.0,211.0,135.0
5,116,5.0,0.0,4.0,[ 4  6 74 75],211.0,135.0,254.0,174.0,256.0,157.0,232.0,140.0,213.0,165.0
5,117,5.0,0.0,4.0,[ 4  6 74 75],213.0,165.0,256.0,157.0,211.0,135.0,186.0,155.0,232.0,140.0
5,118,5.0,0.0,4.0,[ 4  6 74 75],232.0,140.0,211.0,135.0,213.0,165.0,190.0,125.0,186.0,155.0
5,119,5.0,0.0,4.0,[ 4  6 74 75],186.0,155.0,213.0,165.0,232.0,140.0,202.0,146.0,190.0,125.0
5,120,5.0,0.0,4.0,[ 4  6 74 75],190.0,125.0,232.0,140.0,186.0,155.0,245.0,130.0,202.0,146.0
5,121,5.0,0.0,4.0,[ 4  6 74 75],202.0,146.0,186.0,155.0,190.0,125.0,223.0,115.0,245.0,130.0
5,122,5.0,0.0,4.0,[ 4  6 74 75],245.0,130.0,190.0,125.0,202.0,146.0,228.0,98.0,223.0,115.0
5,123,5.0,0.0,4.0,[ 4  6 74 75],223.0,115.0,202.0,146.0,245.0,130.0,146.0,149.0,228.0,98.0
5,124,5.0,0.0,4.0,[ 4  6 74 75],228.0,98.0,245.0,130.0,223.0,115.0,199.0,126.0,146.0,149.0
5,125,5.0,0.0,4.0,[ 4  6 74 75],146.0,149.0,223.0,115.0,228.0,98.0,184.0,127.0,199.0,126.0
5,126,5.0,0.0,4.0,[ 4  6 74 75],199.0,126.0,228.0,98.0,146.0,149.0,183.0,133.0,184.0,127.0
5,127,5.0,0.0,4.0,[ 4  6 74 75],184.0,127.0,146.0,149.0,199.0,126.0,125.0,90.0,183.0,133.0
5,128,5.0,0.0,4.0,[ 4  6 74 75],183.0,133.0,199.0,126.0,184.0,127.0,111.0,110.0,125.0,90.0
5,129,5.0,0.0,4.0,[ 4  6 74 75],125.0,90.0,184.0,127.0,183.0,133.0,85.0,94.0,111.0,110.0
5,130,5.0,0.0,4.0,[ 4  6 74 75],111.0,110.0,183.0,133.0,125.0,90.0,82.0,92.0,85.0,94.0
5,131,5.0,0.0,4.0,[ 4  6 74 75],85.0,94.0,125.0,90.0,111.0,110.0,83.0,92.0,82.0,92.0
5,132,5.0,0.0,4.0,[ 4  6 74 75],82.0,92.0,111.0,110.0,85.0,94.0,63.0,92.0,83.0,92.0
5,133,5.0,0.0,4.0,[ 4  6 74 75],83.0,92.0,85.0,94.0,82.0,92.0,53.0,75.0,63.0,92.0
5,134,5.0,0.0,4.0,[ 4  6 74 75],63.0,92.0,82.0,92.0,83.0,92.0,68.0,79.0,53.0,75.0
5,135,5.0,0.0,4.0,[ 4  6 74 75],53.0,75.0,83.0,92.0,63.0,92.0,26.0,58.0,68.0,79.0
5,136,5.0,0.0,4.0,[ 4  6 74 75],68.0,79.0,63.0,92.0,53.0,75.0,19.0,33.0,26.0,58.0
5,137,5.0,0.0,4.0,[ 4  6 74 75],26.0,58.0,53.0,75.0,68.0,79.0,15.0,66.0,19.0,33.0
5,138,5.0,0.0,4.0,[ 4  6 74 75],19.0,33.0,68.0,79.0,26.0,58.0,9.0,32.0,15.0,66.0
5,139,5.0,0.0,4.0,[ 4  6 74 75],15.0,66.0,26.0,58.0,19.0,33.0,1.0,16.0,9.0,32.0
5,140,5.0,0.0,4.0,[ 4  6 74 75],9.0,32.0,19.0,33.0,15.0,66.0,4.0,0.0,1.0,16.0
5,141,5.0,0.0,4.0,[ 4  6 74 75],1.0,16.0,15.0,66.0,9.0,32.0,1.0,5.0,4.0,0.0
5,142,5.0,0.0,4.0,[ 4  6 74 75],4.0,0.0,9.0,32.0,1.0,16.0,0.0,0.0,1.0,5.0
5,143,5.0,0.0,4.0,[ 4  6 74 75],1.0,5.0,1.0,16.0,4.0,0.0,0.0,0.0,0.0,0.0
6,0,5.0,0.0,2.0,[5 7],3.0,2.0,0.0,0.0,0.0,0.0,1.0,0.0,0.0,1.0
6,1,5.0,0.0,2.0,[5 7],0.0,1.0,0.0,0.0,3.0,2.0,2.0,2.0,1.0,0.0
6,2,5.0,0.0,2.0,[5 7],1.0,0.0,3.0,2.0,0.0,1.0,1.0,0.0,2.0,2.0
6,3,5.0,0.0,2.0,[5 7],2.0,2.0,0.0,1.0,1.0,0.0,3.0,3.0,1.0,0.0
6,4,5.0,0.0,2.0,[5 7],1.0,0.0,1.0,0.0,2.0,2.0,0.0,2.0,3.0,3.0
6,5,5.0,0.0,2.0,[5 7],3.0,3.0,2.0,2.0,1.0,0.0,0.0,0.0,0.0,2.0
6,6,5.0,0.0,2.0,[5 7],0.0,2.0,1.0,0.0,3.0,3.0,0.0,0.0,0.0,0.0
6,7,5.0,0.0,2.0,[5 7],0.0,0.0,3.0,3.0,0.0,2.0,0.0,0.0,0.0,0.0
6,8,5.0,0.0,2.0,[5 7],0.0,0.0,0.0,2.0,0.0,0.0,0.0,0.0,0.0,0.0
6,9,5.0,0.0,2.0,[5 7],0.0,0.0,0.0,0.0,0.0,0.0,0.0,0.0,0.0,0.0
6,10,5.0,0.0,2.0,[5 7],0.0,0.0,0.0,0.0,0.0,0.0,0.0,0.0,0.0,0.0
6,11,5.0,0.0,2.0,[5 7],0.0,0.0,0.0,0.0,0.0,0.0,0.0,0.0,0.0,0.0
6,12,5.0,0.0,2.0,[5 7],0.0,0.0,0.0,0.0,0.0,0.0,0.0,0.0,0.0,0.0
6,13,5.0,0.0,2.0,[5 7],0.0,0.0,0.0,0.0,0.0,0.0,0.0,0.0,0.0,0.0
6,14,5.0,0.0,2.0,[5 7],0.0,0.0,0.0,0.0,0.0,0.0,0.0,0.0,0.0,0.0
6,15,5.0,0.0,2.0,[5 7],0.0,0.0,0.0,0.0,0.0,0.0,0.0,0.0,0.0,0.0
6,16,5.0,0.0,2.0,[5 7],0.0,0.0,0.0,0.0,0.0,0.0,0.0,0.0,0.0,0.0
6,17,5.0,0.0,2.0,[5 7],0.0,0.0,0.0,0.0,0.0,0.0,0.0,0.0,0.0,0.0
6,18,5.0,0.0,2.0,[5 7],0.0,0.0,0.0,0.0,0.0,0.0,0.0,0.0,0.0,0.0
6,19,5.0,0.0,2.0,[5 7],0.0,0.0,0.0,0.0,0.0,0.0,0.0,0.0,0.0,0.0
6,20,5.0,0.0,2.0,[5 7],0.0,0.0,0.0,0.0,0.0,0.0,0.0,0.0,0.0,0.0
6,21,5.0,0.0,2.0,[5 7],0.0,0.0,0.0,0.0,0.0,0.0,0.0,0.0,0.0,0.0
6,22,5.0,0.0,2.0,[5 7],0.0,0.0,0.0,0.0,0.0,0.0,0.0,0.0,0.0,0.0
6,23,5.0,0.0,2.0,[5 7],0.0,0.0,0.0,0.0,0.0,0.0,0.0,0.0,0.0,0.0
6,24,5.0,0.0,2.0,[5 7],0.0,0.0,0.0,0.0,0.0,0.0,0.0,0.0,0.0,0.0
6,25,5.0,0.0,2.0,[5 7],0.0,0.0,0.0,0.0,0.0,0.0,0.0,0.0,0.0,0.0
6,26,5.0,0.0,2.0,[5 7],0.0,0.0,0.0,0.0,0.0,0.0,0.0,0.0,0.0,0.0
6,27,5.0,0.0,2.0,[5 7],0.0,0.0,0.0,0.0,0.0,0.0,1.0,0.0,0.0,0.0
6,28,5.0,0.0,2.0,[5 7],0.0,0.0,0.0,0.0,0.0,0.0,2.0,1.0,1.0,0.0
6,29,5.0,0.0,2.0,[5 7],1.0,0.0,0.0,0.0,0.0,0.0,0.0,2.0,2.0,1.0
6,30,5.0,0.0,2.0,[5 7],2.0,1.0,0.0,0.0,1.0,0.0,0.0,0.0,0.0,2.0
6,31,5.0,0.0,2.0,[5 7],0.0,2.0,1.0,0.0,2.0,1.0,0.0,0.0,0.0,0.0
6,32,5.0,0.0,2.0,[5 7],0.0,0.0,2.0,1.0,0.0,2.0,5.0,0.0,0.0,0.0
6,33,5.0,0.0,2.0,[5 7],0.0,0.0,0.0,2.0,0.0,0.0,10.0,0.0,5.0,0.0
6,34,5.0,0.0,2.0,[5 7],5.0,0.0,0.0,0.0,0.0,0.0,8.0,3.0,10.0,0.0
6,35,5.0,0.0,2.0,[5 7],10.0,0.0,0.0,0.0,5.0,0.0,19.0,7.0,8.0,3.0
6,36,5.0,0.0,2.0,[5 7],8.0,3.0,5.0,0.0,10.0,0.0,25.0,20.0,19.0,7.0
6,37,5.0,0.0,2.0,[5 7],19.0,7.0,10.0,0.0,8.0,3.0,23.0,41.0,25.0,20.0
6,38,5.0,0.0,2.0,[5 7],25.0,20.0,8.0,3.0,19.0,7.0,51.0,54.0,23.0,41.0
6,39,5.0,0.0,2.0,[5 7],23.0,41.0,19.0,7.0,25.0,20.0,66.0,79.0,51.0,54.0
6,40,5.0,0.0,2.0,[5 7],51.0,54.0,25.0,20.0,23.0,41.0,86.0,62.0,66.0,79.0
6,41,5.0,0.0,2.0,[5 7],66.0,79.0,23.0,41.0,51.0,54.0,79.0,94.0,86.0,62.0
6,42,5.0,0.0,2.0,[5 7],86.0,62.0,51.0,54.0,66.0,79.0,120.0,96.0,79.0,94.0
6,43,5.0,0.0,2.0,[5 7],79.0,94.0,66.0,79.0,86.0,62.0,139.0,101.0,120.0,96.0
6,44,5.0,0.0,2.0,[5 7],120.0,96.0,86.0,62.0,79.0,94.0,166.0,104.0,139.0,101.0
6,45,5.0,0.0,2.0,[5 7],139.0,101.0,79.0,94.0,120.0,96.0,236.0,124.0,166.0,104.0
6,46,5.0,0.0,2.0,[5 7],166.0,104.0,120.0,96.0,139.0,101.0,238.0,109.0,236.0,124.0
6,47,5.0,0.0,2.0,[5 7],236.0,124.0,139.0,101.0,166.0,104.0,218.0,138.0,238.0,109.0
6,48,5.0,0.0,2.0,[5 7],238.0,109.0,166.0,104.0,236.0,124.0,209.0,116.0,218.0,138.0
6,49,5.0,0.0,2.0,[5 7],218.0,138.0,236.0,124.0,238.0,109.0,266.0,164.0,209.0,116.0
6,50,5.0,0.0,2.0,[5 7],209.0,116.0,238.0,109.0,218.0,138.0,210.0,189.0,266.0,164.0
6,51,5.0,0.0,2.0,[5 7],266.0,164.0,218.0,138.0,209.0,116.0,166.0,144.0,210.0,189.0
6,52,5.0,0.0,2.0,[5 7],210.0,189.0,209.0,116.0,266.0,164.0,149.0,115.0,166.0,144.0
6,53,5.0,0.0,2.0,[5 7],166.0,144.0,266.0,164.0,210.0,189.0,139.0,102.0,149.0,115.0
6,54,5.0,0.0,2.0,[5 7],149.0,115.0,210.0,189.0,166.0,144.0,104.0,122.0,139.0,102.0
6,55,5.0,0.0,2.0,[5 7],139.0,102.0,166.0,144.0,149.0,115.0,95.0,77.0,104.0,122.0
6,56,5.0,0.0,2.0,[5 7],104.0,122.0,149.0,115.0,139.0,102.0,82.0,69.0,95.0,77.0
6,57,5.0,0.0,2.0,[5 7],95.0,77.0,139.0,102.0,104.0,122.0,76.0,105.0,82.0,69.0
6,58,5.0,0.0,2.0,[5 7],82.0,69.0,104.0,122.0,95.0,77.0,67.0,96.0,76.0,105.0
6,59,5.0,0.0,2.0,[5 7],76.0,105.0,95.0,77.0,82.0,69.0,58.0,76.0,67.0,96.0
6,60,5.0,0.0,2.0,[5 7],67.0,96.0,82.0,69.0,76.0,105.0,85.0,66.0,58.0,76.0
6,61,5.0,0.0,2.0,[5 7],58.0,76.0,76.0,105.0,67.0,96.0,88.0,74.0,85.0,66.0
6,62,5.0,0.0,2.0,[5 7],85.0,66.0,67.0,96.0,58.0,76.0,84.0,88.0,88.0,74.0
6,63,5.0,0.0,2.0,[5 7],88.0,74.0,58.0,76.0,85.0,66.0,68.0,80.0,84.0,88.0
6,64,5.0,0.0,2.0,[5 7],84.0,88.0,85.0,66.0,88.0,74.0,55.0,72.0,68.0,80.0
6,65,5.0,0.0,2.0,[5 7],68.0,80.0,88.0,74.0,84.0,88.0,60.0,83.0,55.0,72.0
6,66,5.0,0.0,2.0,[5 7],55.0,72.0,84.0,88.0,68.0,80.0,79.0,97.0,60.0,83.0
6,67,5.0,0.0,2.0,[5 7],60.0,83.0,68.0,80.0,55.0,72.0,66.0,68.0,79.0,97.0
6,68,5.0,0.0,2.0,[5 7],79.0,97.0,55.0,72.0,60.0,83.0,72.0,80.0,66.0,68.0
6,69,5.0,0.0,2.0,[5 7],66.0,68.0,60.0,83.0,79.0,97.0,66.0,100.0,72.0,80.0
6,70,5.0,0.0,2.0,[5 7],72.0,80.0,79.0,97.0,66.0,68.0,63.0,74.0,66.0,100.0
6,71,5.0,0.0,2.0,[5 7],66.0,100.0,66.0,68.0,72.0,80.0,96.0,83.0,63.0,74.0
6,72,5.0,0.0,2.0,[5 7],63.0,74.0,72.0,80.0,66.0,100.0,92.0,99.0,96.0,83.0
6,73,5.0,0.0,2.0,[5 7],96.0,83.0,66.0,100.0,63.0,74.0,75.0,89.0,92.0,99.0
6,74,5.0,0.0,2.0,[5 7],92.0,99.0,63.0,74.0,96.0,83.0,82.0,82.0,75.0,89.0
6,75,5.0,0.0,2.0,[5 7],75.0,89.0,96.0,83.0,92.0,99.0,74.0,74.0,82.0,82.0
6,76,5.0,0.0,2.0,[5 7],82.0,82.0,92.0,99.0,75.0,89.0,89.0,94.0,74.0,74.0
6,77,5.0,0.0,2.0,[5 7],74.0,74.0,75.0,89.0,82.0,82.0,80.0,73.0,89.0,94.0
6,78,5.0,0.0,2.0,[5 7],89.0,94.0,82.0,82.0,74.0,74.0,86.0,72.0,80.0,73.0
6,79,5.0,0.0,2.0,[5 7],80.0,73.0,74.0,74.0,89.0,94.0,82.0,83.0,86.0,72.0
6,80,5.0,0.0,2.0,[5 7],86.0,72.0,89.0,94.0,80.0,73.0,83.0,74.0,82.0,83.0
6,81,5.0,0.0,2.0,[5 7],82.0,83.0,80.0,73.0,86.0,72.0,64.0,101.0,83.0,74.0
6,82,5.0,0.0,2.0,[5 7],83.0,74.0,86.0,72.0,82.0,83.0,85.0,81.0,64.0,101.0
6,83,5.0,0.0,2.0,[5 7],64.0,101.0,82.0,83.0,83.0,74.0,82.0,80.0,85.0,81.0
6,84,5.0,0.0,2.0,[5 7],85.0,81.0,83.0,74.0,64.0,101.0,100.0,90.0,82.0,80.0
6,85,5.0,0.0,2.0,[5 7],82.0,80.0,64.0,101.0,85.0,81.0,83.0,84.0,100.0,90.0
6,86,5.0,0.0,2.0,[5 7],100.0,90.0,85.0,81.0,82.0,80.0,87.0,107.0,83.0,84.0
6,87,5.0,0.0,2.0,[5 7],83.0,84.0,82.0,80.0,100.0,90.0,91.0,89.0,87.0,107.0
6,88,5.0,0.0,2.0,[5 7],87.0,107.0,100.0,90.0,83.0,84.0,116.0,97.0,91.0,89.0
6,89,5.0,0.0,2.0,[5 7],91.0,89.0,83.0,84.0,87.0,107.0,135.0,93.0,116.0,97.0
6,90,5.0,0.0,2.0,[5 7],116.0,97.0,87.0,107.0,91.0,89.0,160.0,92.0,135.0,93.0
6,91,5.0,0.0,2.0,[5 7],135.0,93.0,91.0,89.0,116.0,97.0,166.0,112.0,160.0,92.0
6,92,5.0,0.0,2.0,[5 7],160.0,92.0,116.0,97.0,135.0,93.0,154.0,104.0,166.0,112.0
6,93,5.0,0.0,2.0,[5 7],166.0,112.0,135.0,93.0,160.0,92.0,122.0,106.0,154.0,104.0
6,94,5.0,0.0,2.0,[5 7],154.0,104.0,160.0,92.0,166.0,112.0,107.0,101.0,122.0,106.0
6,95,5.0,0.0,2.0,[5 7],122.0,106.0,166.0,112.0,154.0,104.0,114.0,88.0,107.0,101.0
6,96,5.0,0.0,2.0,[5 7],107.0,101.0,154.0,104.0,122.0,106.0,124.0,119.0,114.0,88.0
6,97,5.0,0.0,2.0,[5 7],114.0,88.0,122.0,106.0,107.0,101.0,148.0,113.0,124.0,119.0
6,98,5.0,0.0,2.0,[5 7],124.0,119.0,107.0,101.0,114.0,88.0,119.0,107.0,148.0,113.0
6,99,5.0,0.0,2.0,[5 7],148.0,113.0,114.0,88.0,124.0,119.0,133.0,118.0,119.0,107.0
6,100,5.0,0.0,2.0,[5 7],119.0,107.0,124.0,119.0,148.0,113.0,154.0,103.0,133.0,118.0
6,101,5.0,0.0,2.0,[5 7],133.0,118.0,148.0,113.0,119.0,107.0,230.0,172.0,154.0,103.0
6,102,5.0,0.0,2.0,[5 7],154.0,103.0,119.0,107.0,133.0,118.0,229.0,185.0,230.0,172.0
6,103,5.0,0.0,2.0,[5 7],230.0,172.0,133.0,118.0,154.0,103.0,236.0,138.0,229.0,185.0
6,104,5.0,0.0,2.0,[5 7],229.0,185.0,154.0,103.0,230.0,172.0,255.0,181.0,236.0,138.0
6,105,5.0,0.0,2.0,[5 7],236.0,138.0,230.0,172.0,229.0,185.0,192.0,246.0,255.0,181.0
6,106,5.0,0.0,2.0,[5 7],255.0,181.0,229.0,185.0,236.0,138.0,207.0,178.0,192.0,246.0
6,107,5.0,0.0,2.0,[5 7],192.0,246.0,236.0,138.0,255.0,181.0,168.0,169.0,207.0,178.0
6,108,5.0,0.0,2.0,[5 7],207.0,178.0,255.0,181.0,192.0,246.0,102.0,167.0,168.0,169.0
6,109,5.0,0.0,2.0,[5 7],168.0,169.0,192.0,246.0,207.0,178.0,148.0,166.0,102.0,167.0
6,110,5.0,0.0,2.0,[5 7],102.0,167.0,207.0,178.0,168.0,169.0,107.0,113.0,148.0,166.0
6,111,5.0,0.0,2.0,[5 7],148.0,166.0,168.0,169.0,102.0,167.0,98.0,163.0,107.0,113.0
6,112,5.0,0.0,2.0,[5 7],107.0,113.0,102.0,167.0,148.0,166.0,83.0,120.0,98.0,163.0
6,113,5.0,0.0,2.0,[5 7],98.0,163.0,148.0,166.0,107.0,113.0,90.0,86.0,83.0,120.0
6,114,5.0,0.0,2.0,[5 7],83.0,120.0,107.0,113.0,98.0,163.0,74.0,79.0,90.0,86.0
6,115,5.0,0.0,2.0,[5 7],90.0,86.0,98.0,163.0,83.0,120.0,56.0,76.0,74.0,79.0
6,116,5.0,0.0,2.0,[5 7],74.0,79.0,83.0,120.0,90.0,86.0,68.0,104.0,56.0,76.0
6,117,5.0,0.0,2.0,[5 7],56.0,76.0,90.0,86.0,74.0,79.0,52.0,54.0,68.0,104.0
6,118,5.0,0.0,2.0,[5 7],68.0,104.0,74.0,79.0,56.0,76.0,68.0,98.0,52.0,54.0
6,119,5.0,0.0,2.0,[5 7],52.0,54.0,56.0,76.0,68.0,104.0,48.0,78.0,68.0,98.0
6,120,5.0,0.0,2.0,[5 7],68.0,98.0,68.0,104.0,52.0,54.0,54.0,79.0,48.0,78.0
6,121,5.0,0.0,2.0,[5 7],48.0,78.0,52.0,54.0,68.0,98.0,64.0,63.0,54.0,79.0
6,122,5.0,0.0,2.0,[5 7],54.0,79.0,68.0,98.0,48.0,78.0,58.0,88.0,64.0,63.0
6,123,5.0,0.0,2.0,[5 7],64.0,63.0,48.0,78.0,54.0,79.0,55.0,59.0,58.0,88.0
6,124,5.0,0.0,2.0,[5 7],58.0,88.0,54.0,79.0,64.0,63.0,39.0,89.0,55.0,59.0
6,125,5.0,0.0,2.0,[5 7],55.0,59.0,64.0,63.0,58.0,88.0,44.0,129.0,39.0,89.0
6,126,5.0,0.0,2.0,[5 7],39.0,89.0,58.0,88.0,55.0,59.0,43.0,103.0,44.0,129.0
6,127,5.0,0.0,2.0,[5 7],44.0,129.0,55.0,59.0,39.0,89.0,26.0,82.0,43.0,103.0
6,128,5.0,0.0,2.0,[5 7],43.0,103.0,39.0,89.0,44.0,129.0,38.0,78.0,26.0,82.0
6,129,5.0,0.0,2.0,[5 7],26.0,82.0,44.0,129.0,43.0,103.0,27.0,80.0,38.0,78.0
6,130,5.0,0.0,2.0,[5 7],38.0,78.0,43.0,103.0,26.0,82.0,15.0,70.0,27.0,80.0
6,131,5.0,0.0,2.0,[5 7],27.0,80.0,26.0,82.0,38.0,78.0,19.0,68.0,15.0,70.0
6,132,5.0,0.0,2.0,[5 7],15.0,70.0,38.0,78.0,27.0,80.0,14.0,47.0,19.0,68.0
6,133,5.0,0.0,2.0,[5 7],19.0,68.0,27.0,80.0,15.0,70.0,17.0,52.0,14.0,47.0
6,134,5.0,0.0,2.0,[5 7],14.0,47.0,15.0,70.0,19.0,68.0,17.0,63.0,17.0,52.0
6,135,5.0,0.0,2.0,[5 7],17.0,52.0,19.0,68.0,14.0,47.0,16.0,69.0,17.0,63.0
6,136,5.0,0.0,2.0,[5 7],17.0,63.0,14.0,47.0,17.0,52.0,6.0,36.0,16.0,69.0
6,137,5.0,0.0,2.0,[5 7],16.0,69.0,17.0,52.0,17.0,63.0,1.0,20.0,6.0,36.0
6,138,5.0,0.0,2.0,[5 7],6.0,36.0,17.0,63.0,16.0,69.0,1.0,14.0,1.0,20.0
6,139,5.0,0.0,2.0,[5 7],1.0,20.0,16.0,69.0,6.0,36.0,1.0,12.0,1.0,14.0
6,140,5.0,0.0,2.0,[5 7],1.0,14.0,6.0,36.0,1.0,20.0,0.0,0.0,1.0,12.0
6,141,5.0,0.0,2.0,[5 7],1.0,12.0,1.0,20.0,1.0,14.0,1.0,1.0,0.0,0.0
6,142,5.0,0.0,2.0,[5 7],0.0,0.0,1.0,14.0,1.0,12.0,0.0,0.0,1.0,1.0
6,143,5.0,0.0,2.0,[5 7],1.0,1.0,1.0,12.0,0.0,0.0,0.0,0.0,0.0,0.0
7,0,5.0,0.0,2.0,[6 8],1.0,1.0,0.0,0.0,0.0,0.0,0.0,0.0,0.0,0.0
7,1,5.0,0.0,2.0,[6 8],0.0,0.0,0.0,0.0,1.0,1.0,0.0,0.0,0.0,0.0
7,2,5.0,0.0,2.0,[6 8],0.0,0.0,1.0,1.0,0.0,0.0,0.0,1.0,0.0,0.0
7,3,5.0,0.0,2.0,[6 8],0.0,0.0,0.0,0.0,0.0,0.0,0.0,0.0,0.0,1.0
7,4,5.0,0.0,2.0,[6 8],0.0,1.0,0.0,0.0,0.0,0.0,0.0,0.0,0.0,0.0
7,5,5.0,0.0,2.0,[6 8],0.0,0.0,0.0,0.0,0.0,1.0,0.0,0.0,0.0,0.0
7,6,5.0,0.0,2.0,[6 8],0.0,0.0,0.0,1.0,0.0,0.0,0.0,0.0,0.0,0.0
7,7,5.0,0.0,2.0,[6 8],0.0,0.0,0.0,0.0,0.0,0.0,0.0,0.0,0.0,0.0
7,8,5.0,0.0,2.0,[6 8],0.0,0.0,0.0,0.0,0.0,0.0,0.0,0.0,0.0,0.0
7,9,5.0,0.0,2.0,[6 8],0.0,0.0,0.0,0.0,0.0,0.0,0.0,0.0,0.0,0.0
7,10,5.0,0.0,2.0,[6 8],0.0,0.0,0.0,0.0,0.0,0.0,0.0,0.0,0.0,0.0
7,11,5.0,0.0,2.0,[6 8],0.0,0.0,0.0,0.0,0.0,0.0,0.0,0.0,0.0,0.0
7,12,5.0,0.0,2.0,[6 8],0.0,0.0,0.0,0.0,0.0,0.0,0.0,0.0,0.0,0.0
7,13,5.0,0.0,2.0,[6 8],0.0,0.0,0.0,0.0,0.0,0.0,0.0,0.0,0.0,0.0
7,14,5.0,0.0,2.0,[6 8],0.0,0.0,0.0,0.0,0.0,0.0,0.0,0.0,0.0,0.0
7,15,5.0,0.0,2.0,[6 8],0.0,0.0,0.0,0.0,0.0,0.0,0.0,0.0,0.0,0.0
7,16,5.0,0.0,2.0,[6 8],0.0,0.0,0.0,0.0,0.0,0.0,0.0,0.0,0.0,0.0
7,17,5.0,0.0,2.0,[6 8],0.0,0.0,0.0,0.0,0.0,0.0,0.0,0.0,0.0,0.0
7,18,5.0,0.0,2.0,[6 8],0.0,0.0,0.0,0.0,0.0,0.0,0.0,0.0,0.0,0.0
7,19,5.0,0.0,2.0,[6 8],0.0,0.0,0.0,0.0,0.0,0.0,0.0,0.0,0.0,0.0
7,20,5.0,0.0,2.0,[6 8],0.0,0.0,0.0,0.0,0.0,0.0,0.0,0.0,0.0,0.0
7,21,5.0,0.0,2.0,[6 8],0.0,0.0,0.0,0.0,0.0,0.0,0.0,0.0,0.0,0.0
7,22,5.0,0.0,2.0,[6 8],0.0,0.0,0.0,0.0,0.0,0.0,0.0,0.0,0.0,0.0
7,23,5.0,0.0,2.0,[6 8],0.0,0.0,0.0,0.0,0.0,0.0,1.0,0.0,0.0,0.0
7,24,5.0,0.0,2.0,[6 8],0.0,0.0,0.0,0.0,0.0,0.0,0.0,1.0,1.0,0.0
7,25,5.0,0.0,2.0,[6 8],1.0,0.0,0.0,0.0,0.0,0.0,0.0,0.0,0.0,1.0
7,26,5.0,0.0,2.0,[6 8],0.0,1.0,0.0,0.0,1.0,0.0,0.0,0.0,0.0,0.0
7,27,5.0,0.0,2.0,[6 8],0.0,0.0,1.0,0.0,0.0,1.0,0.0,0.0,0.0,0.0
7,28,5.0,0.0,2.0,[6 8],0.0,0.0,0.0,1.0,0.0,0.0,0.0,0.0,0.0,0.0
7,29,5.0,0.0,2.0,[6 8],0.0,0.0,0.0,0.0,0.0,0.0,0.0,0.0,0.0,0.0
7,30,5.0,0.0,2.0,[6 8],0.0,0.0,0.0,0.0,0.0,0.0,0.0,0.0,0.0,0.0
7,31,5.0,0.0,2.0,[6 8],0.0,0.0,0.0,0.0,0.0,0.0,0.0,0.0,0.0,0.0
7,32,5.0,0.0,2.0,[6 8],0.0,0.0,0.0,0.0,0.0,0.0,0.0,0.0,0.0,0.0
7,33,5.0,0.0,2.0,[6 8],0.0,0.0,0.0,0.0,0.0,0.0,74.0,0.0,0.0,0.0
7,34,5.0,0.0,2.0,[6 8],0.0,0.0,0.0,0.0,0.0,0.0,426.0,1.0,74.0,0.0
7,35,5.0,0.0,2.0,[6 8],74.0,0.0,0.0,0.0,0.0,0.0,184.0,21.0,426.0,1.0
7,36,5.0,0.0,2.0,[6 8],426.0,1.0,0.0,0.0,74.0,0.0,162.0,53.0,184.0,21.0
7,37,5.0,0.0,2.0,[6 8],184.0,21.0,74.0,0.0,426.0,1.0,71.0,69.0,162.0,53.0
7,38,5.0,0.0,2.0,[6 8],162.0,53.0,426.0,1.0,184.0,21.0,59.0,139.0,71.0,69.0
7,39,5.0,0.0,2.0,[6 8],71.0,69.0,184.0,21.0,162.0,53.0,76.0,188.0,59.0,139.0
7,40,5.0,0.0,2.0,[6 8],59.0,139.0,162.0,53.0,71.0,69.0,237.0,264.0,76.0,188.0
7,41,5.0,0.0,2.0,[6 8],76.0,188.0,71.0,69.0,59.0,139.0,222.0,295.0,237.0,264.0
7,42,5.0,0.0,2.0,[6 8],237.0,264.0,59.0,139.0,76.0,188.0,152.0,343.0,222.0,295.0
7,43,5.0,0.0,2.0,[6 8],222.0,295.0,76.0,188.0,237.0,264.0,307.0,567.0,152.0,343.0
7,44,5.0,0.0,2.0,[6 8],152.0,343.0,237.0,264.0,222.0,295.0,324.0,674.0,307.0,567.0
7,45,5.0,0.0,2.0,[6 8],307.0,567.0,222.0,295.0,152.0,343.0,261.0,613.0,324.0,674.0
7,46,5.0,0.0,2.0,[6 8],324.0,674.0,152.0,343.0,307.0,567.0,315.0,687.0,261.0,613.0
7,47,5.0,0.0,2.0,[6 8],261.0,613.0,307.0,567.0,324.0,674.0,544.0,718.0,315.0,687.0
7,48,5.0,0.0,2.0,[6 8],315.0,687.0,324.0,674.0,261.0,613.0,423.0,696.0,544.0,718.0
7,49,5.0,0.0,2.0,[6 8],544.0,718.0,261.0,613.0,315.0,687.0,415.0,634.0,423.0,696.0
7,50,5.0,0.0,2.0,[6 8],423.0,696.0,315.0,687.0,544.0,718.0,439.0,774.0,415.0,634.0
7,51,5.0,0.0,2.0,[6 8],415.0,634.0,544.0,718.0,423.0,696.0,372.0,662.0,439.0,774.0
7,52,5.0,0.0,2.0,[6 8],439.0,774.0,423.0,696.0,415.0,634.0,304.0,624.0,372.0,662.0
7,53,5.0,0.0,2.0,[6 8],372.0,662.0,415.0,634.0,439.0,774.0,345.0,569.0,304.0,624.0
7,54,5.0,0.0,2.0,[6 8],304.0,624.0,439.0,774.0,372.0,662.0,318.0,425.0,345.0,569.0
7,55,5.0,0.0,2.0,[6 8],345.0,569.0,372.0,662.0,304.0,624.0,276.0,552.0,318.0,425.0
7,56,5.0,0.0,2.0,[6 8],318.0,425.0,304.0,624.0,345.0,569.0,406.0,549.0,276.0,552.0
7,57,5.0,0.0,2.0,[6 8],276.0,552.0,345.0,569.0,318.0,425.0,345.0,409.0,406.0,549.0
7,58,5.0,0.0,2.0,[6 8],406.0,549.0,318.0,425.0,276.0,552.0,249.0,323.0,345.0,409.0
7,59,5.0,0.0,2.0,[6 8],345.0,409.0,276.0,552.0,406.0,549.0,208.0,379.0,249.0,323.0
7,60,5.0,0.0,2.0,[6 8],249.0,323.0,406.0,549.0,345.0,409.0,253.0,373.0,208.0,379.0
7,61,5.0,0.0,2.0,[6 8],208.0,379.0,345.0,409.0,249.0,323.0,249.0,320.0,253.0,373.0
7,62,5.0,0.0,2.0,[6 8],253.0,373.0,249.0,323.0,208.0,379.0,223.0,362.0,249.0,320.0
7,63,5.0,0.0,2.0,[6 8],249.0,320.0,208.0,379.0,253.0,373.0,292.0,317.0,223.0,362.0
7,64,5.0,0.0,2.0,[6 8],223.0,362.0,253.0,373.0,249.0,320.0,314.0,297.0,292.0,317.0
7,65,5.0,0.0,2.0,[6 8],292.0,317.0,249.0,320.0,223.0,362.0,333.0,354.0,314.0,297.0
7,66,5.0,0.0,2.0,[6 8],314.0,297.0,223.0,362.0,292.0,317.0,248.0,253.0,333.0,354.0
7,67,5.0,0.0,2.0,[6 8],333.0,354.0,292.0,317.0,314.0,297.0,373.0,271.0,248.0,253.0
7,68,5.0,0.0,2.0,[6 8],248.0,253.0,314.0,297.0,333.0,354.0,346.0,240.0,373.0,271.0
7,69,5.0,0.0,2.0,[6 8],373.0,271.0,333.0,354.0,248.0,253.0,264.0,342.0,346.0,240.0
7,70,5.0,0.0,2.0,[6 8],346.0,240.0,248.0,253.0,373.0,271.0,267.0,266.0,264.0,342.0
7,71,5.0,0.0,2.0,[6 8],264.0,342.0,373.0,271.0,346.0,240.0,310.0,234.0,267.0,266.0
7,72,5.0,0.0,2.0,[6 8],267.0,266.0,346.0,240.0,264.0,342.0,229.0,272.0,310.0,234.0
7,73,5.0,0.0,2.0,[6 8],310.0,234.0,264.0,342.0,267.0,266.0,228.0,296.0,229.0,272.0
7,74,5.0,0.0,2.0,[6 8],229.0,272.0,267.0,266.0,310.0,234.0,308.0,293.0,228.0,296.0
7,75,5.0,0.0,2.0,[6 8],228.0,296.0,310.0,234.0,229.0,272.0,366.0,282.0,308.0,293.0
7,76,5.0,0.0,2.0,[6 8],308.0,293.0,229.0,272.0,228.0,296.0,233.0,296.0,366.0,282.0
7,77,5.0,0.0,2.0,[6 8],366.0,282.0,228.0,296.0,308.0,293.0,186.0,311.0,233.0,296.0
7,78,5.0,0.0,2.0,[6 8],233.0,296.0,308.0,293.0,366.0,282.0,155.0,311.0,186.0,311.0
7,79,5.0,0.0,2.0,[6 8],186.0,311.0,366.0,282.0,233.0,296.0,195.0,295.0,155.0,311.0
7,80,5.0,0.0,2.0,[6 8],155.0,311.0,233.0,296.0,186.0,311.0,311.0,281.0,195.0,295.0
7,81,5.0,0.0,2.0,[6 8],195.0,295.0,186.0,311.0,155.0,311.0,238.0,293.0,311.0,281.0
7,82,5.0,0.0,2.0,[6 8],311.0,281.0,155.0,311.0,195.0,295.0,351.0,278.0,238.0,293.0
7,83,5.0,0.0,2.0,[6 8],238.0,293.0,195.0,295.0,311.0,281.0,378.0,357.0,351.0,278.0
7,84,5.0,0.0,2.0,[6 8],351.0,278.0,311.0,281.0,238.0,293.0,237.0,289.0,378.0,357.0
7,85,5.0,0.0,2.0,[6 8],378.0,357.0,238.0,293.0,351.0,278.0,320.0,283.0,237.0,289.0
7,86,5.0,0.0,2.0,[6 8],237.0,289.0,351.0,278.0,378.0,357.0,433.0,320.0,320.0,283.0
7,87,5.0,0.0,2.0,[6 8],320.0,283.0,378.0,357.0,237.0,289.0,265.0,351.0,433.0,320.0
7,88,5.0,0.0,2.0,[6 8],433.0,320.0,237.0,289.0,320.0,283.0,303.0,279.0,265.0,351.0
7,89,5.0,0.0,2.0,[6 8],265.0,351.0,320.0,283.0,433.0,320.0,317.0,252.0,303.0,279.0
7,90,5.0,0.0,2.0,[6 8],303.0,279.0,433.0,320.0,265.0,351.0,528.0,304.0,317.0,252.0
7,91,5.0,0.0,2.0,[6 8],317.0,252.0,265.0,351.0,303.0,279.0,453.0,308.0,528.0,304.0
7,92,5.0,0.0,2.0,[6 8],528.0,304.0,303.0,279.0,317.0,252.0,422.0,296.0,453.0,308.0
7,93,5.0,0.0,2.0,[6 8],453.0,308.0,317.0,252.0,528.0,304.0,353.0,350.0,422.0,296.0
7,94,5.0,0.0,2.0,[6 8],422.0,296.0,528.0,304.0,453.0,308.0,352.0,328.0,353.0,350.0
7,95,5.0,0.0,2.0,[6 8],353.0,350.0,453.0,308.0,422.0,296.0,340.0,337.0,352.0,328.0
7,96,5.0,0.0,2.0,[6 8],352.0,328.0,422.0,296.0,353.0,350.0,315.0,330.0,340.0,337.0
7,97,5.0,0.0,2.0,[6 8],340.0,337.0,353.0,350.0,352.0,328.0,359.0,287.0,315.0,330.0
7,98,5.0,0.0,2.0,[6 8],315.0,330.0,352.0,328.0,340.0,337.0,363.0,279.0,359.0,287.0
7,99,5.0,0.0,2.0,[6 8],359.0,287.0,340.0,337.0,315.0,330.0,518.0,276.0,363.0,279.0
7,100,5.0,0.0,2.0,[6 8],363.0,279.0,315.0,330.0,359.0,287.0,607.0,345.0,518.0,276.0
7,101,5.0,0.0,2.0,[6 8],518.0,276.0,359.0,287.0,363.0,279.0,788.0,366.0,607.0,345.0
7,102,5.0,0.0,2.0,[6 8],607.0,345.0,363.0,279.0,518.0,276.0,650.0,406.0,788.0,366.0
7,103,5.0,0.0,2.0,[6 8],788.0,366.0,518.0,276.0,607.0,345.0,515.0,491.0,650.0,406.0
7,104,5.0,0.0,2.0,[6 8],650.0,406.0,607.0,345.0,788.0,366.0,709.0,448.0,515.0,491.0
7,105,5.0,0.0,2.0,[6 8],515.0,491.0,788.0,366.0,650.0,406.0,672.0,430.0,709.0,448.0
7,106,5.0,0.0,2.0,[6 8],709.0,448.0,650.0,406.0,515.0,491.0,487.0,526.0,672.0,430.0
7,107,5.0,0.0,2.0,[6 8],672.0,430.0,515.0,491.0,709.0,448.0,504.0,408.0,487.0,526.0
7,108,5.0,0.0,2.0,[6 8],487.0,526.0,709.0,448.0,672.0,430.0,353.0,429.0,504.0,408.0
7,109,5.0,0.0,2.0,[6 8],504.0,408.0,672.0,430.0,487.0,526.0,287.0,467.0,353.0,429.0
7,110,5.0,0.0,2.0,[6 8],353.0,429.0,487.0,526.0,504.0,408.0,352.0,557.0,287.0,467.0
7,111,5.0,0.0,2.0,[6 8],287.0,467.0,504.0,408.0,353.0,429.0,455.0,323.0,352.0,557.0
7,112,5.0,0.0,2.0,[6 8],352.0,557.0,353.0,429.0,287.0,467.0,276.0,254.0,455.0,323.0
7,113,5.0,0.0,2.0,[6 8],455.0,323.0,287.0,467.0,352.0,557.0,275.0,416.0,276.0,254.0
7,114,5.0,0.0,2.0,[6 8],276.0,254.0,352.0,557.0,455.0,323.0,348.0,306.0,275.0,416.0
7,115,5.0,0.0,2.0,[6 8],275.0,416.0,455.0,323.0,276.0,254.0,447.0,277.0,348.0,306.0
7,116,5.0,0.0,2.0,[6 8],348.0,306.0,276.0,254.0,275.0,416.0,328.0,248.0,447.0,277.0
7,117,5.0,0.0,2.0,[6 8],447.0,277.0,275.0,416.0,348.0,306.0,199.0,254.0,328.0,248.0
7,118,5.0,0.0,2.0,[6 8],328.0,248.0,348.0,306.0,447.0,277.0,235.0,194.0,199.0,254.0
7,119,5.0,0.0,2.0,[6 8],199.0,254.0,447.0,277.0,328.0,248.0,281.0,220.0,235.0,194.0
7,120,5.0,0.0,2.0,[6 8],235.0,194.0,328.0,248.0,199.0,254.0,187.0,197.0,281.0,220.0
7,121,5.0,0.0,2.0,[6 8],281.0,220.0,199.0,254.0,235.0,194.0,175.0,185.0,187.0,197.0
7,122,5.0,0.0,2.0,[6 8],187.0,197.0,235.0,194.0,281.0,220.0,228.0,197.0,175.0,185.0
7,123,5.0,0.0,2.0,[6 8],175.0,185.0,281.0,220.0,187.0,197.0,207.0,208.0,228.0,197.0
7,124,5.0,0.0,2.0,[6 8],228.0,197.0,187.0,197.0,175.0,185.0,167.0,152.0,207.0,208.0
7,125,5.0,0.0,2.0,[6 8],207.0,208.0,175.0,185.0,228.0,197.0,170.0,153.0,167.0,152.0
7,126,5.0,0.0,2.0,[6 8],167.0,152.0,228.0,197.0,207.0,208.0,131.0,145.0,170.0,153.0
7,127,5.0,0.0,2.0,[6 8],170.0,153.0,207.0,208.0,167.0,152.0,71.0,203.0,131.0,145.0
7,128,5.0,0.0,2.0,[6 8],131.0,145.0,167.0,152.0,170.0,153.0,82.0,208.0,71.0,203.0
7,129,5.0,0.0,2.0,[6 8],71.0,203.0,170.0,153.0,131.0,145.0,81.0,161.0,82.0,208.0
7,130,5.0,0.0,2.0,[6 8],82.0,208.0,131.0,145.0,71.0,203.0,83.0,139.0,81.0,161.0
7,131,5.0,0.0,2.0,[6 8],81.0,161.0,71.0,203.0,82.0,208.0,68.0,118.0,83.0,139.0
7,132,5.0,0.0,2.0,[6 8],83.0,139.0,82.0,208.0,81.0,161.0,54.0,83.0,68.0,118.0
7,133,5.0,0.0,2.0,[6 8],68.0,118.0,81.0,161.0,83.0,139.0,308.0,77.0,54.0,83.0
7,134,5.0,0.0,2.0,[6 8],54.0,83.0,83.0,139.0,68.0,118.0,163.0,84.0,308.0,77.0
7,135,5.0,0.0,2.0,[6 8],308.0,77.0,68.0,118.0,54.0,83.0,35.0,65.0,163.0,84.0
7,136,5.0,0.0,2.0,[6 8],163.0,84.0,54.0,83.0,308.0,77.0,15.0,39.0,35.0,65.0
7,137,5.0,0.0,2.0,[6 8],35.0,65.0,308.0,77.0,163.0,84.0,3.0,26.0,15.0,39.0
7,138,5.0,0.0,2.0,[6 8],15.0,39.0,163.0,84.0,35.0,65.0,9.0,17.0,3.0,26.0
7,139,5.0,0.0,2.0,[6 8],3.0,26.0,35.0,65.0,15.0,39.0,0.0,11.0,9.0,17.0
7,140,5.0,0.0,2.0,[6 8],9.0,17.0,15.0,39.0,3.0,26.0,0.0,0.0,0.0,11.0
7,141,5.0,0.0,2.0,[6 8],0.0,11.0,3.0,26.0,9.0,17.0,0.0,0.0,0.0,0.0
7,142,5.0,0.0,2.0,[6 8],0.0,0.0,9.0,17.0,0.0,11.0,0.0,0.0,0.0,0.0
7,143,5.0,0.0,2.0,[6 8],0.0,0.0,0.0,11.0,0.0,0.0,0.0,0.0,0.0,0.0
8,0,5.0,0.0,2.0,[7 9],0.0,0.0,0.0,0.0,0.0,0.0,0.0,0.0,0.0,0.0
8,1,5.0,0.0,2.0,[7 9],0.0,0.0,0.0,0.0,0.0,0.0,0.0,0.0,0.0,0.0
8,2,5.0,0.0,2.0,[7 9],0.0,0.0,0.0,0.0,0.0,0.0,0.0,0.0,0.0,0.0
8,3,5.0,0.0,2.0,[7 9],0.0,0.0,0.0,0.0,0.0,0.0,0.0,0.0,0.0,0.0
8,4,5.0,0.0,2.0,[7 9],0.0,0.0,0.0,0.0,0.0,0.0,2.0,2.0,0.0,0.0
8,5,5.0,0.0,2.0,[7 9],0.0,0.0,0.0,0.0,0.0,0.0,0.0,0.0,2.0,2.0
8,6,5.0,0.0,2.0,[7 9],2.0,2.0,0.0,0.0,0.0,0.0,0.0,0.0,0.0,0.0
8,7,5.0,0.0,2.0,[7 9],0.0,0.0,0.0,0.0,2.0,2.0,0.0,0.0,0.0,0.0
8,8,5.0,0.0,2.0,[7 9],0.0,0.0,2.0,2.0,0.0,0.0,0.0,0.0,0.0,0.0
8,9,5.0,0.0,2.0,[7 9],0.0,0.0,0.0,0.0,0.0,0.0,0.0,0.0,0.0,0.0
8,10,5.0,0.0,2.0,[7 9],0.0,0.0,0.0,0.0,0.0,0.0,0.0,0.0,0.0,0.0
8,11,5.0,0.0,2.0,[7 9],0.0,0.0,0.0,0.0,0.0,0.0,0.0,0.0,0.0,0.0
8,12,5.0,0.0,2.0,[7 9],0.0,0.0,0.0,0.0,0.0,0.0,0.0,0.0,0.0,0.0
8,13,5.0,0.0,2.0,[7 9],0.0,0.0,0.0,0.0,0.0,0.0,0.0,0.0,0.0,0.0
8,14,5.0,0.0,2.0,[7 9],0.0,0.0,0.0,0.0,0.0,0.0,0.0,0.0,0.0,0.0
8,15,5.0,0.0,2.0,[7 9],0.0,0.0,0.0,0.0,0.0,0.0,0.0,0.0,0.0,0.0
8,16,5.0,0.0,2.0,[7 9],0.0,0.0,0.0,0.0,0.0,0.0,0.0,0.0,0.0,0.0
8,17,5.0,0.0,2.0,[7 9],0.0,0.0,0.0,0.0,0.0,0.0,0.0,0.0,0.0,0.0
8,18,5.0,0.0,2.0,[7 9],0.0,0.0,0.0,0.0,0.0,0.0,0.0,0.0,0.0,0.0
8,19,5.0,0.0,2.0,[7 9],0.0,0.0,0.0,0.0,0.0,0.0,0.0,0.0,0.0,0.0
8,20,5.0,0.0,2.0,[7 9],0.0,0.0,0.0,0.0,0.0,0.0,0.0,0.0,0.0,0.0
8,21,5.0,0.0,2.0,[7 9],0.0,0.0,0.0,0.0,0.0,0.0,0.0,0.0,0.0,0.0
8,22,5.0,0.0,2.0,[7 9],0.0,0.0,0.0,0.0,0.0,0.0,0.0,0.0,0.0,0.0
8,23,5.0,0.0,2.0,[7 9],0.0,0.0,0.0,0.0,0.0,0.0,3.0,0.0,0.0,0.0
8,24,5.0,0.0,2.0,[7 9],0.0,0.0,0.0,0.0,0.0,0.0,1.0,3.0,3.0,0.0
8,25,5.0,0.0,2.0,[7 9],3.0,0.0,0.0,0.0,0.0,0.0,0.0,1.0,1.0,3.0
8,26,5.0,0.0,2.0,[7 9],1.0,3.0,0.0,0.0,3.0,0.0,0.0,0.0,0.0,1.0
8,27,5.0,0.0,2.0,[7 9],0.0,1.0,3.0,0.0,1.0,3.0,0.0,0.0,0.0,0.0
8,28,5.0,0.0,2.0,[7 9],0.0,0.0,1.0,3.0,0.0,1.0,0.0,0.0,0.0,0.0
8,29,5.0,0.0,2.0,[7 9],0.0,0.0,0.0,1.0,0.0,0.0,0.0,0.0,0.0,0.0
8,30,5.0,0.0,2.0,[7 9],0.0,0.0,0.0,0.0,0.0,0.0,0.0,0.0,0.0,0.0
8,31,5.0,0.0,2.0,[7 9],0.0,0.0,0.0,0.0,0.0,0.0,0.0,0.0,0.0,0.0
8,32,5.0,0.0,2.0,[7 9],0.0,0.0,0.0,0.0,0.0,0.0,1.0,0.0,0.0,0.0
8,33,5.0,0.0,2.0,[7 9],0.0,0.0,0.0,0.0,0.0,0.0,7.0,0.0,1.0,0.0
8,34,5.0,0.0,2.0,[7 9],1.0,0.0,0.0,0.0,0.0,0.0,13.0,1.0,7.0,0.0
8,35,5.0,0.0,2.0,[7 9],7.0,0.0,0.0,0.0,1.0,0.0,23.0,9.0,13.0,1.0
8,36,5.0,0.0,2.0,[7 9],13.0,1.0,1.0,0.0,7.0,0.0,25.0,9.0,23.0,9.0
8,37,5.0,0.0,2.0,[7 9],23.0,9.0,7.0,0.0,13.0,1.0,31.0,21.0,25.0,9.0
8,38,5.0,0.0,2.0,[7 9],25.0,9.0,13.0,1.0,23.0,9.0,45.0,59.0,31.0,21.0
8,39,5.0,0.0,2.0,[7 9],31.0,21.0,23.0,9.0,25.0,9.0,63.0,87.0,45.0,59.0
8,40,5.0,0.0,2.0,[7 9],45.0,59.0,25.0,9.0,31.0,21.0,71.0,173.0,63.0,87.0
8,41,5.0,0.0,2.0,[7 9],63.0,87.0,31.0,21.0,45.0,59.0,99.0,141.0,71.0,173.0
8,42,5.0,0.0,2.0,[7 9],71.0,173.0,45.0,59.0,63.0,87.0,144.0,118.0,99.0,141.0
8,43,5.0,0.0,2.0,[7 9],99.0,141.0,63.0,87.0,71.0,173.0,156.0,182.0,144.0,118.0
8,44,5.0,0.0,2.0,[7 9],144.0,118.0,71.0,173.0,99.0,141.0,183.0,272.0,156.0,182.0
8,45,5.0,0.0,2.0,[7 9],156.0,182.0,99.0,141.0,144.0,118.0,223.0,476.0,183.0,272.0
8,46,5.0,0.0,2.0,[7 9],183.0,272.0,144.0,118.0,156.0,182.0,255.0,542.0,223.0,476.0
8,47,5.0,0.0,2.0,[7 9],223.0,476.0,156.0,182.0,183.0,272.0,250.0,837.0,255.0,542.0
8,48,5.0,0.0,2.0,[7 9],255.0,542.0,183.0,272.0,223.0,476.0,283.0,760.0,250.0,837.0
8,49,5.0,0.0,2.0,[7 9],250.0,837.0,223.0,476.0,255.0,542.0,260.0,625.0,283.0,760.0
8,50,5.0,0.0,2.0,[7 9],283.0,760.0,255.0,542.0,250.0,837.0,251.0,705.0,260.0,625.0
8,51,5.0,0.0,2.0,[7 9],260.0,625.0,250.0,837.0,283.0,760.0,201.0,581.0,251.0,705.0
8,52,5.0,0.0,2.0,[7 9],251.0,705.0,283.0,760.0,260.0,625.0,146.0,454.0,201.0,581.0
8,53,5.0,0.0,2.0,[7 9],201.0,581.0,260.0,625.0,251.0,705.0,158.0,420.0,146.0,454.0
8,54,5.0,0.0,2.0,[7 9],146.0,454.0,251.0,705.0,201.0,581.0,139.0,297.0,158.0,420.0
8,55,5.0,0.0,2.0,[7 9],158.0,420.0,201.0,581.0,146.0,454.0,148.0,398.0,139.0,297.0
8,56,5.0,0.0,2.0,[7 9],139.0,297.0,146.0,454.0,158.0,420.0,112.0,239.0,148.0,398.0
8,57,5.0,0.0,2.0,[7 9],148.0,398.0,158.0,420.0,139.0,297.0,146.0,287.0,112.0,239.0
8,58,5.0,0.0,2.0,[7 9],112.0,239.0,139.0,297.0,148.0,398.0,148.0,244.0,146.0,287.0
8,59,5.0,0.0,2.0,[7 9],146.0,287.0,148.0,398.0,112.0,239.0,133.0,223.0,148.0,244.0
8,60,5.0,0.0,2.0,[7 9],148.0,244.0,112.0,239.0,146.0,287.0,130.0,184.0,133.0,223.0
8,61,5.0,0.0,2.0,[7 9],133.0,223.0,146.0,287.0,148.0,244.0,129.0,157.0,130.0,184.0
8,62,5.0,0.0,2.0,[7 9],130.0,184.0,148.0,244.0,133.0,223.0,111.0,200.0,129.0,157.0
8,63,5.0,0.0,2.0,[7 9],129.0,157.0,133.0,223.0,130.0,184.0,124.0,169.0,111.0,200.0
8,64,5.0,0.0,2.0,[7 9],111.0,200.0,130.0,184.0,129.0,157.0,109.0,205.0,124.0,169.0
8,65,5.0,0.0,2.0,[7 9],124.0,169.0,129.0,157.0,111.0,200.0,125.0,135.0,109.0,205.0
8,66,5.0,0.0,2.0,[7 9],109.0,205.0,111.0,200.0,124.0,169.0,142.0,145.0,125.0,135.0
8,67,5.0,0.0,2.0,[7 9],125.0,135.0,124.0,169.0,109.0,205.0,136.0,166.0,142.0,145.0
8,68,5.0,0.0,2.0,[7 9],142.0,145.0,109.0,205.0,125.0,135.0,145.0,181.0,136.0,166.0
8,69,5.0,0.0,2.0,[7 9],136.0,166.0,125.0,135.0,142.0,145.0,148.0,177.0,145.0,181.0
8,70,5.0,0.0,2.0,[7 9],145.0,181.0,142.0,145.0,136.0,166.0,144.0,151.0,148.0,177.0
8,71,5.0,0.0,2.0,[7 9],148.0,177.0,136.0,166.0,145.0,181.0,166.0,179.0,144.0,151.0
8,72,5.0,0.0,2.0,[7 9],144.0,151.0,145.0,181.0,148.0,177.0,137.0,137.0,166.0,179.0
8,73,5.0,0.0,2.0,[7 9],166.0,179.0,148.0,177.0,144.0,151.0,178.0,145.0,137.0,137.0
8,74,5.0,0.0,2.0,[7 9],137.0,137.0,144.0,151.0,166.0,179.0,163.0,159.0,178.0,145.0
8,75,5.0,0.0,2.0,[7 9],178.0,145.0,166.0,179.0,137.0,137.0,155.0,185.0,163.0,159.0
8,76,5.0,0.0,2.0,[7 9],163.0,159.0,137.0,137.0,178.0,145.0,163.0,211.0,155.0,185.0
8,77,5.0,0.0,2.0,[7 9],155.0,185.0,178.0,145.0,163.0,159.0,158.0,171.0,163.0,211.0
8,78,5.0,0.0,2.0,[7 9],163.0,211.0,163.0,159.0,155.0,185.0,146.0,161.0,158.0,171.0
8,79,5.0,0.0,2.0,[7 9],158.0,171.0,155.0,185.0,163.0,211.0,150.0,163.0,146.0,161.0
8,80,5.0,0.0,2.0,[7 9],146.0,161.0,163.0,211.0,158.0,171.0,167.0,170.0,150.0,163.0
8,81,5.0,0.0,2.0,[7 9],150.0,163.0,158.0,171.0,146.0,161.0,155.0,226.0,167.0,170.0
8,82,5.0,0.0,2.0,[7 9],167.0,170.0,146.0,161.0,150.0,163.0,156.0,177.0,155.0,226.0
8,83,5.0,0.0,2.0,[7 9],155.0,226.0,150.0,163.0,167.0,170.0,185.0,186.0,156.0,177.0
8,84,5.0,0.0,2.0,[7 9],156.0,177.0,167.0,170.0,155.0,226.0,200.0,201.0,185.0,186.0
8,85,5.0,0.0,2.0,[7 9],185.0,186.0,155.0,226.0,156.0,177.0,170.0,220.0,200.0,201.0
8,86,5.0,0.0,2.0,[7 9],200.0,201.0,156.0,177.0,185.0,186.0,149.0,187.0,170.0,220.0
8,87,5.0,0.0,2.0,[7 9],170.0,220.0,185.0,186.0,200.0,201.0,187.0,171.0,149.0,187.0
8,88,5.0,0.0,2.0,[7 9],149.0,187.0,200.0,201.0,170.0,220.0,190.0,149.0,187.0,171.0
8,89,5.0,0.0,2.0,[7 9],187.0,171.0,170.0,220.0,149.0,187.0,221.0,185.0,190.0,149.0
8,90,5.0,0.0,2.0,[7 9],190.0,149.0,149.0,187.0,187.0,171.0,216.0,204.0,221.0,185.0
8,91,5.0,0.0,2.0,[7 9],221.0,185.0,187.0,171.0,190.0,149.0,209.0,209.0,216.0,204.0
8,92,5.0,0.0,2.0,[7 9],216.0,204.0,190.0,149.0,221.0,185.0,210.0,192.0,209.0,209.0
8,93,5.0,0.0,2.0,[7 9],209.0,209.0,221.0,185.0,216.0,204.0,194.0,199.0,210.0,192.0
8,94,5.0,0.0,2.0,[7 9],210.0,192.0,216.0,204.0,209.0,209.0,221.0,189.0,194.0,199.0
8,95,5.0,0.0,2.0,[7 9],194.0,199.0,209.0,209.0,210.0,192.0,243.0,203.0,221.0,189.0
8,96,5.0,0.0,2.0,[7 9],221.0,189.0,210.0,192.0,194.0,199.0,241.0,156.0,243.0,203.0
8,97,5.0,0.0,2.0,[7 9],243.0,203.0,194.0,199.0,221.0,189.0,262.0,210.0,241.0,156.0
8,98,5.0,0.0,2.0,[7 9],241.0,156.0,221.0,189.0,243.0,203.0,258.0,283.0,262.0,210.0
8,99,5.0,0.0,2.0,[7 9],262.0,210.0,243.0,203.0,241.0,156.0,350.0,258.0,258.0,283.0
8,100,5.0,0.0,2.0,[7 9],258.0,283.0,241.0,156.0,262.0,210.0,555.0,219.0,350.0,258.0
8,101,5.0,0.0,2.0,[7 9],350.0,258.0,262.0,210.0,258.0,283.0,705.0,278.0,555.0,219.0
8,102,5.0,0.0,2.0,[7 9],555.0,219.0,258.0,283.0,350.0,258.0,624.0,394.0,705.0,278.0
8,103,5.0,0.0,2.0,[7 9],705.0,278.0,350.0,258.0,555.0,219.0,572.0,372.0,624.0,394.0
8,104,5.0,0.0,2.0,[7 9],624.0,394.0,555.0,219.0,705.0,278.0,769.0,359.0,572.0,372.0
8,105,5.0,0.0,2.0,[7 9],572.0,372.0,705.0,278.0,624.0,394.0,636.0,411.0,769.0,359.0
8,106,5.0,0.0,2.0,[7 9],769.0,359.0,624.0,394.0,572.0,372.0,504.0,256.0,636.0,411.0
8,107,5.0,0.0,2.0,[7 9],636.0,411.0,572.0,372.0,769.0,359.0,474.0,325.0,504.0,256.0
8,108,5.0,0.0,2.0,[7 9],504.0,256.0,769.0,359.0,636.0,411.0,392.0,295.0,474.0,325.0
8,109,5.0,0.0,2.0,[7 9],474.0,325.0,636.0,411.0,504.0,256.0,333.0,338.0,392.0,295.0
8,110,5.0,0.0,2.0,[7 9],392.0,295.0,504.0,256.0,474.0,325.0,326.0,284.0,333.0,338.0
8,111,5.0,0.0,2.0,[7 9],333.0,338.0,474.0,325.0,392.0,295.0,266.0,265.0,326.0,284.0
8,112,5.0,0.0,2.0,[7 9],326.0,284.0,392.0,295.0,333.0,338.0,247.0,237.0,266.0,265.0
8,113,5.0,0.0,2.0,[7 9],266.0,265.0,333.0,338.0,326.0,284.0,257.0,215.0,247.0,237.0
8,114,5.0,0.0,2.0,[7 9],247.0,237.0,326.0,284.0,266.0,265.0,242.0,187.0,257.0,215.0
8,115,5.0,0.0,2.0,[7 9],257.0,215.0,266.0,265.0,247.0,237.0,248.0,177.0,242.0,187.0
8,116,5.0,0.0,2.0,[7 9],242.0,187.0,247.0,237.0,257.0,215.0,205.0,198.0,248.0,177.0
8,117,5.0,0.0,2.0,[7 9],248.0,177.0,257.0,215.0,242.0,187.0,175.0,132.0,205.0,198.0
8,118,5.0,0.0,2.0,[7 9],205.0,198.0,242.0,187.0,248.0,177.0,249.0,164.0,175.0,132.0
8,119,5.0,0.0,2.0,[7 9],175.0,132.0,248.0,177.0,205.0,198.0,269.0,133.0,249.0,164.0
8,120,5.0,0.0,2.0,[7 9],249.0,164.0,205.0,198.0,175.0,132.0,255.0,115.0,269.0,133.0
8,121,5.0,0.0,2.0,[7 9],269.0,133.0,175.0,132.0,249.0,164.0,250.0,144.0,255.0,115.0
8,122,5.0,0.0,2.0,[7 9],255.0,115.0,249.0,164.0,269.0,133.0,254.0,129.0,250.0,144.0
8,123,5.0,0.0,2.0,[7 9],250.0,144.0,269.0,133.0,255.0,115.0,246.0,150.0,254.0,129.0
8,124,5.0,0.0,2.0,[7 9],254.0,129.0,255.0,115.0,250.0,144.0,249.0,147.0,246.0,150.0
8,125,5.0,0.0,2.0,[7 9],246.0,150.0,250.0,144.0,254.0,129.0,217.0,132.0,249.0,147.0
8,126,5.0,0.0,2.0,[7 9],249.0,147.0,254.0,129.0,246.0,150.0,228.0,107.0,217.0,132.0
8,127,5.0,0.0,2.0,[7 9],217.0,132.0,246.0,150.0,249.0,147.0,210.0,119.0,228.0,107.0
8,128,5.0,0.0,2.0,[7 9],228.0,107.0,249.0,147.0,217.0,132.0,189.0,95.0,210.0,119.0
8,129,5.0,0.0,2.0,[7 9],210.0,119.0,217.0,132.0,228.0,107.0,140.0,99.0,189.0,95.0
8,130,5.0,0.0,2.0,[7 9],189.0,95.0,228.0,107.0,210.0,119.0,143.0,118.0,140.0,99.0
8,131,5.0,0.0,2.0,[7 9],140.0,99.0,210.0,119.0,189.0,95.0,164.0,104.0,143.0,118.0
8,132,5.0,0.0,2.0,[7 9],143.0,118.0,189.0,95.0,140.0,99.0,121.0,89.0,164.0,104.0
8,133,5.0,0.0,2.0,[7 9],164.0,104.0,140.0,99.0,143.0,118.0,125.0,62.0,121.0,89.0
8,134,5.0,0.0,2.0,[7 9],121.0,89.0,143.0,118.0,164.0,104.0,229.0,112.0,125.0,62.0
8,135,5.0,0.0,2.0,[7 9],125.0,62.0,164.0,104.0,121.0,89.0,95.0,58.0,229.0,112.0
8,136,5.0,0.0,2.0,[7 9],229.0,112.0,121.0,89.0,125.0,62.0,54.0,36.0,95.0,58.0
8,137,5.0,0.0,2.0,[7 9],95.0,58.0,125.0,62.0,229.0,112.0,8.0,35.0,54.0,36.0
8,138,5.0,0.0,2.0,[7 9],54.0,36.0,229.0,112.0,95.0,58.0,3.0,13.0,8.0,35.0
8,139,5.0,0.0,2.0,[7 9],8.0,35.0,95.0,58.0,54.0,36.0,0.0,13.0,3.0,13.0
8,140,5.0,0.0,2.0,[7 9],3.0,13.0,54.0,36.0,8.0,35.0,0.0,0.0,0.0,13.0
8,141,5.0,0.0,2.0,[7 9],0.0,13.0,8.0,35.0,3.0,13.0,0.0,0.0,0.0,0.0
8,142,5.0,0.0,2.0,[7 9],0.0,0.0,3.0,13.0,0.0,13.0,0.0,0.0,0.0,0.0
8,143,5.0,0.0,2.0,[7 9],0.0,0.0,0.0,13.0,0.0,0.0,0.0,0.0,0.0,0.0
9,0,5.0,0.0,3.0,[ 8 10 51],0.0,0.0,0.0,0.0,0.0,0.0,0.0,0.0,0.0,0.0
9,1,5.0,0.0,3.0,[ 8 10 51],0.0,0.0,0.0,0.0,0.0,0.0,0.0,0.0,0.0,0.0
9,2,5.0,0.0,3.0,[ 8 10 51],0.0,0.0,0.0,0.0,0.0,0.0,0.0,0.0,0.0,0.0
9,3,5.0,0.0,3.0,[ 8 10 51],0.0,0.0,0.0,0.0,0.0,0.0,0.0,0.0,0.0,0.0
9,4,5.0,0.0,3.0,[ 8 10 51],0.0,0.0,0.0,0.0,0.0,0.0,0.0,0.0,0.0,0.0
9,5,5.0,0.0,3.0,[ 8 10 51],0.0,0.0,0.0,0.0,0.0,0.0,0.0,0.0,0.0,0.0
9,6,5.0,0.0,3.0,[ 8 10 51],0.0,0.0,0.0,0.0,0.0,0.0,0.0,0.0,0.0,0.0
9,7,5.0,0.0,3.0,[ 8 10 51],0.0,0.0,0.0,0.0,0.0,0.0,0.0,0.0,0.0,0.0
9,8,5.0,0.0,3.0,[ 8 10 51],0.0,0.0,0.0,0.0,0.0,0.0,0.0,0.0,0.0,0.0
9,9,5.0,0.0,3.0,[ 8 10 51],0.0,0.0,0.0,0.0,0.0,0.0,0.0,0.0,0.0,0.0
9,10,5.0,0.0,3.0,[ 8 10 51],0.0,0.0,0.0,0.0,0.0,0.0,0.0,0.0,0.0,0.0
9,11,5.0,0.0,3.0,[ 8 10 51],0.0,0.0,0.0,0.0,0.0,0.0,0.0,0.0,0.0,0.0
9,12,5.0,0.0,3.0,[ 8 10 51],0.0,0.0,0.0,0.0,0.0,0.0,0.0,0.0,0.0,0.0
9,13,5.0,0.0,3.0,[ 8 10 51],0.0,0.0,0.0,0.0,0.0,0.0,0.0,0.0,0.0,0.0
9,14,5.0,0.0,3.0,[ 8 10 51],0.0,0.0,0.0,0.0,0.0,0.0,0.0,0.0,0.0,0.0
9,15,5.0,0.0,3.0,[ 8 10 51],0.0,0.0,0.0,0.0,0.0,0.0,0.0,0.0,0.0,0.0
9,16,5.0,0.0,3.0,[ 8 10 51],0.0,0.0,0.0,0.0,0.0,0.0,0.0,0.0,0.0,0.0
9,17,5.0,0.0,3.0,[ 8 10 51],0.0,0.0,0.0,0.0,0.0,0.0,0.0,0.0,0.0,0.0
9,18,5.0,0.0,3.0,[ 8 10 51],0.0,0.0,0.0,0.0,0.0,0.0,0.0,0.0,0.0,0.0
9,19,5.0,0.0,3.0,[ 8 10 51],0.0,0.0,0.0,0.0,0.0,0.0,0.0,0.0,0.0,0.0
9,20,5.0,0.0,3.0,[ 8 10 51],0.0,0.0,0.0,0.0,0.0,0.0,0.0,0.0,0.0,0.0
9,21,5.0,0.0,3.0,[ 8 10 51],0.0,0.0,0.0,0.0,0.0,0.0,0.0,0.0,0.0,0.0
9,22,5.0,0.0,3.0,[ 8 10 51],0.0,0.0,0.0,0.0,0.0,0.0,0.0,0.0,0.0,0.0
9,23,5.0,0.0,3.0,[ 8 10 51],0.0,0.0,0.0,0.0,0.0,0.0,0.0,0.0,0.0,0.0
9,24,5.0,0.0,3.0,[ 8 10 51],0.0,0.0,0.0,0.0,0.0,0.0,0.0,0.0,0.0,0.0
9,25,5.0,0.0,3.0,[ 8 10 51],0.0,0.0,0.0,0.0,0.0,0.0,0.0,0.0,0.0,0.0
9,26,5.0,0.0,3.0,[ 8 10 51],0.0,0.0,0.0,0.0,0.0,0.0,0.0,0.0,0.0,0.0
9,27,5.0,0.0,3.0,[ 8 10 51],0.0,0.0,0.0,0.0,0.0,0.0,0.0,0.0,0.0,0.0
9,28,5.0,0.0,3.0,[ 8 10 51],0.0,0.0,0.0,0.0,0.0,0.0,0.0,0.0,0.0,0.0
9,29,5.0,0.0,3.0,[ 8 10 51],0.0,0.0,0.0,0.0,0.0,0.0,0.0,0.0,0.0,0.0
9,30,5.0,0.0,3.0,[ 8 10 51],0.0,0.0,0.0,0.0,0.0,0.0,0.0,0.0,0.0,0.0
9,31,5.0,0.0,3.0,[ 8 10 51],0.0,0.0,0.0,0.0,0.0,0.0,0.0,0.0,0.0,0.0
9,32,5.0,0.0,3.0,[ 8 10 51],0.0,0.0,0.0,0.0,0.0,0.0,4.0,0.0,0.0,0.0
9,33,5.0,0.0,3.0,[ 8 10 51],0.0,0.0,0.0,0.0,0.0,0.0,13.0,0.0,4.0,0.0
9,34,5.0,0.0,3.0,[ 8 10 51],4.0,0.0,0.0,0.0,0.0,0.0,14.0,0.0,13.0,0.0
9,35,5.0,0.0,3.0,[ 8 10 51],13.0,0.0,0.0,0.0,4.0,0.0,19.0,24.0,14.0,0.0
9,36,5.0,0.0,3.0,[ 8 10 51],14.0,0.0,4.0,0.0,13.0,0.0,20.0,33.0,19.0,24.0
9,37,5.0,0.0,3.0,[ 8 10 51],19.0,24.0,13.0,0.0,14.0,0.0,18.0,97.0,20.0,33.0
9,38,5.0,0.0,3.0,[ 8 10 51],20.0,33.0,14.0,0.0,19.0,24.0,20.0,100.0,18.0,97.0
9,39,5.0,0.0,3.0,[ 8 10 51],18.0,97.0,19.0,24.0,20.0,33.0,34.0,179.0,20.0,100.0
9,40,5.0,0.0,3.0,[ 8 10 51],20.0,100.0,20.0,33.0,18.0,97.0,38.0,228.0,34.0,179.0
9,41,5.0,0.0,3.0,[ 8 10 51],34.0,179.0,18.0,97.0,20.0,100.0,57.0,306.0,38.0,228.0
9,42,5.0,0.0,3.0,[ 8 10 51],38.0,228.0,20.0,100.0,34.0,179.0,75.0,366.0,57.0,306.0
9,43,5.0,0.0,3.0,[ 8 10 51],57.0,306.0,34.0,179.0,38.0,228.0,64.0,608.0,75.0,366.0
9,44,5.0,0.0,3.0,[ 8 10 51],75.0,366.0,38.0,228.0,57.0,306.0,108.0,1045.0,64.0,608.0
9,45,5.0,0.0,3.0,[ 8 10 51],64.0,608.0,57.0,306.0,75.0,366.0,113.0,1047.0,108.0,1045.0
9,46,5.0,0.0,3.0,[ 8 10 51],108.0,1045.0,75.0,366.0,64.0,608.0,142.0,711.0,113.0,1047.0
9,47,5.0,0.0,3.0,[ 8 10 51],113.0,1047.0,64.0,608.0,108.0,1045.0,155.0,703.0,142.0,711.0
9,48,5.0,0.0,3.0,[ 8 10 51],142.0,711.0,108.0,1045.0,113.0,1047.0,178.0,785.0,155.0,703.0
9,49,5.0,0.0,3.0,[ 8 10 51],155.0,703.0,113.0,1047.0,142.0,711.0,167.0,856.0,178.0,785.0
9,50,5.0,0.0,3.0,[ 8 10 51],178.0,785.0,142.0,711.0,155.0,703.0,153.0,1069.0,167.0,856.0
9,51,5.0,0.0,3.0,[ 8 10 51],167.0,856.0,155.0,703.0,178.0,785.0,146.0,1000.0,153.0,1069.0
9,52,5.0,0.0,3.0,[ 8 10 51],153.0,1069.0,178.0,785.0,167.0,856.0,204.0,902.0,146.0,1000.0
9,53,5.0,0.0,3.0,[ 8 10 51],146.0,1000.0,167.0,856.0,153.0,1069.0,213.0,803.0,204.0,902.0
9,54,5.0,0.0,3.0,[ 8 10 51],204.0,902.0,153.0,1069.0,146.0,1000.0,187.0,801.0,213.0,803.0
9,55,5.0,0.0,3.0,[ 8 10 51],213.0,803.0,146.0,1000.0,204.0,902.0,222.0,787.0,187.0,801.0
9,56,5.0,0.0,3.0,[ 8 10 51],187.0,801.0,204.0,902.0,213.0,803.0,205.0,573.0,222.0,787.0
9,57,5.0,0.0,3.0,[ 8 10 51],222.0,787.0,213.0,803.0,187.0,801.0,208.0,572.0,205.0,573.0
9,58,5.0,0.0,3.0,[ 8 10 51],205.0,573.0,187.0,801.0,222.0,787.0,236.0,498.0,208.0,572.0
9,59,5.0,0.0,3.0,[ 8 10 51],208.0,572.0,222.0,787.0,205.0,573.0,246.0,493.0,236.0,498.0
9,60,5.0,0.0,3.0,[ 8 10 51],236.0,498.0,205.0,573.0,208.0,572.0,229.0,489.0,246.0,493.0
9,61,5.0,0.0,3.0,[ 8 10 51],246.0,493.0,208.0,572.0,236.0,498.0,238.0,521.0,229.0,489.0
9,62,5.0,0.0,3.0,[ 8 10 51],229.0,489.0,236.0,498.0,246.0,493.0,252.0,409.0,238.0,521.0
9,63,5.0,0.0,3.0,[ 8 10 51],238.0,521.0,246.0,493.0,229.0,489.0,255.0,411.0,252.0,409.0
9,64,5.0,0.0,3.0,[ 8 10 51],252.0,409.0,229.0,489.0,238.0,521.0,282.0,409.0,255.0,411.0
9,65,5.0,0.0,3.0,[ 8 10 51],255.0,411.0,238.0,521.0,252.0,409.0,272.0,387.0,282.0,409.0
9,66,5.0,0.0,3.0,[ 8 10 51],282.0,409.0,252.0,409.0,255.0,411.0,327.0,379.0,272.0,387.0
9,67,5.0,0.0,3.0,[ 8 10 51],272.0,387.0,255.0,411.0,282.0,409.0,270.0,336.0,327.0,379.0
9,68,5.0,0.0,3.0,[ 8 10 51],327.0,379.0,282.0,409.0,272.0,387.0,292.0,410.0,270.0,336.0
9,69,5.0,0.0,3.0,[ 8 10 51],270.0,336.0,272.0,387.0,327.0,379.0,325.0,409.0,292.0,410.0
9,70,5.0,0.0,3.0,[ 8 10 51],292.0,410.0,327.0,379.0,270.0,336.0,367.0,424.0,325.0,409.0
9,71,5.0,0.0,3.0,[ 8 10 51],325.0,409.0,270.0,336.0,292.0,410.0,340.0,338.0,367.0,424.0
9,72,5.0,0.0,3.0,[ 8 10 51],367.0,424.0,292.0,410.0,325.0,409.0,343.0,400.0,340.0,338.0
9,73,5.0,0.0,3.0,[ 8 10 51],340.0,338.0,325.0,409.0,367.0,424.0,354.0,411.0,343.0,400.0
9,74,5.0,0.0,3.0,[ 8 10 51],343.0,400.0,367.0,424.0,340.0,338.0,334.0,529.0,354.0,411.0
9,75,5.0,0.0,3.0,[ 8 10 51],354.0,411.0,340.0,338.0,343.0,400.0,281.0,474.0,334.0,529.0
9,76,5.0,0.0,3.0,[ 8 10 51],334.0,529.0,343.0,400.0,354.0,411.0,332.0,430.0,281.0,474.0
9,77,5.0,0.0,3.0,[ 8 10 51],281.0,474.0,354.0,411.0,334.0,529.0,337.0,426.0,332.0,430.0
9,78,5.0,0.0,3.0,[ 8 10 51],332.0,430.0,334.0,529.0,281.0,474.0,346.0,531.0,337.0,426.0
9,79,5.0,0.0,3.0,[ 8 10 51],337.0,426.0,281.0,474.0,332.0,430.0,331.0,619.0,346.0,531.0
9,80,5.0,0.0,3.0,[ 8 10 51],346.0,531.0,332.0,430.0,337.0,426.0,332.0,465.0,331.0,619.0
9,81,5.0,0.0,3.0,[ 8 10 51],331.0,619.0,337.0,426.0,346.0,531.0,379.0,386.0,332.0,465.0
9,82,5.0,0.0,3.0,[ 8 10 51],332.0,465.0,346.0,531.0,331.0,619.0,365.0,510.0,379.0,386.0
9,83,5.0,0.0,3.0,[ 8 10 51],379.0,386.0,331.0,619.0,332.0,465.0,402.0,413.0,365.0,510.0
9,84,5.0,0.0,3.0,[ 8 10 51],365.0,510.0,332.0,465.0,379.0,386.0,435.0,397.0,402.0,413.0
9,85,5.0,0.0,3.0,[ 8 10 51],402.0,413.0,379.0,386.0,365.0,510.0,431.0,348.0,435.0,397.0
9,86,5.0,0.0,3.0,[ 8 10 51],435.0,397.0,365.0,510.0,402.0,413.0,436.0,400.0,431.0,348.0
9,87,5.0,0.0,3.0,[ 8 10 51],431.0,348.0,402.0,413.0,435.0,397.0,402.0,436.0,436.0,400.0
9,88,5.0,0.0,3.0,[ 8 10 51],436.0,400.0,435.0,397.0,431.0,348.0,470.0,438.0,402.0,436.0
9,89,5.0,0.0,3.0,[ 8 10 51],402.0,436.0,431.0,348.0,436.0,400.0,590.0,387.0,470.0,438.0
9,90,5.0,0.0,3.0,[ 8 10 51],470.0,438.0,436.0,400.0,402.0,436.0,531.0,355.0,590.0,387.0
9,91,5.0,0.0,3.0,[ 8 10 51],590.0,387.0,402.0,436.0,470.0,438.0,540.0,420.0,531.0,355.0
9,92,5.0,0.0,3.0,[ 8 10 51],531.0,355.0,470.0,438.0,590.0,387.0,576.0,520.0,540.0,420.0
9,93,5.0,0.0,3.0,[ 8 10 51],540.0,420.0,590.0,387.0,531.0,355.0,562.0,387.0,576.0,520.0
9,94,5.0,0.0,3.0,[ 8 10 51],576.0,520.0,531.0,355.0,540.0,420.0,600.0,391.0,562.0,387.0
9,95,5.0,0.0,3.0,[ 8 10 51],562.0,387.0,540.0,420.0,576.0,520.0,546.0,359.0,600.0,391.0
9,96,5.0,0.0,3.0,[ 8 10 51],600.0,391.0,576.0,520.0,562.0,387.0,686.0,359.0,546.0,359.0
9,97,5.0,0.0,3.0,[ 8 10 51],546.0,359.0,562.0,387.0,600.0,391.0,598.0,396.0,686.0,359.0
9,98,5.0,0.0,3.0,[ 8 10 51],686.0,359.0,600.0,391.0,546.0,359.0,645.0,389.0,598.0,396.0
9,99,5.0,0.0,3.0,[ 8 10 51],598.0,396.0,546.0,359.0,686.0,359.0,684.0,398.0,645.0,389.0
9,100,5.0,0.0,3.0,[ 8 10 51],645.0,389.0,686.0,359.0,598.0,396.0,781.0,285.0,684.0,398.0
9,101,5.0,0.0,3.0,[ 8 10 51],684.0,398.0,598.0,396.0,645.0,389.0,859.0,450.0,781.0,285.0
9,102,5.0,0.0,3.0,[ 8 10 51],781.0,285.0,645.0,389.0,684.0,398.0,859.0,485.0,859.0,450.0
9,103,5.0,0.0,3.0,[ 8 10 51],859.0,450.0,684.0,398.0,781.0,285.0,800.0,445.0,859.0,485.0
9,104,5.0,0.0,3.0,[ 8 10 51],859.0,485.0,781.0,285.0,859.0,450.0,879.0,581.0,800.0,445.0
9,105,5.0,0.0,3.0,[ 8 10 51],800.0,445.0,859.0,450.0,859.0,485.0,810.0,403.0,879.0,581.0
9,106,5.0,0.0,3.0,[ 8 10 51],879.0,581.0,859.0,485.0,800.0,445.0,717.0,586.0,810.0,403.0
9,107,5.0,0.0,3.0,[ 8 10 51],810.0,403.0,800.0,445.0,879.0,581.0,706.0,486.0,717.0,586.0
9,108,5.0,0.0,3.0,[ 8 10 51],717.0,586.0,879.0,581.0,810.0,403.0,599.0,584.0,706.0,486.0
9,109,5.0,0.0,3.0,[ 8 10 51],706.0,486.0,810.0,403.0,717.0,586.0,561.0,464.0,599.0,584.0
9,110,5.0,0.0,3.0,[ 8 10 51],599.0,584.0,717.0,586.0,706.0,486.0,529.0,496.0,561.0,464.0
9,111,5.0,0.0,3.0,[ 8 10 51],561.0,464.0,706.0,486.0,599.0,584.0,469.0,438.0,529.0,496.0
9,112,5.0,0.0,3.0,[ 8 10 51],529.0,496.0,599.0,584.0,561.0,464.0,484.0,447.0,469.0,438.0
9,113,5.0,0.0,3.0,[ 8 10 51],469.0,438.0,561.0,464.0,529.0,496.0,500.0,312.0,484.0,447.0
9,114,5.0,0.0,3.0,[ 8 10 51],484.0,447.0,529.0,496.0,469.0,438.0,581.0,388.0,500.0,312.0
9,115,5.0,0.0,3.0,[ 8 10 51],500.0,312.0,469.0,438.0,484.0,447.0,485.0,279.0,581.0,388.0
9,116,5.0,0.0,3.0,[ 8 10 51],581.0,388.0,484.0,447.0,500.0,312.0,475.0,295.0,485.0,279.0
9,117,5.0,0.0,3.0,[ 8 10 51],485.0,279.0,500.0,312.0,581.0,388.0,521.0,212.0,475.0,295.0
9,118,5.0,0.0,3.0,[ 8 10 51],475.0,295.0,581.0,388.0,485.0,279.0,537.0,287.0,521.0,212.0
9,119,5.0,0.0,3.0,[ 8 10 51],521.0,212.0,485.0,279.0,475.0,295.0,614.0,175.0,537.0,287.0
9,120,5.0,0.0,3.0,[ 8 10 51],537.0,287.0,475.0,295.0,521.0,212.0,647.0,202.0,614.0,175.0
9,121,5.0,0.0,3.0,[ 8 10 51],614.0,175.0,521.0,212.0,537.0,287.0,557.0,142.0,647.0,202.0
9,122,5.0,0.0,3.0,[ 8 10 51],647.0,202.0,537.0,287.0,614.0,175.0,547.0,249.0,557.0,142.0
9,123,5.0,0.0,3.0,[ 8 10 51],557.0,142.0,614.0,175.0,647.0,202.0,516.0,133.0,547.0,249.0
9,124,5.0,0.0,3.0,[ 8 10 51],547.0,249.0,647.0,202.0,557.0,142.0,538.0,116.0,516.0,133.0
9,125,5.0,0.0,3.0,[ 8 10 51],516.0,133.0,557.0,142.0,547.0,249.0,547.0,132.0,538.0,116.0
9,126,5.0,0.0,3.0,[ 8 10 51],538.0,116.0,547.0,249.0,516.0,133.0,523.0,119.0,547.0,132.0
9,127,5.0,0.0,3.0,[ 8 10 51],547.0,132.0,516.0,133.0,538.0,116.0,550.0,115.0,523.0,119.0
9,128,5.0,0.0,3.0,[ 8 10 51],523.0,119.0,538.0,116.0,547.0,132.0,510.0,74.0,550.0,115.0
9,129,5.0,0.0,3.0,[ 8 10 51],550.0,115.0,547.0,132.0,523.0,119.0,482.0,65.0,510.0,74.0
9,130,5.0,0.0,3.0,[ 8 10 51],510.0,74.0,523.0,119.0,550.0,115.0,641.0,69.0,482.0,65.0
9,131,5.0,0.0,3.0,[ 8 10 51],482.0,65.0,550.0,115.0,510.0,74.0,612.0,80.0,641.0,69.0
9,132,5.0,0.0,3.0,[ 8 10 51],641.0,69.0,510.0,74.0,482.0,65.0,364.0,52.0,612.0,80.0
9,133,5.0,0.0,3.0,[ 8 10 51],612.0,80.0,482.0,65.0,641.0,69.0,402.0,57.0,364.0,52.0
9,134,5.0,0.0,3.0,[ 8 10 51],364.0,52.0,641.0,69.0,612.0,80.0,251.0,62.0,402.0,57.0
9,135,5.0,0.0,3.0,[ 8 10 51],402.0,57.0,612.0,80.0,364.0,52.0,171.0,25.0,251.0,62.0
9,136,5.0,0.0,3.0,[ 8 10 51],251.0,62.0,364.0,52.0,402.0,57.0,96.0,33.0,171.0,25.0
9,137,5.0,0.0,3.0,[ 8 10 51],171.0,25.0,402.0,57.0,251.0,62.0,16.0,11.0,96.0,33.0
9,138,5.0,0.0,3.0,[ 8 10 51],96.0,33.0,251.0,62.0,171.0,25.0,8.0,20.0,16.0,11.0
9,139,5.0,0.0,3.0,[ 8 10 51],16.0,11.0,171.0,25.0,96.0,33.0,0.0,0.0,8.0,20.0
9,140,5.0,0.0,3.0,[ 8 10 51],8.0,20.0,96.0,33.0,16.0,11.0,0.0,0.0,0.0,0.0
9,141,5.0,0.0,3.0,[ 8 10 51],0.0,0.0,16.0,11.0,8.0,20.0,0.0,0.0,0.0,0.0
9,142,5.0,0.0,3.0,[ 8 10 51],0.0,0.0,8.0,20.0,0.0,0.0,0.0,0.0,0.0,0.0
9,143,5.0,0.0,3.0,[ 8 10 51],0.0,0.0,0.0,0.0,0.0,0.0,0.0,0.0,0.0,0.0
10,0,5.0,0.0,4.0,[ 9 11 50 52],0.0,0.0,0.0,0.0,0.0,0.0,0.0,0.0,0.0,0.0
10,1,5.0,0.0,4.0,[ 9 11 50 52],0.0,0.0,0.0,0.0,0.0,0.0,0.0,0.0,0.0,0.0
10,2,5.0,0.0,4.0,[ 9 11 50 52],0.0,0.0,0.0,0.0,0.0,0.0,0.0,0.0,0.0,0.0
10,3,5.0,0.0,4.0,[ 9 11 50 52],0.0,0.0,0.0,0.0,0.0,0.0,0.0,0.0,0.0,0.0
10,4,5.0,0.0,4.0,[ 9 11 50 52],0.0,0.0,0.0,0.0,0.0,0.0,0.0,0.0,0.0,0.0
10,5,5.0,0.0,4.0,[ 9 11 50 52],0.0,0.0,0.0,0.0,0.0,0.0,0.0,0.0,0.0,0.0
10,6,5.0,0.0,4.0,[ 9 11 50 52],0.0,0.0,0.0,0.0,0.0,0.0,0.0,0.0,0.0,0.0
10,7,5.0,0.0,4.0,[ 9 11 50 52],0.0,0.0,0.0,0.0,0.0,0.0,0.0,0.0,0.0,0.0
10,8,5.0,0.0,4.0,[ 9 11 50 52],0.0,0.0,0.0,0.0,0.0,0.0,0.0,0.0,0.0,0.0
10,9,5.0,0.0,4.0,[ 9 11 50 52],0.0,0.0,0.0,0.0,0.0,0.0,0.0,0.0,0.0,0.0
10,10,5.0,0.0,4.0,[ 9 11 50 52],0.0,0.0,0.0,0.0,0.0,0.0,0.0,0.0,0.0,0.0
10,11,5.0,0.0,4.0,[ 9 11 50 52],0.0,0.0,0.0,0.0,0.0,0.0,0.0,0.0,0.0,0.0
10,12,5.0,0.0,4.0,[ 9 11 50 52],0.0,0.0,0.0,0.0,0.0,0.0,0.0,0.0,0.0,0.0
10,13,5.0,0.0,4.0,[ 9 11 50 52],0.0,0.0,0.0,0.0,0.0,0.0,0.0,0.0,0.0,0.0
10,14,5.0,0.0,4.0,[ 9 11 50 52],0.0,0.0,0.0,0.0,0.0,0.0,0.0,0.0,0.0,0.0
10,15,5.0,0.0,4.0,[ 9 11 50 52],0.0,0.0,0.0,0.0,0.0,0.0,0.0,0.0,0.0,0.0
10,16,5.0,0.0,4.0,[ 9 11 50 52],0.0,0.0,0.0,0.0,0.0,0.0,0.0,0.0,0.0,0.0
10,17,5.0,0.0,4.0,[ 9 11 50 52],0.0,0.0,0.0,0.0,0.0,0.0,0.0,0.0,0.0,0.0
10,18,5.0,0.0,4.0,[ 9 11 50 52],0.0,0.0,0.0,0.0,0.0,0.0,0.0,0.0,0.0,0.0
10,19,5.0,0.0,4.0,[ 9 11 50 52],0.0,0.0,0.0,0.0,0.0,0.0,0.0,0.0,0.0,0.0
10,20,5.0,0.0,4.0,[ 9 11 50 52],0.0,0.0,0.0,0.0,0.0,0.0,1.0,0.0,0.0,0.0
10,21,5.0,0.0,4.0,[ 9 11 50 52],0.0,0.0,0.0,0.0,0.0,0.0,0.0,0.0,1.0,0.0
10,22,5.0,0.0,4.0,[ 9 11 50 52],1.0,0.0,0.0,0.0,0.0,0.0,0.0,0.0,0.0,0.0
10,23,5.0,0.0,4.0,[ 9 11 50 52],0.0,0.0,0.0,0.0,1.0,0.0,0.0,0.0,0.0,0.0
10,24,5.0,0.0,4.0,[ 9 11 50 52],0.0,0.0,1.0,0.0,0.0,0.0,0.0,0.0,0.0,0.0
10,25,5.0,0.0,4.0,[ 9 11 50 52],0.0,0.0,0.0,0.0,0.0,0.0,0.0,0.0,0.0,0.0
10,26,5.0,0.0,4.0,[ 9 11 50 52],0.0,0.0,0.0,0.0,0.0,0.0,0.0,0.0,0.0,0.0
10,27,5.0,0.0,4.0,[ 9 11 50 52],0.0,0.0,0.0,0.0,0.0,0.0,0.0,0.0,0.0,0.0
10,28,5.0,0.0,4.0,[ 9 11 50 52],0.0,0.0,0.0,0.0,0.0,0.0,0.0,0.0,0.0,0.0
10,29,5.0,0.0,4.0,[ 9 11 50 52],0.0,0.0,0.0,0.0,0.0,0.0,1.0,0.0,0.0,0.0
10,30,5.0,0.0,4.0,[ 9 11 50 52],0.0,0.0,0.0,0.0,0.0,0.0,0.0,0.0,1.0,0.0
10,31,5.0,0.0,4.0,[ 9 11 50 52],1.0,0.0,0.0,0.0,0.0,0.0,0.0,0.0,0.0,0.0
10,32,5.0,0.0,4.0,[ 9 11 50 52],0.0,0.0,0.0,0.0,1.0,0.0,8.0,1.0,0.0,0.0
10,33,5.0,0.0,4.0,[ 9 11 50 52],0.0,0.0,1.0,0.0,0.0,0.0,18.0,1.0,8.0,1.0
10,34,5.0,0.0,4.0,[ 9 11 50 52],8.0,1.0,0.0,0.0,0.0,0.0,14.0,0.0,18.0,1.0
10,35,5.0,0.0,4.0,[ 9 11 50 52],18.0,1.0,0.0,0.0,8.0,1.0,21.0,23.0,14.0,0.0
10,36,5.0,0.0,4.0,[ 9 11 50 52],14.0,0.0,8.0,1.0,18.0,1.0,43.0,30.0,21.0,23.0
10,37,5.0,0.0,4.0,[ 9 11 50 52],21.0,23.0,18.0,1.0,14.0,0.0,28.0,41.0,43.0,30.0
10,38,5.0,0.0,4.0,[ 9 11 50 52],43.0,30.0,14.0,0.0,21.0,23.0,41.0,75.0,28.0,41.0
10,39,5.0,0.0,4.0,[ 9 11 50 52],28.0,41.0,21.0,23.0,43.0,30.0,44.0,70.0,41.0,75.0
10,40,5.0,0.0,4.0,[ 9 11 50 52],41.0,75.0,43.0,30.0,28.0,41.0,71.0,157.0,44.0,70.0
10,41,5.0,0.0,4.0,[ 9 11 50 52],44.0,70.0,28.0,41.0,41.0,75.0,95.0,184.0,71.0,157.0
10,42,5.0,0.0,4.0,[ 9 11 50 52],71.0,157.0,41.0,75.0,44.0,70.0,113.0,215.0,95.0,184.0
10,43,5.0,0.0,4.0,[ 9 11 50 52],95.0,184.0,44.0,70.0,71.0,157.0,147.0,277.0,113.0,215.0
10,44,5.0,0.0,4.0,[ 9 11 50 52],113.0,215.0,71.0,157.0,95.0,184.0,136.0,421.0,147.0,277.0
10,45,5.0,0.0,4.0,[ 9 11 50 52],147.0,277.0,95.0,184.0,113.0,215.0,195.0,569.0,136.0,421.0
10,46,5.0,0.0,4.0,[ 9 11 50 52],136.0,421.0,113.0,215.0,147.0,277.0,229.0,820.0,195.0,569.0
10,47,5.0,0.0,4.0,[ 9 11 50 52],195.0,569.0,147.0,277.0,136.0,421.0,228.0,734.0,229.0,820.0
10,48,5.0,0.0,4.0,[ 9 11 50 52],229.0,820.0,136.0,421.0,195.0,569.0,222.0,873.0,228.0,734.0
10,49,5.0,0.0,4.0,[ 9 11 50 52],228.0,734.0,195.0,569.0,229.0,820.0,199.0,610.0,222.0,873.0
10,50,5.0,0.0,4.0,[ 9 11 50 52],222.0,873.0,229.0,820.0,228.0,734.0,196.0,665.0,199.0,610.0
10,51,5.0,0.0,4.0,[ 9 11 50 52],199.0,610.0,228.0,734.0,222.0,873.0,160.0,582.0,196.0,665.0
10,52,5.0,0.0,4.0,[ 9 11 50 52],196.0,665.0,222.0,873.0,199.0,610.0,155.0,449.0,160.0,582.0
10,53,5.0,0.0,4.0,[ 9 11 50 52],160.0,582.0,199.0,610.0,196.0,665.0,174.0,416.0,155.0,449.0
10,54,5.0,0.0,4.0,[ 9 11 50 52],155.0,449.0,196.0,665.0,160.0,582.0,131.0,457.0,174.0,416.0
10,55,5.0,0.0,4.0,[ 9 11 50 52],174.0,416.0,160.0,582.0,155.0,449.0,148.0,355.0,131.0,457.0
10,56,5.0,0.0,4.0,[ 9 11 50 52],131.0,457.0,155.0,449.0,174.0,416.0,121.0,335.0,148.0,355.0
10,57,5.0,0.0,4.0,[ 9 11 50 52],148.0,355.0,174.0,416.0,131.0,457.0,124.0,359.0,121.0,335.0
10,58,5.0,0.0,4.0,[ 9 11 50 52],121.0,335.0,131.0,457.0,148.0,355.0,152.0,342.0,124.0,359.0
10,59,5.0,0.0,4.0,[ 9 11 50 52],124.0,359.0,148.0,355.0,121.0,335.0,126.0,249.0,152.0,342.0
10,60,5.0,0.0,4.0,[ 9 11 50 52],152.0,342.0,121.0,335.0,124.0,359.0,174.0,272.0,126.0,249.0
10,61,5.0,0.0,4.0,[ 9 11 50 52],126.0,249.0,124.0,359.0,152.0,342.0,133.0,213.0,174.0,272.0
10,62,5.0,0.0,4.0,[ 9 11 50 52],174.0,272.0,152.0,342.0,126.0,249.0,136.0,272.0,133.0,213.0
10,63,5.0,0.0,4.0,[ 9 11 50 52],133.0,213.0,126.0,249.0,174.0,272.0,151.0,261.0,136.0,272.0
10,64,5.0,0.0,4.0,[ 9 11 50 52],136.0,272.0,174.0,272.0,133.0,213.0,157.0,194.0,151.0,261.0
10,65,5.0,0.0,4.0,[ 9 11 50 52],151.0,261.0,133.0,213.0,136.0,272.0,156.0,214.0,157.0,194.0
10,66,5.0,0.0,4.0,[ 9 11 50 52],157.0,194.0,136.0,272.0,151.0,261.0,155.0,206.0,156.0,214.0
10,67,5.0,0.0,4.0,[ 9 11 50 52],156.0,214.0,151.0,261.0,157.0,194.0,177.0,241.0,155.0,206.0
10,68,5.0,0.0,4.0,[ 9 11 50 52],155.0,206.0,157.0,194.0,156.0,214.0,170.0,231.0,177.0,241.0
10,69,5.0,0.0,4.0,[ 9 11 50 52],177.0,241.0,156.0,214.0,155.0,206.0,186.0,209.0,170.0,231.0
10,70,5.0,0.0,4.0,[ 9 11 50 52],170.0,231.0,155.0,206.0,177.0,241.0,194.0,212.0,186.0,209.0
10,71,5.0,0.0,4.0,[ 9 11 50 52],186.0,209.0,177.0,241.0,170.0,231.0,222.0,237.0,194.0,212.0
10,72,5.0,0.0,4.0,[ 9 11 50 52],194.0,212.0,170.0,231.0,186.0,209.0,194.0,212.0,222.0,237.0
10,73,5.0,0.0,4.0,[ 9 11 50 52],222.0,237.0,186.0,209.0,194.0,212.0,187.0,231.0,194.0,212.0
10,74,5.0,0.0,4.0,[ 9 11 50 52],194.0,212.0,194.0,212.0,222.0,237.0,186.0,214.0,187.0,231.0
10,75,5.0,0.0,4.0,[ 9 11 50 52],187.0,231.0,222.0,237.0,194.0,212.0,188.0,257.0,186.0,214.0
10,76,5.0,0.0,4.0,[ 9 11 50 52],186.0,214.0,194.0,212.0,187.0,231.0,182.0,264.0,188.0,257.0
10,77,5.0,0.0,4.0,[ 9 11 50 52],188.0,257.0,187.0,231.0,186.0,214.0,203.0,278.0,182.0,264.0
10,78,5.0,0.0,4.0,[ 9 11 50 52],182.0,264.0,186.0,214.0,188.0,257.0,185.0,240.0,203.0,278.0
10,79,5.0,0.0,4.0,[ 9 11 50 52],203.0,278.0,188.0,257.0,182.0,264.0,203.0,270.0,185.0,240.0
10,80,5.0,0.0,4.0,[ 9 11 50 52],185.0,240.0,182.0,264.0,203.0,278.0,212.0,258.0,203.0,270.0
10,81,5.0,0.0,4.0,[ 9 11 50 52],203.0,270.0,203.0,278.0,185.0,240.0,189.0,209.0,212.0,258.0
10,82,5.0,0.0,4.0,[ 9 11 50 52],212.0,258.0,185.0,240.0,203.0,270.0,219.0,217.0,189.0,209.0
10,83,5.0,0.0,4.0,[ 9 11 50 52],189.0,209.0,203.0,270.0,212.0,258.0,249.0,198.0,219.0,217.0
10,84,5.0,0.0,4.0,[ 9 11 50 52],219.0,217.0,212.0,258.0,189.0,209.0,234.0,213.0,249.0,198.0
10,85,5.0,0.0,4.0,[ 9 11 50 52],249.0,198.0,189.0,209.0,219.0,217.0,210.0,219.0,234.0,213.0
10,86,5.0,0.0,4.0,[ 9 11 50 52],234.0,213.0,219.0,217.0,249.0,198.0,250.0,190.0,210.0,219.0
10,87,5.0,0.0,4.0,[ 9 11 50 52],210.0,219.0,249.0,198.0,234.0,213.0,253.0,184.0,250.0,190.0
10,88,5.0,0.0,4.0,[ 9 11 50 52],250.0,190.0,234.0,213.0,210.0,219.0,219.0,176.0,253.0,184.0
10,89,5.0,0.0,4.0,[ 9 11 50 52],253.0,184.0,210.0,219.0,250.0,190.0,280.0,170.0,219.0,176.0
10,90,5.0,0.0,4.0,[ 9 11 50 52],219.0,176.0,250.0,190.0,253.0,184.0,295.0,218.0,280.0,170.0
10,91,5.0,0.0,4.0,[ 9 11 50 52],280.0,170.0,253.0,184.0,219.0,176.0,279.0,209.0,295.0,218.0
10,92,5.0,0.0,4.0,[ 9 11 50 52],295.0,218.0,219.0,176.0,280.0,170.0,266.0,203.0,279.0,209.0
10,93,5.0,0.0,4.0,[ 9 11 50 52],279.0,209.0,280.0,170.0,295.0,218.0,278.0,230.0,266.0,203.0
10,94,5.0,0.0,4.0,[ 9 11 50 52],266.0,203.0,295.0,218.0,279.0,209.0,283.0,172.0,278.0,230.0
10,95,5.0,0.0,4.0,[ 9 11 50 52],278.0,230.0,279.0,209.0,266.0,203.0,257.0,204.0,283.0,172.0
10,96,5.0,0.0,4.0,[ 9 11 50 52],283.0,172.0,266.0,203.0,278.0,230.0,289.0,229.0,257.0,204.0
10,97,5.0,0.0,4.0,[ 9 11 50 52],257.0,204.0,278.0,230.0,283.0,172.0,340.0,223.0,289.0,229.0
10,98,5.0,0.0,4.0,[ 9 11 50 52],289.0,229.0,283.0,172.0,257.0,204.0,322.0,252.0,340.0,223.0
10,99,5.0,0.0,4.0,[ 9 11 50 52],340.0,223.0,257.0,204.0,289.0,229.0,389.0,218.0,322.0,252.0
10,100,5.0,0.0,4.0,[ 9 11 50 52],322.0,252.0,289.0,229.0,340.0,223.0,401.0,263.0,389.0,218.0
10,101,5.0,0.0,4.0,[ 9 11 50 52],389.0,218.0,340.0,223.0,322.0,252.0,549.0,287.0,401.0,263.0
10,102,5.0,0.0,4.0,[ 9 11 50 52],401.0,263.0,322.0,252.0,389.0,218.0,580.0,388.0,549.0,287.0
10,103,5.0,0.0,4.0,[ 9 11 50 52],549.0,287.0,389.0,218.0,401.0,263.0,581.0,388.0,580.0,388.0
10,104,5.0,0.0,4.0,[ 9 11 50 52],580.0,388.0,401.0,263.0,549.0,287.0,720.0,403.0,581.0,388.0
10,105,5.0,0.0,4.0,[ 9 11 50 52],581.0,388.0,549.0,287.0,580.0,388.0,623.0,440.0,720.0,403.0
10,106,5.0,0.0,4.0,[ 9 11 50 52],720.0,403.0,580.0,388.0,581.0,388.0,583.0,496.0,623.0,440.0
10,107,5.0,0.0,4.0,[ 9 11 50 52],623.0,440.0,581.0,388.0,720.0,403.0,552.0,426.0,583.0,496.0
10,108,5.0,0.0,4.0,[ 9 11 50 52],583.0,496.0,720.0,403.0,623.0,440.0,450.0,464.0,552.0,426.0
10,109,5.0,0.0,4.0,[ 9 11 50 52],552.0,426.0,623.0,440.0,583.0,496.0,448.0,375.0,450.0,464.0
10,110,5.0,0.0,4.0,[ 9 11 50 52],450.0,464.0,583.0,496.0,552.0,426.0,382.0,351.0,448.0,375.0
10,111,5.0,0.0,4.0,[ 9 11 50 52],448.0,375.0,552.0,426.0,450.0,464.0,367.0,313.0,382.0,351.0
10,112,5.0,0.0,4.0,[ 9 11 50 52],382.0,351.0,450.0,464.0,448.0,375.0,332.0,319.0,367.0,313.0
10,113,5.0,0.0,4.0,[ 9 11 50 52],367.0,313.0,448.0,375.0,382.0,351.0,352.0,282.0,332.0,319.0
10,114,5.0,0.0,4.0,[ 9 11 50 52],332.0,319.0,382.0,351.0,367.0,313.0,305.0,202.0,352.0,282.0
10,115,5.0,0.0,4.0,[ 9 11 50 52],352.0,282.0,367.0,313.0,332.0,319.0,290.0,230.0,305.0,202.0
10,116,5.0,0.0,4.0,[ 9 11 50 52],305.0,202.0,332.0,319.0,352.0,282.0,287.0,190.0,290.0,230.0
10,117,5.0,0.0,4.0,[ 9 11 50 52],290.0,230.0,352.0,282.0,305.0,202.0,270.0,203.0,287.0,190.0
10,118,5.0,0.0,4.0,[ 9 11 50 52],287.0,190.0,305.0,202.0,290.0,230.0,281.0,160.0,270.0,203.0
10,119,5.0,0.0,4.0,[ 9 11 50 52],270.0,203.0,290.0,230.0,287.0,190.0,321.0,140.0,281.0,160.0
10,120,5.0,0.0,4.0,[ 9 11 50 52],281.0,160.0,287.0,190.0,270.0,203.0,345.0,178.0,321.0,140.0
10,121,5.0,0.0,4.0,[ 9 11 50 52],321.0,140.0,270.0,203.0,281.0,160.0,344.0,128.0,345.0,178.0
10,122,5.0,0.0,4.0,[ 9 11 50 52],345.0,178.0,281.0,160.0,321.0,140.0,366.0,147.0,344.0,128.0
10,123,5.0,0.0,4.0,[ 9 11 50 52],344.0,128.0,321.0,140.0,345.0,178.0,407.0,143.0,366.0,147.0
10,124,5.0,0.0,4.0,[ 9 11 50 52],366.0,147.0,345.0,178.0,344.0,128.0,390.0,117.0,407.0,143.0
10,125,5.0,0.0,4.0,[ 9 11 50 52],407.0,143.0,344.0,128.0,366.0,147.0,388.0,116.0,390.0,117.0
10,126,5.0,0.0,4.0,[ 9 11 50 52],390.0,117.0,366.0,147.0,407.0,143.0,372.0,97.0,388.0,116.0
10,127,5.0,0.0,4.0,[ 9 11 50 52],388.0,116.0,407.0,143.0,390.0,117.0,397.0,97.0,372.0,97.0
10,128,5.0,0.0,4.0,[ 9 11 50 52],372.0,97.0,390.0,117.0,388.0,116.0,337.0,92.0,397.0,97.0
10,129,5.0,0.0,4.0,[ 9 11 50 52],397.0,97.0,388.0,116.0,372.0,97.0,306.0,108.0,337.0,92.0
10,130,5.0,0.0,4.0,[ 9 11 50 52],337.0,92.0,372.0,97.0,397.0,97.0,386.0,78.0,306.0,108.0
10,131,5.0,0.0,4.0,[ 9 11 50 52],306.0,108.0,397.0,97.0,337.0,92.0,328.0,80.0,386.0,78.0
10,132,5.0,0.0,4.0,[ 9 11 50 52],386.0,78.0,337.0,92.0,306.0,108.0,218.0,54.0,328.0,80.0
10,133,5.0,0.0,4.0,[ 9 11 50 52],328.0,80.0,306.0,108.0,386.0,78.0,213.0,71.0,218.0,54.0
10,134,5.0,0.0,4.0,[ 9 11 50 52],218.0,54.0,386.0,78.0,328.0,80.0,189.0,67.0,213.0,71.0
10,135,5.0,0.0,4.0,[ 9 11 50 52],213.0,71.0,328.0,80.0,218.0,54.0,107.0,102.0,189.0,67.0
10,136,5.0,0.0,4.0,[ 9 11 50 52],189.0,67.0,218.0,54.0,213.0,71.0,85.0,36.0,107.0,102.0
10,137,5.0,0.0,4.0,[ 9 11 50 52],107.0,102.0,213.0,71.0,189.0,67.0,19.0,35.0,85.0,36.0
10,138,5.0,0.0,4.0,[ 9 11 50 52],85.0,36.0,189.0,67.0,107.0,102.0,6.0,38.0,19.0,35.0
10,139,5.0,0.0,4.0,[ 9 11 50 52],19.0,35.0,107.0,102.0,85.0,36.0,0.0,2.0,6.0,38.0
10,140,5.0,0.0,4.0,[ 9 11 50 52],6.0,38.0,85.0,36.0,19.0,35.0,0.0,0.0,0.0,2.0
10,141,5.0,0.0,4.0,[ 9 11 50 52],0.0,2.0,19.0,35.0,6.0,38.0,0.0,0.0,0.0,0.0
10,142,5.0,0.0,4.0,[ 9 11 50 52],0.0,0.0,6.0,38.0,0.0,2.0,0.0,0.0,0.0,0.0
10,143,5.0,0.0,4.0,[ 9 11 50 52],0.0,0.0,0.0,2.0,0.0,0.0,0.0,0.0,0.0,0.0
11,0,5.0,0.0,3.0,[10 12 51],0.0,0.0,0.0,0.0,0.0,0.0,0.0,0.0,0.0,0.0
11,1,5.0,0.0,3.0,[10 12 51],0.0,0.0,0.0,0.0,0.0,0.0,0.0,0.0,0.0,0.0
11,2,5.0,0.0,3.0,[10 12 51],0.0,0.0,0.0,0.0,0.0,0.0,0.0,0.0,0.0,0.0
11,3,5.0,0.0,3.0,[10 12 51],0.0,0.0,0.0,0.0,0.0,0.0,0.0,0.0,0.0,0.0
11,4,5.0,0.0,3.0,[10 12 51],0.0,0.0,0.0,0.0,0.0,0.0,0.0,0.0,0.0,0.0
11,5,5.0,0.0,3.0,[10 12 51],0.0,0.0,0.0,0.0,0.0,0.0,0.0,0.0,0.0,0.0
11,6,5.0,0.0,3.0,[10 12 51],0.0,0.0,0.0,0.0,0.0,0.0,0.0,0.0,0.0,0.0
11,7,5.0,0.0,3.0,[10 12 51],0.0,0.0,0.0,0.0,0.0,0.0,0.0,0.0,0.0,0.0
11,8,5.0,0.0,3.0,[10 12 51],0.0,0.0,0.0,0.0,0.0,0.0,0.0,0.0,0.0,0.0
11,9,5.0,0.0,3.0,[10 12 51],0.0,0.0,0.0,0.0,0.0,0.0,0.0,0.0,0.0,0.0
11,10,5.0,0.0,3.0,[10 12 51],0.0,0.0,0.0,0.0,0.0,0.0,0.0,0.0,0.0,0.0
11,11,5.0,0.0,3.0,[10 12 51],0.0,0.0,0.0,0.0,0.0,0.0,0.0,0.0,0.0,0.0
11,12,5.0,0.0,3.0,[10 12 51],0.0,0.0,0.0,0.0,0.0,0.0,0.0,0.0,0.0,0.0
11,13,5.0,0.0,3.0,[10 12 51],0.0,0.0,0.0,0.0,0.0,0.0,0.0,0.0,0.0,0.0
11,14,5.0,0.0,3.0,[10 12 51],0.0,0.0,0.0,0.0,0.0,0.0,0.0,0.0,0.0,0.0
11,15,5.0,0.0,3.0,[10 12 51],0.0,0.0,0.0,0.0,0.0,0.0,0.0,0.0,0.0,0.0
11,16,5.0,0.0,3.0,[10 12 51],0.0,0.0,0.0,0.0,0.0,0.0,0.0,0.0,0.0,0.0
11,17,5.0,0.0,3.0,[10 12 51],0.0,0.0,0.0,0.0,0.0,0.0,0.0,0.0,0.0,0.0
11,18,5.0,0.0,3.0,[10 12 51],0.0,0.0,0.0,0.0,0.0,0.0,0.0,0.0,0.0,0.0
11,19,5.0,0.0,3.0,[10 12 51],0.0,0.0,0.0,0.0,0.0,0.0,0.0,0.0,0.0,0.0
11,20,5.0,0.0,3.0,[10 12 51],0.0,0.0,0.0,0.0,0.0,0.0,0.0,0.0,0.0,0.0
11,21,5.0,0.0,3.0,[10 12 51],0.0,0.0,0.0,0.0,0.0,0.0,0.0,0.0,0.0,0.0
11,22,5.0,0.0,3.0,[10 12 51],0.0,0.0,0.0,0.0,0.0,0.0,0.0,0.0,0.0,0.0
11,23,5.0,0.0,3.0,[10 12 51],0.0,0.0,0.0,0.0,0.0,0.0,1.0,0.0,0.0,0.0
11,24,5.0,0.0,3.0,[10 12 51],0.0,0.0,0.0,0.0,0.0,0.0,0.0,1.0,1.0,0.0
11,25,5.0,0.0,3.0,[10 12 51],1.0,0.0,0.0,0.0,0.0,0.0,0.0,0.0,0.0,1.0
11,26,5.0,0.0,3.0,[10 12 51],0.0,1.0,0.0,0.0,1.0,0.0,0.0,0.0,0.0,0.0
11,27,5.0,0.0,3.0,[10 12 51],0.0,0.0,1.0,0.0,0.0,1.0,0.0,0.0,0.0,0.0
11,28,5.0,0.0,3.0,[10 12 51],0.0,0.0,0.0,1.0,0.0,0.0,0.0,0.0,0.0,0.0
11,29,5.0,0.0,3.0,[10 12 51],0.0,0.0,0.0,0.0,0.0,0.0,1.0,0.0,0.0,0.0
11,30,5.0,0.0,3.0,[10 12 51],0.0,0.0,0.0,0.0,0.0,0.0,0.0,0.0,1.0,0.0
11,31,5.0,0.0,3.0,[10 12 51],1.0,0.0,0.0,0.0,0.0,0.0,0.0,0.0,0.0,0.0
11,32,5.0,0.0,3.0,[10 12 51],0.0,0.0,0.0,0.0,1.0,0.0,0.0,0.0,0.0,0.0
11,33,5.0,0.0,3.0,[10 12 51],0.0,0.0,1.0,0.0,0.0,0.0,5.0,0.0,0.0,0.0
11,34,5.0,0.0,3.0,[10 12 51],0.0,0.0,0.0,0.0,0.0,0.0,14.0,0.0,5.0,0.0
11,35,5.0,0.0,3.0,[10 12 51],5.0,0.0,0.0,0.0,0.0,0.0,20.0,20.0,14.0,0.0
11,36,5.0,0.0,3.0,[10 12 51],14.0,0.0,0.0,0.0,5.0,0.0,22.0,49.0,20.0,20.0
11,37,5.0,0.0,3.0,[10 12 51],20.0,20.0,5.0,0.0,14.0,0.0,47.0,49.0,22.0,49.0
11,38,5.0,0.0,3.0,[10 12 51],22.0,49.0,14.0,0.0,20.0,20.0,36.0,61.0,47.0,49.0
11,39,5.0,0.0,3.0,[10 12 51],47.0,49.0,20.0,20.0,22.0,49.0,61.0,81.0,36.0,61.0
11,40,5.0,0.0,3.0,[10 12 51],36.0,61.0,22.0,49.0,47.0,49.0,92.0,109.0,61.0,81.0
11,41,5.0,0.0,3.0,[10 12 51],61.0,81.0,47.0,49.0,36.0,61.0,112.0,113.0,92.0,109.0
11,42,5.0,0.0,3.0,[10 12 51],92.0,109.0,36.0,61.0,61.0,81.0,168.0,124.0,112.0,113.0
11,43,5.0,0.0,3.0,[10 12 51],112.0,113.0,61.0,81.0,92.0,109.0,202.0,233.0,168.0,124.0
11,44,5.0,0.0,3.0,[10 12 51],168.0,124.0,92.0,109.0,112.0,113.0,224.0,348.0,202.0,233.0
11,45,5.0,0.0,3.0,[10 12 51],202.0,233.0,112.0,113.0,168.0,124.0,243.0,462.0,224.0,348.0
11,46,5.0,0.0,3.0,[10 12 51],224.0,348.0,168.0,124.0,202.0,233.0,277.0,777.0,243.0,462.0
11,47,5.0,0.0,3.0,[10 12 51],243.0,462.0,202.0,233.0,224.0,348.0,288.0,700.0,277.0,777.0
11,48,5.0,0.0,3.0,[10 12 51],277.0,777.0,224.0,348.0,243.0,462.0,349.0,806.0,288.0,700.0
11,49,5.0,0.0,3.0,[10 12 51],288.0,700.0,243.0,462.0,277.0,777.0,226.0,895.0,349.0,806.0
11,50,5.0,0.0,3.0,[10 12 51],349.0,806.0,277.0,777.0,288.0,700.0,198.0,779.0,226.0,895.0
11,51,5.0,0.0,3.0,[10 12 51],226.0,895.0,288.0,700.0,349.0,806.0,250.0,657.0,198.0,779.0
11,52,5.0,0.0,3.0,[10 12 51],198.0,779.0,349.0,806.0,226.0,895.0,189.0,493.0,250.0,657.0
11,53,5.0,0.0,3.0,[10 12 51],250.0,657.0,226.0,895.0,198.0,779.0,125.0,526.0,189.0,493.0
11,54,5.0,0.0,3.0,[10 12 51],189.0,493.0,198.0,779.0,250.0,657.0,178.0,490.0,125.0,526.0
11,55,5.0,0.0,3.0,[10 12 51],125.0,526.0,250.0,657.0,189.0,493.0,172.0,460.0,178.0,490.0
11,56,5.0,0.0,3.0,[10 12 51],178.0,490.0,189.0,493.0,125.0,526.0,187.0,302.0,172.0,460.0
11,57,5.0,0.0,3.0,[10 12 51],172.0,460.0,125.0,526.0,178.0,490.0,146.0,276.0,187.0,302.0
11,58,5.0,0.0,3.0,[10 12 51],187.0,302.0,178.0,490.0,172.0,460.0,119.0,248.0,146.0,276.0
11,59,5.0,0.0,3.0,[10 12 51],146.0,276.0,172.0,460.0,187.0,302.0,143.0,254.0,119.0,248.0
11,60,5.0,0.0,3.0,[10 12 51],119.0,248.0,187.0,302.0,146.0,276.0,157.0,274.0,143.0,254.0
11,61,5.0,0.0,3.0,[10 12 51],143.0,254.0,146.0,276.0,119.0,248.0,170.0,233.0,157.0,274.0
11,62,5.0,0.0,3.0,[10 12 51],157.0,274.0,119.0,248.0,143.0,254.0,137.0,231.0,170.0,233.0
11,63,5.0,0.0,3.0,[10 12 51],170.0,233.0,143.0,254.0,157.0,274.0,145.0,219.0,137.0,231.0
11,64,5.0,0.0,3.0,[10 12 51],137.0,231.0,157.0,274.0,170.0,233.0,160.0,221.0,145.0,219.0
11,65,5.0,0.0,3.0,[10 12 51],145.0,219.0,170.0,233.0,137.0,231.0,143.0,214.0,160.0,221.0
11,66,5.0,0.0,3.0,[10 12 51],160.0,221.0,137.0,231.0,145.0,219.0,177.0,191.0,143.0,214.0
11,67,5.0,0.0,3.0,[10 12 51],143.0,214.0,145.0,219.0,160.0,221.0,175.0,193.0,177.0,191.0
11,68,5.0,0.0,3.0,[10 12 51],177.0,191.0,160.0,221.0,143.0,214.0,159.0,207.0,175.0,193.0
11,69,5.0,0.0,3.0,[10 12 51],175.0,193.0,143.0,214.0,177.0,191.0,189.0,235.0,159.0,207.0
11,70,5.0,0.0,3.0,[10 12 51],159.0,207.0,177.0,191.0,175.0,193.0,167.0,207.0,189.0,235.0
11,71,5.0,0.0,3.0,[10 12 51],189.0,235.0,175.0,193.0,159.0,207.0,197.0,196.0,167.0,207.0
11,72,5.0,0.0,3.0,[10 12 51],167.0,207.0,159.0,207.0,189.0,235.0,181.0,182.0,197.0,196.0
11,73,5.0,0.0,3.0,[10 12 51],197.0,196.0,189.0,235.0,167.0,207.0,208.0,202.0,181.0,182.0
11,74,5.0,0.0,3.0,[10 12 51],181.0,182.0,167.0,207.0,197.0,196.0,184.0,214.0,208.0,202.0
11,75,5.0,0.0,3.0,[10 12 51],208.0,202.0,197.0,196.0,181.0,182.0,205.0,281.0,184.0,214.0
11,76,5.0,0.0,3.0,[10 12 51],184.0,214.0,181.0,182.0,208.0,202.0,206.0,191.0,205.0,281.0
11,77,5.0,0.0,3.0,[10 12 51],205.0,281.0,208.0,202.0,184.0,214.0,267.0,221.0,206.0,191.0
11,78,5.0,0.0,3.0,[10 12 51],206.0,191.0,184.0,214.0,205.0,281.0,212.0,229.0,267.0,221.0
11,79,5.0,0.0,3.0,[10 12 51],267.0,221.0,205.0,281.0,206.0,191.0,204.0,251.0,212.0,229.0
11,80,5.0,0.0,3.0,[10 12 51],212.0,229.0,206.0,191.0,267.0,221.0,252.0,176.0,204.0,251.0
11,81,5.0,0.0,3.0,[10 12 51],204.0,251.0,267.0,221.0,212.0,229.0,243.0,228.0,252.0,176.0
11,82,5.0,0.0,3.0,[10 12 51],252.0,176.0,212.0,229.0,204.0,251.0,279.0,202.0,243.0,228.0
11,83,5.0,0.0,3.0,[10 12 51],243.0,228.0,204.0,251.0,252.0,176.0,248.0,249.0,279.0,202.0
11,84,5.0,0.0,3.0,[10 12 51],279.0,202.0,252.0,176.0,243.0,228.0,200.0,200.0,248.0,249.0
11,85,5.0,0.0,3.0,[10 12 51],248.0,249.0,243.0,228.0,279.0,202.0,316.0,222.0,200.0,200.0
11,86,5.0,0.0,3.0,[10 12 51],200.0,200.0,279.0,202.0,248.0,249.0,259.0,194.0,316.0,222.0
11,87,5.0,0.0,3.0,[10 12 51],316.0,222.0,248.0,249.0,200.0,200.0,252.0,237.0,259.0,194.0
11,88,5.0,0.0,3.0,[10 12 51],259.0,194.0,200.0,200.0,316.0,222.0,258.0,241.0,252.0,237.0
11,89,5.0,0.0,3.0,[10 12 51],252.0,237.0,316.0,222.0,259.0,194.0,246.0,248.0,258.0,241.0
11,90,5.0,0.0,3.0,[10 12 51],258.0,241.0,259.0,194.0,252.0,237.0,290.0,279.0,246.0,248.0
11,91,5.0,0.0,3.0,[10 12 51],246.0,248.0,252.0,237.0,258.0,241.0,346.0,314.0,290.0,279.0
11,92,5.0,0.0,3.0,[10 12 51],290.0,279.0,258.0,241.0,246.0,248.0,392.0,338.0,346.0,314.0
11,93,5.0,0.0,3.0,[10 12 51],346.0,314.0,246.0,248.0,290.0,279.0,353.0,278.0,392.0,338.0
11,94,5.0,0.0,3.0,[10 12 51],392.0,338.0,290.0,279.0,346.0,314.0,284.0,223.0,353.0,278.0
11,95,5.0,0.0,3.0,[10 12 51],353.0,278.0,346.0,314.0,392.0,338.0,342.0,288.0,284.0,223.0
11,96,5.0,0.0,3.0,[10 12 51],284.0,223.0,392.0,338.0,353.0,278.0,347.0,275.0,342.0,288.0
11,97,5.0,0.0,3.0,[10 12 51],342.0,288.0,353.0,278.0,284.0,223.0,337.0,251.0,347.0,275.0
11,98,5.0,0.0,3.0,[10 12 51],347.0,275.0,284.0,223.0,342.0,288.0,361.0,253.0,337.0,251.0
11,99,5.0,0.0,3.0,[10 12 51],337.0,251.0,342.0,288.0,347.0,275.0,396.0,228.0,361.0,253.0
11,100,5.0,0.0,3.0,[10 12 51],361.0,253.0,347.0,275.0,337.0,251.0,458.0,256.0,396.0,228.0
11,101,5.0,0.0,3.0,[10 12 51],396.0,228.0,337.0,251.0,361.0,253.0,625.0,299.0,458.0,256.0
11,102,5.0,0.0,3.0,[10 12 51],458.0,256.0,361.0,253.0,396.0,228.0,531.0,404.0,625.0,299.0
11,103,5.0,0.0,3.0,[10 12 51],625.0,299.0,396.0,228.0,458.0,256.0,591.0,369.0,531.0,404.0
11,104,5.0,0.0,3.0,[10 12 51],531.0,404.0,458.0,256.0,625.0,299.0,757.0,408.0,591.0,369.0
11,105,5.0,0.0,3.0,[10 12 51],591.0,369.0,625.0,299.0,531.0,404.0,704.0,433.0,757.0,408.0
11,106,5.0,0.0,3.0,[10 12 51],757.0,408.0,531.0,404.0,591.0,369.0,716.0,392.0,704.0,433.0
11,107,5.0,0.0,3.0,[10 12 51],704.0,433.0,591.0,369.0,757.0,408.0,728.0,402.0,716.0,392.0
11,108,5.0,0.0,3.0,[10 12 51],716.0,392.0,757.0,408.0,704.0,433.0,588.0,443.0,728.0,402.0
11,109,5.0,0.0,3.0,[10 12 51],728.0,402.0,704.0,433.0,716.0,392.0,596.0,344.0,588.0,443.0
11,110,5.0,0.0,3.0,[10 12 51],588.0,443.0,716.0,392.0,728.0,402.0,434.0,303.0,596.0,344.0
11,111,5.0,0.0,3.0,[10 12 51],596.0,344.0,728.0,402.0,588.0,443.0,380.0,275.0,434.0,303.0
11,112,5.0,0.0,3.0,[10 12 51],434.0,303.0,588.0,443.0,596.0,344.0,370.0,277.0,380.0,275.0
11,113,5.0,0.0,3.0,[10 12 51],380.0,275.0,596.0,344.0,434.0,303.0,437.0,193.0,370.0,277.0
11,114,5.0,0.0,3.0,[10 12 51],370.0,277.0,434.0,303.0,380.0,275.0,381.0,311.0,437.0,193.0
11,115,5.0,0.0,3.0,[10 12 51],437.0,193.0,380.0,275.0,370.0,277.0,350.0,186.0,381.0,311.0
11,116,5.0,0.0,3.0,[10 12 51],381.0,311.0,370.0,277.0,437.0,193.0,342.0,218.0,350.0,186.0
11,117,5.0,0.0,3.0,[10 12 51],350.0,186.0,437.0,193.0,381.0,311.0,270.0,153.0,342.0,218.0
11,118,5.0,0.0,3.0,[10 12 51],342.0,218.0,381.0,311.0,350.0,186.0,279.0,164.0,270.0,153.0
11,119,5.0,0.0,3.0,[10 12 51],270.0,153.0,350.0,186.0,342.0,218.0,259.0,199.0,279.0,164.0
11,120,5.0,0.0,3.0,[10 12 51],279.0,164.0,342.0,218.0,270.0,153.0,242.0,191.0,259.0,199.0
11,121,5.0,0.0,3.0,[10 12 51],259.0,199.0,270.0,153.0,279.0,164.0,212.0,164.0,242.0,191.0
11,122,5.0,0.0,3.0,[10 12 51],242.0,191.0,279.0,164.0,259.0,199.0,279.0,156.0,212.0,164.0
11,123,5.0,0.0,3.0,[10 12 51],212.0,164.0,259.0,199.0,242.0,191.0,340.0,162.0,279.0,156.0
11,124,5.0,0.0,3.0,[10 12 51],279.0,156.0,242.0,191.0,212.0,164.0,305.0,128.0,340.0,162.0
11,125,5.0,0.0,3.0,[10 12 51],340.0,162.0,212.0,164.0,279.0,156.0,274.0,116.0,305.0,128.0
11,126,5.0,0.0,3.0,[10 12 51],305.0,128.0,279.0,156.0,340.0,162.0,265.0,144.0,274.0,116.0
11,127,5.0,0.0,3.0,[10 12 51],274.0,116.0,340.0,162.0,305.0,128.0,280.0,91.0,265.0,144.0
11,128,5.0,0.0,3.0,[10 12 51],265.0,144.0,305.0,128.0,274.0,116.0,228.0,117.0,280.0,91.0
11,129,5.0,0.0,3.0,[10 12 51],280.0,91.0,274.0,116.0,265.0,144.0,211.0,116.0,228.0,117.0
11,130,5.0,0.0,3.0,[10 12 51],228.0,117.0,265.0,144.0,280.0,91.0,230.0,93.0,211.0,116.0
11,131,5.0,0.0,3.0,[10 12 51],211.0,116.0,280.0,91.0,228.0,117.0,289.0,62.0,230.0,93.0
11,132,5.0,0.0,3.0,[10 12 51],230.0,93.0,228.0,117.0,211.0,116.0,346.0,88.0,289.0,62.0
11,133,5.0,0.0,3.0,[10 12 51],289.0,62.0,211.0,116.0,230.0,93.0,161.0,68.0,346.0,88.0
11,134,5.0,0.0,3.0,[10 12 51],346.0,88.0,230.0,93.0,289.0,62.0,287.0,56.0,161.0,68.0
11,135,5.0,0.0,3.0,[10 12 51],161.0,68.0,289.0,62.0,346.0,88.0,154.0,81.0,287.0,56.0
11,136,5.0,0.0,3.0,[10 12 51],287.0,56.0,346.0,88.0,161.0,68.0,38.0,48.0,154.0,81.0
11,137,5.0,0.0,3.0,[10 12 51],154.0,81.0,161.0,68.0,287.0,56.0,19.0,33.0,38.0,48.0
11,138,5.0,0.0,3.0,[10 12 51],38.0,48.0,287.0,56.0,154.0,81.0,2.0,13.0,19.0,33.0
11,139,5.0,0.0,3.0,[10 12 51],19.0,33.0,154.0,81.0,38.0,48.0,1.0,0.0,2.0,13.0
11,140,5.0,0.0,3.0,[10 12 51],2.0,13.0,38.0,48.0,19.0,33.0,0.0,0.0,1.0,0.0
11,141,5.0,0.0,3.0,[10 12 51],1.0,0.0,19.0,33.0,2.0,13.0,0.0,0.0,0.0,0.0
11,142,5.0,0.0,3.0,[10 12 51],0.0,0.0,2.0,13.0,1.0,0.0,0.0,0.0,0.0,0.0
11,143,5.0,0.0,3.0,[10 12 51],0.0,0.0,1.0,0.0,0.0,0.0,0.0,0.0,0.0,0.0
12,0,5.0,0.0,2.0,[11 13],0.0,0.0,0.0,0.0,0.0,0.0,0.0,0.0,0.0,0.0
12,1,5.0,0.0,2.0,[11 13],0.0,0.0,0.0,0.0,0.0,0.0,0.0,0.0,0.0,0.0
12,2,5.0,0.0,2.0,[11 13],0.0,0.0,0.0,0.0,0.0,0.0,0.0,0.0,0.0,0.0
12,3,5.0,0.0,2.0,[11 13],0.0,0.0,0.0,0.0,0.0,0.0,0.0,0.0,0.0,0.0
12,4,5.0,0.0,2.0,[11 13],0.0,0.0,0.0,0.0,0.0,0.0,0.0,0.0,0.0,0.0
12,5,5.0,0.0,2.0,[11 13],0.0,0.0,0.0,0.0,0.0,0.0,0.0,0.0,0.0,0.0
12,6,5.0,0.0,2.0,[11 13],0.0,0.0,0.0,0.0,0.0,0.0,0.0,0.0,0.0,0.0
12,7,5.0,0.0,2.0,[11 13],0.0,0.0,0.0,0.0,0.0,0.0,0.0,0.0,0.0,0.0
12,8,5.0,0.0,2.0,[11 13],0.0,0.0,0.0,0.0,0.0,0.0,0.0,0.0,0.0,0.0
12,9,5.0,0.0,2.0,[11 13],0.0,0.0,0.0,0.0,0.0,0.0,0.0,0.0,0.0,0.0
12,10,5.0,0.0,2.0,[11 13],0.0,0.0,0.0,0.0,0.0,0.0,0.0,0.0,0.0,0.0
12,11,5.0,0.0,2.0,[11 13],0.0,0.0,0.0,0.0,0.0,0.0,0.0,0.0,0.0,0.0
12,12,5.0,0.0,2.0,[11 13],0.0,0.0,0.0,0.0,0.0,0.0,0.0,0.0,0.0,0.0
12,13,5.0,0.0,2.0,[11 13],0.0,0.0,0.0,0.0,0.0,0.0,0.0,0.0,0.0,0.0
12,14,5.0,0.0,2.0,[11 13],0.0,0.0,0.0,0.0,0.0,0.0,0.0,0.0,0.0,0.0
12,15,5.0,0.0,2.0,[11 13],0.0,0.0,0.0,0.0,0.0,0.0,0.0,0.0,0.0,0.0
12,16,5.0,0.0,2.0,[11 13],0.0,0.0,0.0,0.0,0.0,0.0,0.0,0.0,0.0,0.0
12,17,5.0,0.0,2.0,[11 13],0.0,0.0,0.0,0.0,0.0,0.0,0.0,0.0,0.0,0.0
12,18,5.0,0.0,2.0,[11 13],0.0,0.0,0.0,0.0,0.0,0.0,0.0,0.0,0.0,0.0
12,19,5.0,0.0,2.0,[11 13],0.0,0.0,0.0,0.0,0.0,0.0,0.0,0.0,0.0,0.0
12,20,5.0,0.0,2.0,[11 13],0.0,0.0,0.0,0.0,0.0,0.0,0.0,0.0,0.0,0.0
12,21,5.0,0.0,2.0,[11 13],0.0,0.0,0.0,0.0,0.0,0.0,0.0,0.0,0.0,0.0
12,22,5.0,0.0,2.0,[11 13],0.0,0.0,0.0,0.0,0.0,0.0,0.0,0.0,0.0,0.0
12,23,5.0,0.0,2.0,[11 13],0.0,0.0,0.0,0.0,0.0,0.0,0.0,0.0,0.0,0.0
12,24,5.0,0.0,2.0,[11 13],0.0,0.0,0.0,0.0,0.0,0.0,0.0,0.0,0.0,0.0
12,25,5.0,0.0,2.0,[11 13],0.0,0.0,0.0,0.0,0.0,0.0,0.0,0.0,0.0,0.0
12,26,5.0,0.0,2.0,[11 13],0.0,0.0,0.0,0.0,0.0,0.0,0.0,0.0,0.0,0.0
12,27,5.0,0.0,2.0,[11 13],0.0,0.0,0.0,0.0,0.0,0.0,0.0,0.0,0.0,0.0
12,28,5.0,0.0,2.0,[11 13],0.0,0.0,0.0,0.0,0.0,0.0,0.0,0.0,0.0,0.0
12,29,5.0,0.0,2.0,[11 13],0.0,0.0,0.0,0.0,0.0,0.0,0.0,0.0,0.0,0.0
12,30,5.0,0.0,2.0,[11 13],0.0,0.0,0.0,0.0,0.0,0.0,0.0,0.0,0.0,0.0
12,31,5.0,0.0,2.0,[11 13],0.0,0.0,0.0,0.0,0.0,0.0,0.0,0.0,0.0,0.0
12,32,5.0,0.0,2.0,[11 13],0.0,0.0,0.0,0.0,0.0,0.0,4.0,0.0,0.0,0.0
12,33,5.0,0.0,2.0,[11 13],0.0,0.0,0.0,0.0,0.0,0.0,15.0,0.0,4.0,0.0
12,34,5.0,0.0,2.0,[11 13],4.0,0.0,0.0,0.0,0.0,0.0,16.0,1.0,15.0,0.0
12,35,5.0,0.0,2.0,[11 13],15.0,0.0,0.0,0.0,4.0,0.0,36.0,4.0,16.0,1.0
12,36,5.0,0.0,2.0,[11 13],16.0,1.0,4.0,0.0,15.0,0.0,40.0,19.0,36.0,4.0
12,37,5.0,0.0,2.0,[11 13],36.0,4.0,15.0,0.0,16.0,1.0,45.0,43.0,40.0,19.0
12,38,5.0,0.0,2.0,[11 13],40.0,19.0,16.0,1.0,36.0,4.0,87.0,50.0,45.0,43.0
12,39,5.0,0.0,2.0,[11 13],45.0,43.0,36.0,4.0,40.0,19.0,110.0,73.0,87.0,50.0
12,40,5.0,0.0,2.0,[11 13],87.0,50.0,40.0,19.0,45.0,43.0,122.0,126.0,110.0,73.0
12,41,5.0,0.0,2.0,[11 13],110.0,73.0,45.0,43.0,87.0,50.0,221.0,138.0,122.0,126.0
12,42,5.0,0.0,2.0,[11 13],122.0,126.0,87.0,50.0,110.0,73.0,273.0,254.0,221.0,138.0
12,43,5.0,0.0,2.0,[11 13],221.0,138.0,110.0,73.0,122.0,126.0,331.0,294.0,273.0,254.0
12,44,5.0,0.0,2.0,[11 13],273.0,254.0,122.0,126.0,221.0,138.0,419.0,470.0,331.0,294.0
12,45,5.0,0.0,2.0,[11 13],331.0,294.0,221.0,138.0,273.0,254.0,551.0,430.0,419.0,470.0
12,46,5.0,0.0,2.0,[11 13],419.0,470.0,273.0,254.0,331.0,294.0,596.0,707.0,551.0,430.0
12,47,5.0,0.0,2.0,[11 13],551.0,430.0,331.0,294.0,419.0,470.0,520.0,702.0,596.0,707.0
12,48,5.0,0.0,2.0,[11 13],596.0,707.0,419.0,470.0,551.0,430.0,564.0,908.0,520.0,702.0
12,49,5.0,0.0,2.0,[11 13],520.0,702.0,551.0,430.0,596.0,707.0,531.0,1024.0,564.0,908.0
12,50,5.0,0.0,2.0,[11 13],564.0,908.0,596.0,707.0,520.0,702.0,420.0,862.0,531.0,1024.0
12,51,5.0,0.0,2.0,[11 13],531.0,1024.0,520.0,702.0,564.0,908.0,317.0,731.0,420.0,862.0
12,52,5.0,0.0,2.0,[11 13],420.0,862.0,564.0,908.0,531.0,1024.0,299.0,565.0,317.0,731.0
12,53,5.0,0.0,2.0,[11 13],317.0,731.0,531.0,1024.0,420.0,862.0,291.0,304.0,299.0,565.0
12,54,5.0,0.0,2.0,[11 13],299.0,565.0,420.0,862.0,317.0,731.0,233.0,441.0,291.0,304.0
12,55,5.0,0.0,2.0,[11 13],291.0,304.0,317.0,731.0,299.0,565.0,197.0,258.0,233.0,441.0
12,56,5.0,0.0,2.0,[11 13],233.0,441.0,299.0,565.0,291.0,304.0,202.0,267.0,197.0,258.0
12,57,5.0,0.0,2.0,[11 13],197.0,258.0,291.0,304.0,233.0,441.0,134.0,268.0,202.0,267.0
12,58,5.0,0.0,2.0,[11 13],202.0,267.0,233.0,441.0,197.0,258.0,173.0,254.0,134.0,268.0
12,59,5.0,0.0,2.0,[11 13],134.0,268.0,197.0,258.0,202.0,267.0,135.0,193.0,173.0,254.0
12,60,5.0,0.0,2.0,[11 13],173.0,254.0,202.0,267.0,134.0,268.0,141.0,196.0,135.0,193.0
12,61,5.0,0.0,2.0,[11 13],135.0,193.0,134.0,268.0,173.0,254.0,115.0,205.0,141.0,196.0
12,62,5.0,0.0,2.0,[11 13],141.0,196.0,173.0,254.0,135.0,193.0,125.0,131.0,115.0,205.0
12,63,5.0,0.0,2.0,[11 13],115.0,205.0,135.0,193.0,141.0,196.0,147.0,189.0,125.0,131.0
12,64,5.0,0.0,2.0,[11 13],125.0,131.0,141.0,196.0,115.0,205.0,139.0,132.0,147.0,189.0
12,65,5.0,0.0,2.0,[11 13],147.0,189.0,115.0,205.0,125.0,131.0,133.0,150.0,139.0,132.0
12,66,5.0,0.0,2.0,[11 13],139.0,132.0,125.0,131.0,147.0,189.0,154.0,153.0,133.0,150.0
12,67,5.0,0.0,2.0,[11 13],133.0,150.0,147.0,189.0,139.0,132.0,145.0,137.0,154.0,153.0
12,68,5.0,0.0,2.0,[11 13],154.0,153.0,139.0,132.0,133.0,150.0,144.0,165.0,145.0,137.0
12,69,5.0,0.0,2.0,[11 13],145.0,137.0,133.0,150.0,154.0,153.0,158.0,147.0,144.0,165.0
12,70,5.0,0.0,2.0,[11 13],144.0,165.0,154.0,153.0,145.0,137.0,176.0,156.0,158.0,147.0
12,71,5.0,0.0,2.0,[11 13],158.0,147.0,145.0,137.0,144.0,165.0,210.0,179.0,176.0,156.0
12,72,5.0,0.0,2.0,[11 13],176.0,156.0,144.0,165.0,158.0,147.0,177.0,191.0,210.0,179.0
12,73,5.0,0.0,2.0,[11 13],210.0,179.0,158.0,147.0,176.0,156.0,159.0,162.0,177.0,191.0
12,74,5.0,0.0,2.0,[11 13],177.0,191.0,176.0,156.0,210.0,179.0,165.0,190.0,159.0,162.0
12,75,5.0,0.0,2.0,[11 13],159.0,162.0,210.0,179.0,177.0,191.0,167.0,187.0,165.0,190.0
12,76,5.0,0.0,2.0,[11 13],165.0,190.0,177.0,191.0,159.0,162.0,160.0,230.0,167.0,187.0
12,77,5.0,0.0,2.0,[11 13],167.0,187.0,159.0,162.0,165.0,190.0,166.0,184.0,160.0,230.0
12,78,5.0,0.0,2.0,[11 13],160.0,230.0,165.0,190.0,167.0,187.0,183.0,186.0,166.0,184.0
12,79,5.0,0.0,2.0,[11 13],166.0,184.0,167.0,187.0,160.0,230.0,176.0,197.0,183.0,186.0
12,80,5.0,0.0,2.0,[11 13],183.0,186.0,160.0,230.0,166.0,184.0,182.0,178.0,176.0,197.0
12,81,5.0,0.0,2.0,[11 13],176.0,197.0,166.0,184.0,183.0,186.0,170.0,185.0,182.0,178.0
12,82,5.0,0.0,2.0,[11 13],182.0,178.0,183.0,186.0,176.0,197.0,186.0,182.0,170.0,185.0
12,83,5.0,0.0,2.0,[11 13],170.0,185.0,176.0,197.0,182.0,178.0,176.0,174.0,186.0,182.0
12,84,5.0,0.0,2.0,[11 13],186.0,182.0,182.0,178.0,170.0,185.0,193.0,185.0,176.0,174.0
12,85,5.0,0.0,2.0,[11 13],176.0,174.0,170.0,185.0,186.0,182.0,171.0,189.0,193.0,185.0
12,86,5.0,0.0,2.0,[11 13],193.0,185.0,186.0,182.0,176.0,174.0,153.0,182.0,171.0,189.0
12,87,5.0,0.0,2.0,[11 13],171.0,189.0,176.0,174.0,193.0,185.0,168.0,155.0,153.0,182.0
12,88,5.0,0.0,2.0,[11 13],153.0,182.0,193.0,185.0,171.0,189.0,202.0,173.0,168.0,155.0
12,89,5.0,0.0,2.0,[11 13],168.0,155.0,171.0,189.0,153.0,182.0,242.0,202.0,202.0,173.0
12,90,5.0,0.0,2.0,[11 13],202.0,173.0,153.0,182.0,168.0,155.0,269.0,180.0,242.0,202.0
12,91,5.0,0.0,2.0,[11 13],242.0,202.0,168.0,155.0,202.0,173.0,262.0,191.0,269.0,180.0
12,92,5.0,0.0,2.0,[11 13],269.0,180.0,202.0,173.0,242.0,202.0,284.0,213.0,262.0,191.0
12,93,5.0,0.0,2.0,[11 13],262.0,191.0,242.0,202.0,269.0,180.0,222.0,229.0,284.0,213.0
12,94,5.0,0.0,2.0,[11 13],284.0,213.0,269.0,180.0,262.0,191.0,261.0,270.0,222.0,229.0
12,95,5.0,0.0,2.0,[11 13],222.0,229.0,262.0,191.0,284.0,213.0,257.0,211.0,261.0,270.0
12,96,5.0,0.0,2.0,[11 13],261.0,270.0,284.0,213.0,222.0,229.0,280.0,204.0,257.0,211.0
12,97,5.0,0.0,2.0,[11 13],257.0,211.0,222.0,229.0,261.0,270.0,339.0,246.0,280.0,204.0
12,98,5.0,0.0,2.0,[11 13],280.0,204.0,261.0,270.0,257.0,211.0,338.0,235.0,339.0,246.0
12,99,5.0,0.0,2.0,[11 13],339.0,246.0,257.0,211.0,280.0,204.0,356.0,238.0,338.0,235.0
12,100,5.0,0.0,2.0,[11 13],338.0,235.0,280.0,204.0,339.0,246.0,460.0,308.0,356.0,238.0
12,101,5.0,0.0,2.0,[11 13],356.0,238.0,339.0,246.0,338.0,235.0,526.0,320.0,460.0,308.0
12,102,5.0,0.0,2.0,[11 13],460.0,308.0,338.0,235.0,356.0,238.0,529.0,363.0,526.0,320.0
12,103,5.0,0.0,2.0,[11 13],526.0,320.0,356.0,238.0,460.0,308.0,588.0,469.0,529.0,363.0
12,104,5.0,0.0,2.0,[11 13],529.0,363.0,460.0,308.0,526.0,320.0,716.0,506.0,588.0,469.0
12,105,5.0,0.0,2.0,[11 13],588.0,469.0,526.0,320.0,529.0,363.0,692.0,494.0,716.0,506.0
12,106,5.0,0.0,2.0,[11 13],716.0,506.0,529.0,363.0,588.0,469.0,671.0,553.0,692.0,494.0
12,107,5.0,0.0,2.0,[11 13],692.0,494.0,588.0,469.0,716.0,506.0,603.0,547.0,671.0,553.0
12,108,5.0,0.0,2.0,[11 13],671.0,553.0,716.0,506.0,692.0,494.0,465.0,488.0,603.0,547.0
12,109,5.0,0.0,2.0,[11 13],603.0,547.0,692.0,494.0,671.0,553.0,465.0,447.0,465.0,488.0
12,110,5.0,0.0,2.0,[11 13],465.0,488.0,671.0,553.0,603.0,547.0,383.0,411.0,465.0,447.0
12,111,5.0,0.0,2.0,[11 13],465.0,447.0,603.0,547.0,465.0,488.0,326.0,359.0,383.0,411.0
12,112,5.0,0.0,2.0,[11 13],383.0,411.0,465.0,488.0,465.0,447.0,290.0,329.0,326.0,359.0
12,113,5.0,0.0,2.0,[11 13],326.0,359.0,465.0,447.0,383.0,411.0,296.0,340.0,290.0,329.0
12,114,5.0,0.0,2.0,[11 13],290.0,329.0,383.0,411.0,326.0,359.0,262.0,290.0,296.0,340.0
12,115,5.0,0.0,2.0,[11 13],296.0,340.0,326.0,359.0,290.0,329.0,237.0,286.0,262.0,290.0
12,116,5.0,0.0,2.0,[11 13],262.0,290.0,290.0,329.0,296.0,340.0,253.0,297.0,237.0,286.0
12,117,5.0,0.0,2.0,[11 13],237.0,286.0,296.0,340.0,262.0,290.0,189.0,255.0,253.0,297.0
12,118,5.0,0.0,2.0,[11 13],253.0,297.0,262.0,290.0,237.0,286.0,189.0,191.0,189.0,255.0
12,119,5.0,0.0,2.0,[11 13],189.0,255.0,237.0,286.0,253.0,297.0,227.0,205.0,189.0,191.0
12,120,5.0,0.0,2.0,[11 13],189.0,191.0,253.0,297.0,189.0,255.0,210.0,183.0,227.0,205.0
12,121,5.0,0.0,2.0,[11 13],227.0,205.0,189.0,255.0,189.0,191.0,183.0,233.0,210.0,183.0
12,122,5.0,0.0,2.0,[11 13],210.0,183.0,189.0,191.0,227.0,205.0,223.0,181.0,183.0,233.0
12,123,5.0,0.0,2.0,[11 13],183.0,233.0,227.0,205.0,210.0,183.0,220.0,226.0,223.0,181.0
12,124,5.0,0.0,2.0,[11 13],223.0,181.0,210.0,183.0,183.0,233.0,299.0,240.0,220.0,226.0
12,125,5.0,0.0,2.0,[11 13],220.0,226.0,183.0,233.0,223.0,181.0,313.0,187.0,299.0,240.0
12,126,5.0,0.0,2.0,[11 13],299.0,240.0,223.0,181.0,220.0,226.0,245.0,200.0,313.0,187.0
12,127,5.0,0.0,2.0,[11 13],313.0,187.0,220.0,226.0,299.0,240.0,224.0,177.0,245.0,200.0
12,128,5.0,0.0,2.0,[11 13],245.0,200.0,299.0,240.0,313.0,187.0,197.0,179.0,224.0,177.0
12,129,5.0,0.0,2.0,[11 13],224.0,177.0,313.0,187.0,245.0,200.0,117.0,186.0,197.0,179.0
12,130,5.0,0.0,2.0,[11 13],197.0,179.0,245.0,200.0,224.0,177.0,124.0,132.0,117.0,186.0
12,131,5.0,0.0,2.0,[11 13],117.0,186.0,224.0,177.0,197.0,179.0,114.0,147.0,124.0,132.0
12,132,5.0,0.0,2.0,[11 13],124.0,132.0,197.0,179.0,117.0,186.0,120.0,150.0,114.0,147.0
12,133,5.0,0.0,2.0,[11 13],114.0,147.0,117.0,186.0,124.0,132.0,91.0,148.0,120.0,150.0
12,134,5.0,0.0,2.0,[11 13],120.0,150.0,124.0,132.0,114.0,147.0,124.0,89.0,91.0,148.0
12,135,5.0,0.0,2.0,[11 13],91.0,148.0,114.0,147.0,120.0,150.0,60.0,90.0,124.0,89.0
12,136,5.0,0.0,2.0,[11 13],124.0,89.0,120.0,150.0,91.0,148.0,43.0,110.0,60.0,90.0
12,137,5.0,0.0,2.0,[11 13],60.0,90.0,91.0,148.0,124.0,89.0,15.0,49.0,43.0,110.0
12,138,5.0,0.0,2.0,[11 13],43.0,110.0,124.0,89.0,60.0,90.0,0.0,29.0,15.0,49.0
12,139,5.0,0.0,2.0,[11 13],15.0,49.0,60.0,90.0,43.0,110.0,0.0,0.0,0.0,29.0
12,140,5.0,0.0,2.0,[11 13],0.0,29.0,43.0,110.0,15.0,49.0,0.0,0.0,0.0,0.0
12,141,5.0,0.0,2.0,[11 13],0.0,0.0,15.0,49.0,0.0,29.0,0.0,0.0,0.0,0.0
12,142,5.0,0.0,2.0,[11 13],0.0,0.0,0.0,29.0,0.0,0.0,0.0,0.0,0.0,0.0
12,143,5.0,0.0,2.0,[11 13],0.0,0.0,0.0,0.0,0.0,0.0,0.0,0.0,0.0,0.0
13,0,5.0,0.0,2.0,[12 14],0.0,0.0,0.0,0.0,0.0,0.0,0.0,0.0,0.0,0.0
13,1,5.0,0.0,2.0,[12 14],0.0,0.0,0.0,0.0,0.0,0.0,0.0,0.0,0.0,0.0
13,2,5.0,0.0,2.0,[12 14],0.0,0.0,0.0,0.0,0.0,0.0,0.0,0.0,0.0,0.0
13,3,5.0,0.0,2.0,[12 14],0.0,0.0,0.0,0.0,0.0,0.0,0.0,0.0,0.0,0.0
13,4,5.0,0.0,2.0,[12 14],0.0,0.0,0.0,0.0,0.0,0.0,0.0,0.0,0.0,0.0
13,5,5.0,0.0,2.0,[12 14],0.0,0.0,0.0,0.0,0.0,0.0,0.0,0.0,0.0,0.0
13,6,5.0,0.0,2.0,[12 14],0.0,0.0,0.0,0.0,0.0,0.0,0.0,0.0,0.0,0.0
13,7,5.0,0.0,2.0,[12 14],0.0,0.0,0.0,0.0,0.0,0.0,0.0,0.0,0.0,0.0
13,8,5.0,0.0,2.0,[12 14],0.0,0.0,0.0,0.0,0.0,0.0,0.0,0.0,0.0,0.0
13,9,5.0,0.0,2.0,[12 14],0.0,0.0,0.0,0.0,0.0,0.0,0.0,0.0,0.0,0.0
13,10,5.0,0.0,2.0,[12 14],0.0,0.0,0.0,0.0,0.0,0.0,0.0,0.0,0.0,0.0
13,11,5.0,0.0,2.0,[12 14],0.0,0.0,0.0,0.0,0.0,0.0,0.0,0.0,0.0,0.0
13,12,5.0,0.0,2.0,[12 14],0.0,0.0,0.0,0.0,0.0,0.0,0.0,0.0,0.0,0.0
13,13,5.0,0.0,2.0,[12 14],0.0,0.0,0.0,0.0,0.0,0.0,0.0,0.0,0.0,0.0
13,14,5.0,0.0,2.0,[12 14],0.0,0.0,0.0,0.0,0.0,0.0,0.0,0.0,0.0,0.0
13,15,5.0,0.0,2.0,[12 14],0.0,0.0,0.0,0.0,0.0,0.0,0.0,0.0,0.0,0.0
13,16,5.0,0.0,2.0,[12 14],0.0,0.0,0.0,0.0,0.0,0.0,0.0,0.0,0.0,0.0
13,17,5.0,0.0,2.0,[12 14],0.0,0.0,0.0,0.0,0.0,0.0,0.0,0.0,0.0,0.0
13,18,5.0,0.0,2.0,[12 14],0.0,0.0,0.0,0.0,0.0,0.0,0.0,0.0,0.0,0.0
13,19,5.0,0.0,2.0,[12 14],0.0,0.0,0.0,0.0,0.0,0.0,0.0,0.0,0.0,0.0
13,20,5.0,0.0,2.0,[12 14],0.0,0.0,0.0,0.0,0.0,0.0,0.0,0.0,0.0,0.0
13,21,5.0,0.0,2.0,[12 14],0.0,0.0,0.0,0.0,0.0,0.0,0.0,0.0,0.0,0.0
13,22,5.0,0.0,2.0,[12 14],0.0,0.0,0.0,0.0,0.0,0.0,0.0,0.0,0.0,0.0
13,23,5.0,0.0,2.0,[12 14],0.0,0.0,0.0,0.0,0.0,0.0,0.0,0.0,0.0,0.0
13,24,5.0,0.0,2.0,[12 14],0.0,0.0,0.0,0.0,0.0,0.0,0.0,0.0,0.0,0.0
13,25,5.0,0.0,2.0,[12 14],0.0,0.0,0.0,0.0,0.0,0.0,0.0,0.0,0.0,0.0
13,26,5.0,0.0,2.0,[12 14],0.0,0.0,0.0,0.0,0.0,0.0,0.0,0.0,0.0,0.0
13,27,5.0,0.0,2.0,[12 14],0.0,0.0,0.0,0.0,0.0,0.0,0.0,0.0,0.0,0.0
13,28,5.0,0.0,2.0,[12 14],0.0,0.0,0.0,0.0,0.0,0.0,0.0,0.0,0.0,0.0
13,29,5.0,0.0,2.0,[12 14],0.0,0.0,0.0,0.0,0.0,0.0,0.0,0.0,0.0,0.0
13,30,5.0,0.0,2.0,[12 14],0.0,0.0,0.0,0.0,0.0,0.0,0.0,0.0,0.0,0.0
13,31,5.0,0.0,2.0,[12 14],0.0,0.0,0.0,0.0,0.0,0.0,0.0,0.0,0.0,0.0
13,32,5.0,0.0,2.0,[12 14],0.0,0.0,0.0,0.0,0.0,0.0,0.0,0.0,0.0,0.0
13,33,5.0,0.0,2.0,[12 14],0.0,0.0,0.0,0.0,0.0,0.0,11.0,0.0,0.0,0.0
13,34,5.0,0.0,2.0,[12 14],0.0,0.0,0.0,0.0,0.0,0.0,28.0,2.0,11.0,0.0
13,35,5.0,0.0,2.0,[12 14],11.0,0.0,0.0,0.0,0.0,0.0,31.0,4.0,28.0,2.0
13,36,5.0,0.0,2.0,[12 14],28.0,2.0,0.0,0.0,11.0,0.0,37.0,16.0,31.0,4.0
13,37,5.0,0.0,2.0,[12 14],31.0,4.0,11.0,0.0,28.0,2.0,51.0,51.0,37.0,16.0
13,38,5.0,0.0,2.0,[12 14],37.0,16.0,28.0,2.0,31.0,4.0,98.0,46.0,51.0,51.0
13,39,5.0,0.0,2.0,[12 14],51.0,51.0,31.0,4.0,37.0,16.0,168.0,92.0,98.0,46.0
13,40,5.0,0.0,2.0,[12 14],98.0,46.0,37.0,16.0,51.0,51.0,167.0,141.0,168.0,92.0
13,41,5.0,0.0,2.0,[12 14],168.0,92.0,51.0,51.0,98.0,46.0,196.0,96.0,167.0,141.0
13,42,5.0,0.0,2.0,[12 14],167.0,141.0,98.0,46.0,168.0,92.0,339.0,128.0,196.0,96.0
13,43,5.0,0.0,2.0,[12 14],196.0,96.0,168.0,92.0,167.0,141.0,431.0,231.0,339.0,128.0
13,44,5.0,0.0,2.0,[12 14],339.0,128.0,167.0,141.0,196.0,96.0,538.0,253.0,431.0,231.0
13,45,5.0,0.0,2.0,[12 14],431.0,231.0,196.0,96.0,339.0,128.0,721.0,342.0,538.0,253.0
13,46,5.0,0.0,2.0,[12 14],538.0,253.0,339.0,128.0,431.0,231.0,770.0,343.0,721.0,342.0
13,47,5.0,0.0,2.0,[12 14],721.0,342.0,431.0,231.0,538.0,253.0,631.0,535.0,770.0,343.0
13,48,5.0,0.0,2.0,[12 14],770.0,343.0,538.0,253.0,721.0,342.0,703.0,597.0,631.0,535.0
13,49,5.0,0.0,2.0,[12 14],631.0,535.0,721.0,342.0,770.0,343.0,624.0,647.0,703.0,597.0
13,50,5.0,0.0,2.0,[12 14],703.0,597.0,770.0,343.0,631.0,535.0,498.0,633.0,624.0,647.0
13,51,5.0,0.0,2.0,[12 14],624.0,647.0,631.0,535.0,703.0,597.0,430.0,519.0,498.0,633.0
13,52,5.0,0.0,2.0,[12 14],498.0,633.0,703.0,597.0,624.0,647.0,346.0,302.0,430.0,519.0
13,53,5.0,0.0,2.0,[12 14],430.0,519.0,624.0,647.0,498.0,633.0,292.0,371.0,346.0,302.0
13,54,5.0,0.0,2.0,[12 14],346.0,302.0,498.0,633.0,430.0,519.0,312.0,217.0,292.0,371.0
13,55,5.0,0.0,2.0,[12 14],292.0,371.0,430.0,519.0,346.0,302.0,247.0,226.0,312.0,217.0
13,56,5.0,0.0,2.0,[12 14],312.0,217.0,346.0,302.0,292.0,371.0,200.0,175.0,247.0,226.0
13,57,5.0,0.0,2.0,[12 14],247.0,226.0,292.0,371.0,312.0,217.0,199.0,153.0,200.0,175.0
13,58,5.0,0.0,2.0,[12 14],200.0,175.0,312.0,217.0,247.0,226.0,172.0,152.0,199.0,153.0
13,59,5.0,0.0,2.0,[12 14],199.0,153.0,247.0,226.0,200.0,175.0,155.0,131.0,172.0,152.0
13,60,5.0,0.0,2.0,[12 14],172.0,152.0,200.0,175.0,199.0,153.0,186.0,138.0,155.0,131.0
13,61,5.0,0.0,2.0,[12 14],155.0,131.0,199.0,153.0,172.0,152.0,191.0,124.0,186.0,138.0
13,62,5.0,0.0,2.0,[12 14],186.0,138.0,172.0,152.0,155.0,131.0,155.0,107.0,191.0,124.0
13,63,5.0,0.0,2.0,[12 14],191.0,124.0,155.0,131.0,186.0,138.0,139.0,117.0,155.0,107.0
13,64,5.0,0.0,2.0,[12 14],155.0,107.0,186.0,138.0,191.0,124.0,176.0,126.0,139.0,117.0
13,65,5.0,0.0,2.0,[12 14],139.0,117.0,191.0,124.0,155.0,107.0,147.0,127.0,176.0,126.0
13,66,5.0,0.0,2.0,[12 14],176.0,126.0,155.0,107.0,139.0,117.0,134.0,76.0,147.0,127.0
13,67,5.0,0.0,2.0,[12 14],147.0,127.0,139.0,117.0,176.0,126.0,145.0,104.0,134.0,76.0
13,68,5.0,0.0,2.0,[12 14],134.0,76.0,176.0,126.0,147.0,127.0,146.0,115.0,145.0,104.0
13,69,5.0,0.0,2.0,[12 14],145.0,104.0,147.0,127.0,134.0,76.0,155.0,148.0,146.0,115.0
13,70,5.0,0.0,2.0,[12 14],146.0,115.0,134.0,76.0,145.0,104.0,169.0,124.0,155.0,148.0
13,71,5.0,0.0,2.0,[12 14],155.0,148.0,145.0,104.0,146.0,115.0,146.0,111.0,169.0,124.0
13,72,5.0,0.0,2.0,[12 14],169.0,124.0,146.0,115.0,155.0,148.0,157.0,105.0,146.0,111.0
13,73,5.0,0.0,2.0,[12 14],146.0,111.0,155.0,148.0,169.0,124.0,144.0,145.0,157.0,105.0
13,74,5.0,0.0,2.0,[12 14],157.0,105.0,169.0,124.0,146.0,111.0,127.0,133.0,144.0,145.0
13,75,5.0,0.0,2.0,[12 14],144.0,145.0,146.0,111.0,157.0,105.0,155.0,146.0,127.0,133.0
13,76,5.0,0.0,2.0,[12 14],127.0,133.0,157.0,105.0,144.0,145.0,182.0,127.0,155.0,146.0
13,77,5.0,0.0,2.0,[12 14],155.0,146.0,144.0,145.0,127.0,133.0,154.0,146.0,182.0,127.0
13,78,5.0,0.0,2.0,[12 14],182.0,127.0,127.0,133.0,155.0,146.0,188.0,154.0,154.0,146.0
13,79,5.0,0.0,2.0,[12 14],154.0,146.0,155.0,146.0,182.0,127.0,156.0,142.0,188.0,154.0
13,80,5.0,0.0,2.0,[12 14],188.0,154.0,182.0,127.0,154.0,146.0,112.0,114.0,156.0,142.0
13,81,5.0,0.0,2.0,[12 14],156.0,142.0,154.0,146.0,188.0,154.0,161.0,135.0,112.0,114.0
13,82,5.0,0.0,2.0,[12 14],112.0,114.0,188.0,154.0,156.0,142.0,145.0,165.0,161.0,135.0
13,83,5.0,0.0,2.0,[12 14],161.0,135.0,156.0,142.0,112.0,114.0,153.0,143.0,145.0,165.0
13,84,5.0,0.0,2.0,[12 14],145.0,165.0,112.0,114.0,161.0,135.0,155.0,122.0,153.0,143.0
13,85,5.0,0.0,2.0,[12 14],153.0,143.0,161.0,135.0,145.0,165.0,161.0,129.0,155.0,122.0
13,86,5.0,0.0,2.0,[12 14],155.0,122.0,145.0,165.0,153.0,143.0,155.0,137.0,161.0,129.0
13,87,5.0,0.0,2.0,[12 14],161.0,129.0,153.0,143.0,155.0,122.0,139.0,139.0,155.0,137.0
13,88,5.0,0.0,2.0,[12 14],155.0,137.0,155.0,122.0,161.0,129.0,164.0,142.0,139.0,139.0
13,89,5.0,0.0,2.0,[12 14],139.0,139.0,161.0,129.0,155.0,137.0,211.0,140.0,164.0,142.0
13,90,5.0,0.0,2.0,[12 14],164.0,142.0,155.0,137.0,139.0,139.0,207.0,159.0,211.0,140.0
13,91,5.0,0.0,2.0,[12 14],211.0,140.0,139.0,139.0,164.0,142.0,266.0,209.0,207.0,159.0
13,92,5.0,0.0,2.0,[12 14],207.0,159.0,164.0,142.0,211.0,140.0,241.0,193.0,266.0,209.0
13,93,5.0,0.0,2.0,[12 14],266.0,209.0,211.0,140.0,207.0,159.0,219.0,203.0,241.0,193.0
13,94,5.0,0.0,2.0,[12 14],241.0,193.0,207.0,159.0,266.0,209.0,194.0,199.0,219.0,203.0
13,95,5.0,0.0,2.0,[12 14],219.0,203.0,266.0,209.0,241.0,193.0,219.0,300.0,194.0,199.0
13,96,5.0,0.0,2.0,[12 14],194.0,199.0,241.0,193.0,219.0,203.0,237.0,237.0,219.0,300.0
13,97,5.0,0.0,2.0,[12 14],219.0,300.0,219.0,203.0,194.0,199.0,262.0,282.0,237.0,237.0
13,98,5.0,0.0,2.0,[12 14],237.0,237.0,194.0,199.0,219.0,300.0,217.0,216.0,262.0,282.0
13,99,5.0,0.0,2.0,[12 14],262.0,282.0,219.0,300.0,237.0,237.0,246.0,241.0,217.0,216.0
13,100,5.0,0.0,2.0,[12 14],217.0,216.0,237.0,237.0,262.0,282.0,233.0,278.0,246.0,241.0
13,101,5.0,0.0,2.0,[12 14],246.0,241.0,262.0,282.0,217.0,216.0,388.0,307.0,233.0,278.0
13,102,5.0,0.0,2.0,[12 14],233.0,278.0,217.0,216.0,246.0,241.0,395.0,327.0,388.0,307.0
13,103,5.0,0.0,2.0,[12 14],388.0,307.0,246.0,241.0,233.0,278.0,333.0,502.0,395.0,327.0
13,104,5.0,0.0,2.0,[12 14],395.0,327.0,233.0,278.0,388.0,307.0,481.0,392.0,333.0,502.0
13,105,5.0,0.0,2.0,[12 14],333.0,502.0,388.0,307.0,395.0,327.0,461.0,523.0,481.0,392.0
13,106,5.0,0.0,2.0,[12 14],481.0,392.0,395.0,327.0,333.0,502.0,425.0,489.0,461.0,523.0
13,107,5.0,0.0,2.0,[12 14],461.0,523.0,333.0,502.0,481.0,392.0,468.0,518.0,425.0,489.0
13,108,5.0,0.0,2.0,[12 14],425.0,489.0,481.0,392.0,461.0,523.0,455.0,515.0,468.0,518.0
13,109,5.0,0.0,2.0,[12 14],468.0,518.0,461.0,523.0,425.0,489.0,362.0,432.0,455.0,515.0
13,110,5.0,0.0,2.0,[12 14],455.0,515.0,425.0,489.0,468.0,518.0,300.0,371.0,362.0,432.0
13,111,5.0,0.0,2.0,[12 14],362.0,432.0,468.0,518.0,455.0,515.0,266.0,410.0,300.0,371.0
13,112,5.0,0.0,2.0,[12 14],300.0,371.0,455.0,515.0,362.0,432.0,212.0,289.0,266.0,410.0
13,113,5.0,0.0,2.0,[12 14],266.0,410.0,362.0,432.0,300.0,371.0,206.0,259.0,212.0,289.0
13,114,5.0,0.0,2.0,[12 14],212.0,289.0,300.0,371.0,266.0,410.0,183.0,287.0,206.0,259.0
13,115,5.0,0.0,2.0,[12 14],206.0,259.0,266.0,410.0,212.0,289.0,146.0,232.0,183.0,287.0
13,116,5.0,0.0,2.0,[12 14],183.0,287.0,212.0,289.0,206.0,259.0,165.0,227.0,146.0,232.0
13,117,5.0,0.0,2.0,[12 14],146.0,232.0,206.0,259.0,183.0,287.0,142.0,247.0,165.0,227.0
13,118,5.0,0.0,2.0,[12 14],165.0,227.0,183.0,287.0,146.0,232.0,133.0,192.0,142.0,247.0
13,119,5.0,0.0,2.0,[12 14],142.0,247.0,146.0,232.0,165.0,227.0,114.0,209.0,133.0,192.0
13,120,5.0,0.0,2.0,[12 14],133.0,192.0,165.0,227.0,142.0,247.0,94.0,201.0,114.0,209.0
13,121,5.0,0.0,2.0,[12 14],114.0,209.0,142.0,247.0,133.0,192.0,111.0,202.0,94.0,201.0
13,122,5.0,0.0,2.0,[12 14],94.0,201.0,133.0,192.0,114.0,209.0,86.0,218.0,111.0,202.0
13,123,5.0,0.0,2.0,[12 14],111.0,202.0,114.0,209.0,94.0,201.0,127.0,235.0,86.0,218.0
13,124,5.0,0.0,2.0,[12 14],86.0,218.0,94.0,201.0,111.0,202.0,103.0,188.0,127.0,235.0
13,125,5.0,0.0,2.0,[12 14],127.0,235.0,111.0,202.0,86.0,218.0,125.0,180.0,103.0,188.0
13,126,5.0,0.0,2.0,[12 14],103.0,188.0,86.0,218.0,127.0,235.0,103.0,221.0,125.0,180.0
13,127,5.0,0.0,2.0,[12 14],125.0,180.0,127.0,235.0,103.0,188.0,76.0,204.0,103.0,221.0
13,128,5.0,0.0,2.0,[12 14],103.0,221.0,103.0,188.0,125.0,180.0,73.0,179.0,76.0,204.0
13,129,5.0,0.0,2.0,[12 14],76.0,204.0,125.0,180.0,103.0,221.0,60.0,161.0,73.0,179.0
13,130,5.0,0.0,2.0,[12 14],73.0,179.0,103.0,221.0,76.0,204.0,64.0,178.0,60.0,161.0
13,131,5.0,0.0,2.0,[12 14],60.0,161.0,76.0,204.0,73.0,179.0,79.0,207.0,64.0,178.0
13,132,5.0,0.0,2.0,[12 14],64.0,178.0,73.0,179.0,60.0,161.0,52.0,180.0,79.0,207.0
13,133,5.0,0.0,2.0,[12 14],79.0,207.0,60.0,161.0,64.0,178.0,49.0,118.0,52.0,180.0
13,134,5.0,0.0,2.0,[12 14],52.0,180.0,64.0,178.0,79.0,207.0,41.0,100.0,49.0,118.0
13,135,5.0,0.0,2.0,[12 14],49.0,118.0,79.0,207.0,52.0,180.0,32.0,184.0,41.0,100.0
13,136,5.0,0.0,2.0,[12 14],41.0,100.0,52.0,180.0,49.0,118.0,25.0,70.0,32.0,184.0
13,137,5.0,0.0,2.0,[12 14],32.0,184.0,49.0,118.0,41.0,100.0,13.0,60.0,25.0,70.0
13,138,5.0,0.0,2.0,[12 14],25.0,70.0,41.0,100.0,32.0,184.0,0.0,45.0,13.0,60.0
13,139,5.0,0.0,2.0,[12 14],13.0,60.0,32.0,184.0,25.0,70.0,0.0,0.0,0.0,45.0
13,140,5.0,0.0,2.0,[12 14],0.0,45.0,25.0,70.0,13.0,60.0,0.0,0.0,0.0,0.0
13,141,5.0,0.0,2.0,[12 14],0.0,0.0,13.0,60.0,0.0,45.0,1.0,0.0,0.0,0.0
13,142,5.0,0.0,2.0,[12 14],0.0,0.0,0.0,45.0,0.0,0.0,0.0,0.0,1.0,0.0
13,143,5.0,0.0,2.0,[12 14],1.0,0.0,0.0,0.0,0.0,0.0,0.0,0.0,0.0,0.0
14,0,5.0,0.0,2.0,[13 15],0.0,0.0,0.0,0.0,0.0,0.0,0.0,0.0,0.0,0.0
14,1,5.0,0.0,2.0,[13 15],0.0,0.0,0.0,0.0,0.0,0.0,0.0,0.0,0.0,0.0
14,2,5.0,0.0,2.0,[13 15],0.0,0.0,0.0,0.0,0.0,0.0,0.0,0.0,0.0,0.0
14,3,5.0,0.0,2.0,[13 15],0.0,0.0,0.0,0.0,0.0,0.0,0.0,0.0,0.0,0.0
14,4,5.0,0.0,2.0,[13 15],0.0,0.0,0.0,0.0,0.0,0.0,0.0,0.0,0.0,0.0
14,5,5.0,0.0,2.0,[13 15],0.0,0.0,0.0,0.0,0.0,0.0,0.0,0.0,0.0,0.0
14,6,5.0,0.0,2.0,[13 15],0.0,0.0,0.0,0.0,0.0,0.0,0.0,0.0,0.0,0.0
14,7,5.0,0.0,2.0,[13 15],0.0,0.0,0.0,0.0,0.0,0.0,0.0,0.0,0.0,0.0
14,8,5.0,0.0,2.0,[13 15],0.0,0.0,0.0,0.0,0.0,0.0,0.0,0.0,0.0,0.0
14,9,5.0,0.0,2.0,[13 15],0.0,0.0,0.0,0.0,0.0,0.0,0.0,0.0,0.0,0.0
14,10,5.0,0.0,2.0,[13 15],0.0,0.0,0.0,0.0,0.0,0.0,0.0,0.0,0.0,0.0
14,11,5.0,0.0,2.0,[13 15],0.0,0.0,0.0,0.0,0.0,0.0,0.0,0.0,0.0,0.0
14,12,5.0,0.0,2.0,[13 15],0.0,0.0,0.0,0.0,0.0,0.0,0.0,0.0,0.0,0.0
14,13,5.0,0.0,2.0,[13 15],0.0,0.0,0.0,0.0,0.0,0.0,0.0,0.0,0.0,0.0
14,14,5.0,0.0,2.0,[13 15],0.0,0.0,0.0,0.0,0.0,0.0,0.0,0.0,0.0,0.0
14,15,5.0,0.0,2.0,[13 15],0.0,0.0,0.0,0.0,0.0,0.0,0.0,0.0,0.0,0.0
14,16,5.0,0.0,2.0,[13 15],0.0,0.0,0.0,0.0,0.0,0.0,0.0,0.0,0.0,0.0
14,17,5.0,0.0,2.0,[13 15],0.0,0.0,0.0,0.0,0.0,0.0,0.0,0.0,0.0,0.0
14,18,5.0,0.0,2.0,[13 15],0.0,0.0,0.0,0.0,0.0,0.0,0.0,0.0,0.0,0.0
14,19,5.0,0.0,2.0,[13 15],0.0,0.0,0.0,0.0,0.0,0.0,0.0,0.0,0.0,0.0
14,20,5.0,0.0,2.0,[13 15],0.0,0.0,0.0,0.0,0.0,0.0,0.0,0.0,0.0,0.0
14,21,5.0,0.0,2.0,[13 15],0.0,0.0,0.0,0.0,0.0,0.0,0.0,0.0,0.0,0.0
14,22,5.0,0.0,2.0,[13 15],0.0,0.0,0.0,0.0,0.0,0.0,0.0,0.0,0.0,0.0
14,23,5.0,0.0,2.0,[13 15],0.0,0.0,0.0,0.0,0.0,0.0,0.0,0.0,0.0,0.0
14,24,5.0,0.0,2.0,[13 15],0.0,0.0,0.0,0.0,0.0,0.0,0.0,0.0,0.0,0.0
14,25,5.0,0.0,2.0,[13 15],0.0,0.0,0.0,0.0,0.0,0.0,0.0,0.0,0.0,0.0
14,26,5.0,0.0,2.0,[13 15],0.0,0.0,0.0,0.0,0.0,0.0,0.0,0.0,0.0,0.0
14,27,5.0,0.0,2.0,[13 15],0.0,0.0,0.0,0.0,0.0,0.0,0.0,0.0,0.0,0.0
14,28,5.0,0.0,2.0,[13 15],0.0,0.0,0.0,0.0,0.0,0.0,0.0,0.0,0.0,0.0
14,29,5.0,0.0,2.0,[13 15],0.0,0.0,0.0,0.0,0.0,0.0,0.0,0.0,0.0,0.0
14,30,5.0,0.0,2.0,[13 15],0.0,0.0,0.0,0.0,0.0,0.0,0.0,0.0,0.0,0.0
14,31,5.0,0.0,2.0,[13 15],0.0,0.0,0.0,0.0,0.0,0.0,2.0,0.0,0.0,0.0
14,32,5.0,0.0,2.0,[13 15],0.0,0.0,0.0,0.0,0.0,0.0,1.0,2.0,2.0,0.0
14,33,5.0,0.0,2.0,[13 15],2.0,0.0,0.0,0.0,0.0,0.0,20.0,0.0,1.0,2.0
14,34,5.0,0.0,2.0,[13 15],1.0,2.0,0.0,0.0,2.0,0.0,41.0,2.0,20.0,0.0
14,35,5.0,0.0,2.0,[13 15],20.0,0.0,2.0,0.0,1.0,2.0,51.0,2.0,41.0,2.0
14,36,5.0,0.0,2.0,[13 15],41.0,2.0,1.0,2.0,20.0,0.0,68.0,28.0,51.0,2.0
14,37,5.0,0.0,2.0,[13 15],51.0,2.0,20.0,0.0,41.0,2.0,115.0,26.0,68.0,28.0
14,38,5.0,0.0,2.0,[13 15],68.0,28.0,41.0,2.0,51.0,2.0,147.0,39.0,115.0,26.0
14,39,5.0,0.0,2.0,[13 15],115.0,26.0,51.0,2.0,68.0,28.0,192.0,70.0,147.0,39.0
14,40,5.0,0.0,2.0,[13 15],147.0,39.0,68.0,28.0,115.0,26.0,224.0,113.0,192.0,70.0
14,41,5.0,0.0,2.0,[13 15],192.0,70.0,115.0,26.0,147.0,39.0,316.0,86.0,224.0,113.0
14,42,5.0,0.0,2.0,[13 15],224.0,113.0,147.0,39.0,192.0,70.0,405.0,142.0,316.0,86.0
14,43,5.0,0.0,2.0,[13 15],316.0,86.0,192.0,70.0,224.0,113.0,536.0,126.0,405.0,142.0
14,44,5.0,0.0,2.0,[13 15],405.0,142.0,224.0,113.0,316.0,86.0,672.0,218.0,536.0,126.0
14,45,5.0,0.0,2.0,[13 15],536.0,126.0,316.0,86.0,405.0,142.0,805.0,253.0,672.0,218.0
14,46,5.0,0.0,2.0,[13 15],672.0,218.0,405.0,142.0,536.0,126.0,850.0,250.0,805.0,253.0
14,47,5.0,0.0,2.0,[13 15],805.0,253.0,536.0,126.0,672.0,218.0,773.0,455.0,850.0,250.0
14,48,5.0,0.0,2.0,[13 15],850.0,250.0,672.0,218.0,805.0,253.0,865.0,291.0,773.0,455.0
14,49,5.0,0.0,2.0,[13 15],773.0,455.0,805.0,253.0,850.0,250.0,660.0,358.0,865.0,291.0
14,50,5.0,0.0,2.0,[13 15],865.0,291.0,850.0,250.0,773.0,455.0,650.0,341.0,660.0,358.0
14,51,5.0,0.0,2.0,[13 15],660.0,358.0,773.0,455.0,865.0,291.0,484.0,301.0,650.0,341.0
14,52,5.0,0.0,2.0,[13 15],650.0,341.0,865.0,291.0,660.0,358.0,370.0,252.0,484.0,301.0
14,53,5.0,0.0,2.0,[13 15],484.0,301.0,660.0,358.0,650.0,341.0,308.0,219.0,370.0,252.0
14,54,5.0,0.0,2.0,[13 15],370.0,252.0,650.0,341.0,484.0,301.0,275.0,179.0,308.0,219.0
14,55,5.0,0.0,2.0,[13 15],308.0,219.0,484.0,301.0,370.0,252.0,247.0,130.0,275.0,179.0
14,56,5.0,0.0,2.0,[13 15],275.0,179.0,370.0,252.0,308.0,219.0,219.0,103.0,247.0,130.0
14,57,5.0,0.0,2.0,[13 15],247.0,130.0,308.0,219.0,275.0,179.0,176.0,163.0,219.0,103.0
14,58,5.0,0.0,2.0,[13 15],219.0,103.0,275.0,179.0,247.0,130.0,168.0,99.0,176.0,163.0
14,59,5.0,0.0,2.0,[13 15],176.0,163.0,247.0,130.0,219.0,103.0,138.0,113.0,168.0,99.0
14,60,5.0,0.0,2.0,[13 15],168.0,99.0,219.0,103.0,176.0,163.0,144.0,89.0,138.0,113.0
14,61,5.0,0.0,2.0,[13 15],138.0,113.0,176.0,163.0,168.0,99.0,169.0,99.0,144.0,89.0
14,62,5.0,0.0,2.0,[13 15],144.0,89.0,168.0,99.0,138.0,113.0,131.0,116.0,169.0,99.0
14,63,5.0,0.0,2.0,[13 15],169.0,99.0,138.0,113.0,144.0,89.0,116.0,92.0,131.0,116.0
14,64,5.0,0.0,2.0,[13 15],131.0,116.0,144.0,89.0,169.0,99.0,140.0,104.0,116.0,92.0
14,65,5.0,0.0,2.0,[13 15],116.0,92.0,169.0,99.0,131.0,116.0,130.0,76.0,140.0,104.0
14,66,5.0,0.0,2.0,[13 15],140.0,104.0,131.0,116.0,116.0,92.0,124.0,104.0,130.0,76.0
14,67,5.0,0.0,2.0,[13 15],130.0,76.0,116.0,92.0,140.0,104.0,131.0,122.0,124.0,104.0
14,68,5.0,0.0,2.0,[13 15],124.0,104.0,140.0,104.0,130.0,76.0,148.0,110.0,131.0,122.0
14,69,5.0,0.0,2.0,[13 15],131.0,122.0,130.0,76.0,124.0,104.0,129.0,80.0,148.0,110.0
14,70,5.0,0.0,2.0,[13 15],148.0,110.0,124.0,104.0,131.0,122.0,154.0,99.0,129.0,80.0
14,71,5.0,0.0,2.0,[13 15],129.0,80.0,131.0,122.0,148.0,110.0,148.0,126.0,154.0,99.0
14,72,5.0,0.0,2.0,[13 15],154.0,99.0,148.0,110.0,129.0,80.0,135.0,100.0,148.0,126.0
14,73,5.0,0.0,2.0,[13 15],148.0,126.0,129.0,80.0,154.0,99.0,130.0,110.0,135.0,100.0
14,74,5.0,0.0,2.0,[13 15],135.0,100.0,154.0,99.0,148.0,126.0,153.0,95.0,130.0,110.0
14,75,5.0,0.0,2.0,[13 15],130.0,110.0,148.0,126.0,135.0,100.0,118.0,132.0,153.0,95.0
14,76,5.0,0.0,2.0,[13 15],153.0,95.0,135.0,100.0,130.0,110.0,149.0,146.0,118.0,132.0
14,77,5.0,0.0,2.0,[13 15],118.0,132.0,130.0,110.0,153.0,95.0,121.0,123.0,149.0,146.0
14,78,5.0,0.0,2.0,[13 15],149.0,146.0,153.0,95.0,118.0,132.0,142.0,89.0,121.0,123.0
14,79,5.0,0.0,2.0,[13 15],121.0,123.0,118.0,132.0,149.0,146.0,129.0,119.0,142.0,89.0
14,80,5.0,0.0,2.0,[13 15],142.0,89.0,149.0,146.0,121.0,123.0,140.0,125.0,129.0,119.0
14,81,5.0,0.0,2.0,[13 15],129.0,119.0,121.0,123.0,142.0,89.0,120.0,124.0,140.0,125.0
14,82,5.0,0.0,2.0,[13 15],140.0,125.0,142.0,89.0,129.0,119.0,121.0,107.0,120.0,124.0
14,83,5.0,0.0,2.0,[13 15],120.0,124.0,129.0,119.0,140.0,125.0,166.0,120.0,121.0,107.0
14,84,5.0,0.0,2.0,[13 15],121.0,107.0,140.0,125.0,120.0,124.0,153.0,129.0,166.0,120.0
14,85,5.0,0.0,2.0,[13 15],166.0,120.0,120.0,124.0,121.0,107.0,169.0,128.0,153.0,129.0
14,86,5.0,0.0,2.0,[13 15],153.0,129.0,121.0,107.0,166.0,120.0,139.0,156.0,169.0,128.0
14,87,5.0,0.0,2.0,[13 15],169.0,128.0,166.0,120.0,153.0,129.0,145.0,144.0,139.0,156.0
14,88,5.0,0.0,2.0,[13 15],139.0,156.0,153.0,129.0,169.0,128.0,163.0,137.0,145.0,144.0
14,89,5.0,0.0,2.0,[13 15],145.0,144.0,169.0,128.0,139.0,156.0,121.0,151.0,163.0,137.0
14,90,5.0,0.0,2.0,[13 15],163.0,137.0,139.0,156.0,145.0,144.0,154.0,146.0,121.0,151.0
14,91,5.0,0.0,2.0,[13 15],121.0,151.0,145.0,144.0,163.0,137.0,166.0,164.0,154.0,146.0
14,92,5.0,0.0,2.0,[13 15],154.0,146.0,163.0,137.0,121.0,151.0,163.0,156.0,166.0,164.0
14,93,5.0,0.0,2.0,[13 15],166.0,164.0,121.0,151.0,154.0,146.0,149.0,163.0,163.0,156.0
14,94,5.0,0.0,2.0,[13 15],163.0,156.0,154.0,146.0,166.0,164.0,159.0,223.0,149.0,163.0
14,95,5.0,0.0,2.0,[13 15],149.0,163.0,166.0,164.0,163.0,156.0,145.0,168.0,159.0,223.0
14,96,5.0,0.0,2.0,[13 15],159.0,223.0,163.0,156.0,149.0,163.0,157.0,230.0,145.0,168.0
14,97,5.0,0.0,2.0,[13 15],145.0,168.0,149.0,163.0,159.0,223.0,137.0,191.0,157.0,230.0
14,98,5.0,0.0,2.0,[13 15],157.0,230.0,159.0,223.0,145.0,168.0,135.0,258.0,137.0,191.0
14,99,5.0,0.0,2.0,[13 15],137.0,191.0,145.0,168.0,157.0,230.0,192.0,280.0,135.0,258.0
14,100,5.0,0.0,2.0,[13 15],135.0,258.0,157.0,230.0,137.0,191.0,224.0,219.0,192.0,280.0
14,101,5.0,0.0,2.0,[13 15],192.0,280.0,137.0,191.0,135.0,258.0,326.0,255.0,224.0,219.0
14,102,5.0,0.0,2.0,[13 15],224.0,219.0,135.0,258.0,192.0,280.0,285.0,346.0,326.0,255.0
14,103,5.0,0.0,2.0,[13 15],326.0,255.0,192.0,280.0,224.0,219.0,292.0,458.0,285.0,346.0
14,104,5.0,0.0,2.0,[13 15],285.0,346.0,224.0,219.0,326.0,255.0,341.0,486.0,292.0,458.0
14,105,5.0,0.0,2.0,[13 15],292.0,458.0,326.0,255.0,285.0,346.0,320.0,550.0,341.0,486.0
14,106,5.0,0.0,2.0,[13 15],341.0,486.0,285.0,346.0,292.0,458.0,295.0,604.0,320.0,550.0
14,107,5.0,0.0,2.0,[13 15],320.0,550.0,292.0,458.0,341.0,486.0,306.0,469.0,295.0,604.0
14,108,5.0,0.0,2.0,[13 15],295.0,604.0,341.0,486.0,320.0,550.0,257.0,568.0,306.0,469.0
14,109,5.0,0.0,2.0,[13 15],306.0,469.0,320.0,550.0,295.0,604.0,277.0,451.0,257.0,568.0
14,110,5.0,0.0,2.0,[13 15],257.0,568.0,295.0,604.0,306.0,469.0,219.0,424.0,277.0,451.0
14,111,5.0,0.0,2.0,[13 15],277.0,451.0,306.0,469.0,257.0,568.0,169.0,364.0,219.0,424.0
14,112,5.0,0.0,2.0,[13 15],219.0,424.0,257.0,568.0,277.0,451.0,153.0,396.0,169.0,364.0
14,113,5.0,0.0,2.0,[13 15],169.0,364.0,277.0,451.0,219.0,424.0,175.0,282.0,153.0,396.0
14,114,5.0,0.0,2.0,[13 15],153.0,396.0,219.0,424.0,169.0,364.0,154.0,288.0,175.0,282.0
14,115,5.0,0.0,2.0,[13 15],175.0,282.0,169.0,364.0,153.0,396.0,141.0,264.0,154.0,288.0
14,116,5.0,0.0,2.0,[13 15],154.0,288.0,153.0,396.0,175.0,282.0,128.0,311.0,141.0,264.0
14,117,5.0,0.0,2.0,[13 15],141.0,264.0,175.0,282.0,154.0,288.0,122.0,234.0,128.0,311.0
14,118,5.0,0.0,2.0,[13 15],128.0,311.0,154.0,288.0,141.0,264.0,102.0,229.0,122.0,234.0
14,119,5.0,0.0,2.0,[13 15],122.0,234.0,141.0,264.0,128.0,311.0,144.0,235.0,102.0,229.0
14,120,5.0,0.0,2.0,[13 15],102.0,229.0,128.0,311.0,122.0,234.0,120.0,245.0,144.0,235.0
14,121,5.0,0.0,2.0,[13 15],144.0,235.0,122.0,234.0,102.0,229.0,118.0,253.0,120.0,245.0
14,122,5.0,0.0,2.0,[13 15],120.0,245.0,102.0,229.0,144.0,235.0,147.0,260.0,118.0,253.0
14,123,5.0,0.0,2.0,[13 15],118.0,253.0,144.0,235.0,120.0,245.0,100.0,178.0,147.0,260.0
14,124,5.0,0.0,2.0,[13 15],147.0,260.0,120.0,245.0,118.0,253.0,98.0,279.0,100.0,178.0
14,125,5.0,0.0,2.0,[13 15],100.0,178.0,118.0,253.0,147.0,260.0,116.0,236.0,98.0,279.0
14,126,5.0,0.0,2.0,[13 15],98.0,279.0,147.0,260.0,100.0,178.0,98.0,236.0,116.0,236.0
14,127,5.0,0.0,2.0,[13 15],116.0,236.0,100.0,178.0,98.0,279.0,91.0,189.0,98.0,236.0
14,128,5.0,0.0,2.0,[13 15],98.0,236.0,98.0,279.0,116.0,236.0,70.0,276.0,91.0,189.0
14,129,5.0,0.0,2.0,[13 15],91.0,189.0,116.0,236.0,98.0,236.0,57.0,206.0,70.0,276.0
14,130,5.0,0.0,2.0,[13 15],70.0,276.0,98.0,236.0,91.0,189.0,51.0,221.0,57.0,206.0
14,131,5.0,0.0,2.0,[13 15],57.0,206.0,91.0,189.0,70.0,276.0,38.0,181.0,51.0,221.0
14,132,5.0,0.0,2.0,[13 15],51.0,221.0,70.0,276.0,57.0,206.0,47.0,216.0,38.0,181.0
14,133,5.0,0.0,2.0,[13 15],38.0,181.0,57.0,206.0,51.0,221.0,66.0,208.0,47.0,216.0
14,134,5.0,0.0,2.0,[13 15],47.0,216.0,51.0,221.0,38.0,181.0,58.0,128.0,66.0,208.0
14,135,5.0,0.0,2.0,[13 15],66.0,208.0,38.0,181.0,47.0,216.0,28.0,208.0,58.0,128.0
14,136,5.0,0.0,2.0,[13 15],58.0,128.0,47.0,216.0,66.0,208.0,26.0,156.0,28.0,208.0
14,137,5.0,0.0,2.0,[13 15],28.0,208.0,66.0,208.0,58.0,128.0,5.0,67.0,26.0,156.0
14,138,5.0,0.0,2.0,[13 15],26.0,156.0,58.0,128.0,28.0,208.0,0.0,35.0,5.0,67.0
14,139,5.0,0.0,2.0,[13 15],5.0,67.0,28.0,208.0,26.0,156.0,1.0,1.0,0.0,35.0
14,140,5.0,0.0,2.0,[13 15],0.0,35.0,26.0,156.0,5.0,67.0,0.0,0.0,1.0,1.0
14,141,5.0,0.0,2.0,[13 15],1.0,1.0,5.0,67.0,0.0,35.0,1.0,0.0,0.0,0.0
14,142,5.0,0.0,2.0,[13 15],0.0,0.0,0.0,35.0,1.0,1.0,0.0,0.0,1.0,0.0
14,143,5.0,0.0,2.0,[13 15],1.0,0.0,1.0,1.0,0.0,0.0,0.0,0.0,0.0,0.0
15,0,5.0,0.0,3.0,[14 16 80],0.0,0.0,0.0,0.0,0.0,0.0,0.0,0.0,0.0,0.0
15,1,5.0,0.0,3.0,[14 16 80],0.0,0.0,0.0,0.0,0.0,0.0,0.0,0.0,0.0,0.0
15,2,5.0,0.0,3.0,[14 16 80],0.0,0.0,0.0,0.0,0.0,0.0,0.0,0.0,0.0,0.0
15,3,5.0,0.0,3.0,[14 16 80],0.0,0.0,0.0,0.0,0.0,0.0,0.0,0.0,0.0,0.0
15,4,5.0,0.0,3.0,[14 16 80],0.0,0.0,0.0,0.0,0.0,0.0,0.0,1.0,0.0,0.0
15,5,5.0,0.0,3.0,[14 16 80],0.0,0.0,0.0,0.0,0.0,0.0,1.0,0.0,0.0,1.0
15,6,5.0,0.0,3.0,[14 16 80],0.0,1.0,0.0,0.0,0.0,0.0,0.0,0.0,1.0,0.0
15,7,5.0,0.0,3.0,[14 16 80],1.0,0.0,0.0,0.0,0.0,1.0,0.0,0.0,0.0,0.0
15,8,5.0,0.0,3.0,[14 16 80],0.0,0.0,0.0,1.0,1.0,0.0,0.0,0.0,0.0,0.0
15,9,5.0,0.0,3.0,[14 16 80],0.0,0.0,1.0,0.0,0.0,0.0,0.0,0.0,0.0,0.0
15,10,5.0,0.0,3.0,[14 16 80],0.0,0.0,0.0,0.0,0.0,0.0,0.0,0.0,0.0,0.0
15,11,5.0,0.0,3.0,[14 16 80],0.0,0.0,0.0,0.0,0.0,0.0,0.0,0.0,0.0,0.0
15,12,5.0,0.0,3.0,[14 16 80],0.0,0.0,0.0,0.0,0.0,0.0,0.0,0.0,0.0,0.0
15,13,5.0,0.0,3.0,[14 16 80],0.0,0.0,0.0,0.0,0.0,0.0,0.0,0.0,0.0,0.0
15,14,5.0,0.0,3.0,[14 16 80],0.0,0.0,0.0,0.0,0.0,0.0,0.0,0.0,0.0,0.0
15,15,5.0,0.0,3.0,[14 16 80],0.0,0.0,0.0,0.0,0.0,0.0,0.0,0.0,0.0,0.0
15,16,5.0,0.0,3.0,[14 16 80],0.0,0.0,0.0,0.0,0.0,0.0,0.0,0.0,0.0,0.0
15,17,5.0,0.0,3.0,[14 16 80],0.0,0.0,0.0,0.0,0.0,0.0,0.0,0.0,0.0,0.0
15,18,5.0,0.0,3.0,[14 16 80],0.0,0.0,0.0,0.0,0.0,0.0,0.0,0.0,0.0,0.0
15,19,5.0,0.0,3.0,[14 16 80],0.0,0.0,0.0,0.0,0.0,0.0,0.0,0.0,0.0,0.0
15,20,5.0,0.0,3.0,[14 16 80],0.0,0.0,0.0,0.0,0.0,0.0,0.0,0.0,0.0,0.0
15,21,5.0,0.0,3.0,[14 16 80],0.0,0.0,0.0,0.0,0.0,0.0,0.0,0.0,0.0,0.0
15,22,5.0,0.0,3.0,[14 16 80],0.0,0.0,0.0,0.0,0.0,0.0,0.0,0.0,0.0,0.0
15,23,5.0,0.0,3.0,[14 16 80],0.0,0.0,0.0,0.0,0.0,0.0,0.0,0.0,0.0,0.0
15,24,5.0,0.0,3.0,[14 16 80],0.0,0.0,0.0,0.0,0.0,0.0,0.0,0.0,0.0,0.0
15,25,5.0,0.0,3.0,[14 16 80],0.0,0.0,0.0,0.0,0.0,0.0,0.0,0.0,0.0,0.0
15,26,5.0,0.0,3.0,[14 16 80],0.0,0.0,0.0,0.0,0.0,0.0,0.0,0.0,0.0,0.0
15,27,5.0,0.0,3.0,[14 16 80],0.0,0.0,0.0,0.0,0.0,0.0,0.0,0.0,0.0,0.0
15,28,5.0,0.0,3.0,[14 16 80],0.0,0.0,0.0,0.0,0.0,0.0,0.0,1.0,0.0,0.0
15,29,5.0,0.0,3.0,[14 16 80],0.0,0.0,0.0,0.0,0.0,0.0,1.0,0.0,0.0,1.0
15,30,5.0,0.0,3.0,[14 16 80],0.0,1.0,0.0,0.0,0.0,0.0,0.0,0.0,1.0,0.0
15,31,5.0,0.0,3.0,[14 16 80],1.0,0.0,0.0,0.0,0.0,1.0,5.0,0.0,0.0,0.0
15,32,5.0,0.0,3.0,[14 16 80],0.0,0.0,0.0,1.0,1.0,0.0,90.0,0.0,5.0,0.0
15,33,5.0,0.0,3.0,[14 16 80],5.0,0.0,1.0,0.0,0.0,0.0,172.0,1.0,90.0,0.0
15,34,5.0,0.0,3.0,[14 16 80],90.0,0.0,0.0,0.0,5.0,0.0,81.0,1.0,172.0,1.0
15,35,5.0,0.0,3.0,[14 16 80],172.0,1.0,5.0,0.0,90.0,0.0,34.0,52.0,81.0,1.0
15,36,5.0,0.0,3.0,[14 16 80],81.0,1.0,90.0,0.0,172.0,1.0,29.0,182.0,34.0,52.0
15,37,5.0,0.0,3.0,[14 16 80],34.0,52.0,172.0,1.0,81.0,1.0,57.0,536.0,29.0,182.0
15,38,5.0,0.0,3.0,[14 16 80],29.0,182.0,81.0,1.0,34.0,52.0,75.0,356.0,57.0,536.0
15,39,5.0,0.0,3.0,[14 16 80],57.0,536.0,34.0,52.0,29.0,182.0,173.0,422.0,75.0,356.0
15,40,5.0,0.0,3.0,[14 16 80],75.0,356.0,29.0,182.0,57.0,536.0,132.0,425.0,173.0,422.0
15,41,5.0,0.0,3.0,[14 16 80],173.0,422.0,57.0,536.0,75.0,356.0,336.0,520.0,132.0,425.0
15,42,5.0,0.0,3.0,[14 16 80],132.0,425.0,75.0,356.0,173.0,422.0,176.0,671.0,336.0,520.0
15,43,5.0,0.0,3.0,[14 16 80],336.0,520.0,173.0,422.0,132.0,425.0,419.0,721.0,176.0,671.0
15,44,5.0,0.0,3.0,[14 16 80],176.0,671.0,132.0,425.0,336.0,520.0,363.0,954.0,419.0,721.0
15,45,5.0,0.0,3.0,[14 16 80],419.0,721.0,336.0,520.0,176.0,671.0,316.0,979.0,363.0,954.0
15,46,5.0,0.0,3.0,[14 16 80],363.0,954.0,176.0,671.0,419.0,721.0,880.0,1357.0,316.0,979.0
15,47,5.0,0.0,3.0,[14 16 80],316.0,979.0,419.0,721.0,363.0,954.0,597.0,1353.0,880.0,1357.0
15,48,5.0,0.0,3.0,[14 16 80],880.0,1357.0,363.0,954.0,316.0,979.0,850.0,1257.0,597.0,1353.0
15,49,5.0,0.0,3.0,[14 16 80],597.0,1353.0,316.0,979.0,880.0,1357.0,882.0,1196.0,850.0,1257.0
15,50,5.0,0.0,3.0,[14 16 80],850.0,1257.0,880.0,1357.0,597.0,1353.0,934.0,1497.0,882.0,1196.0
15,51,5.0,0.0,3.0,[14 16 80],882.0,1196.0,597.0,1353.0,850.0,1257.0,673.0,1075.0,934.0,1497.0
15,52,5.0,0.0,3.0,[14 16 80],934.0,1497.0,850.0,1257.0,882.0,1196.0,793.0,1088.0,673.0,1075.0
15,53,5.0,0.0,3.0,[14 16 80],673.0,1075.0,882.0,1196.0,934.0,1497.0,777.0,978.0,793.0,1088.0
15,54,5.0,0.0,3.0,[14 16 80],793.0,1088.0,934.0,1497.0,673.0,1075.0,733.0,1131.0,777.0,978.0
15,55,5.0,0.0,3.0,[14 16 80],777.0,978.0,673.0,1075.0,793.0,1088.0,664.0,1071.0,733.0,1131.0
15,56,5.0,0.0,3.0,[14 16 80],733.0,1131.0,793.0,1088.0,777.0,978.0,981.0,862.0,664.0,1071.0
15,57,5.0,0.0,3.0,[14 16 80],664.0,1071.0,777.0,978.0,733.0,1131.0,887.0,759.0,981.0,862.0
15,58,5.0,0.0,3.0,[14 16 80],981.0,862.0,733.0,1131.0,664.0,1071.0,828.0,943.0,887.0,759.0
15,59,5.0,0.0,3.0,[14 16 80],887.0,759.0,664.0,1071.0,981.0,862.0,816.0,856.0,828.0,943.0
15,60,5.0,0.0,3.0,[14 16 80],828.0,943.0,981.0,862.0,887.0,759.0,898.0,730.0,816.0,856.0
15,61,5.0,0.0,3.0,[14 16 80],816.0,856.0,887.0,759.0,828.0,943.0,690.0,785.0,898.0,730.0
15,62,5.0,0.0,3.0,[14 16 80],898.0,730.0,828.0,943.0,816.0,856.0,1106.0,733.0,690.0,785.0
15,63,5.0,0.0,3.0,[14 16 80],690.0,785.0,816.0,856.0,898.0,730.0,848.0,896.0,1106.0,733.0
15,64,5.0,0.0,3.0,[14 16 80],1106.0,733.0,898.0,730.0,690.0,785.0,731.0,769.0,848.0,896.0
15,65,5.0,0.0,3.0,[14 16 80],848.0,896.0,690.0,785.0,1106.0,733.0,943.0,734.0,731.0,769.0
15,66,5.0,0.0,3.0,[14 16 80],731.0,769.0,1106.0,733.0,848.0,896.0,777.0,751.0,943.0,734.0
15,67,5.0,0.0,3.0,[14 16 80],943.0,734.0,848.0,896.0,731.0,769.0,938.0,792.0,777.0,751.0
15,68,5.0,0.0,3.0,[14 16 80],777.0,751.0,731.0,769.0,943.0,734.0,919.0,851.0,938.0,792.0
15,69,5.0,0.0,3.0,[14 16 80],938.0,792.0,943.0,734.0,777.0,751.0,669.0,841.0,919.0,851.0
15,70,5.0,0.0,3.0,[14 16 80],919.0,851.0,777.0,751.0,938.0,792.0,801.0,1027.0,669.0,841.0
15,71,5.0,0.0,3.0,[14 16 80],669.0,841.0,938.0,792.0,919.0,851.0,699.0,946.0,801.0,1027.0
15,72,5.0,0.0,3.0,[14 16 80],801.0,1027.0,919.0,851.0,669.0,841.0,585.0,1232.0,699.0,946.0
15,73,5.0,0.0,3.0,[14 16 80],699.0,946.0,669.0,841.0,801.0,1027.0,813.0,1214.0,585.0,1232.0
15,74,5.0,0.0,3.0,[14 16 80],585.0,1232.0,801.0,1027.0,699.0,946.0,914.0,1000.0,813.0,1214.0
15,75,5.0,0.0,3.0,[14 16 80],813.0,1214.0,699.0,946.0,585.0,1232.0,830.0,1116.0,914.0,1000.0
15,76,5.0,0.0,3.0,[14 16 80],914.0,1000.0,585.0,1232.0,813.0,1214.0,1027.0,1132.0,830.0,1116.0
15,77,5.0,0.0,3.0,[14 16 80],830.0,1116.0,813.0,1214.0,914.0,1000.0,893.0,988.0,1027.0,1132.0
15,78,5.0,0.0,3.0,[14 16 80],1027.0,1132.0,914.0,1000.0,830.0,1116.0,1003.0,864.0,893.0,988.0
15,79,5.0,0.0,3.0,[14 16 80],893.0,988.0,830.0,1116.0,1027.0,1132.0,772.0,951.0,1003.0,864.0
15,80,5.0,0.0,3.0,[14 16 80],1003.0,864.0,1027.0,1132.0,893.0,988.0,940.0,818.0,772.0,951.0
15,81,5.0,0.0,3.0,[14 16 80],772.0,951.0,893.0,988.0,1003.0,864.0,1151.0,893.0,940.0,818.0
15,82,5.0,0.0,3.0,[14 16 80],940.0,818.0,1003.0,864.0,772.0,951.0,979.0,888.0,1151.0,893.0
15,83,5.0,0.0,3.0,[14 16 80],1151.0,893.0,772.0,951.0,940.0,818.0,796.0,919.0,979.0,888.0
15,84,5.0,0.0,3.0,[14 16 80],979.0,888.0,940.0,818.0,1151.0,893.0,713.0,1079.0,796.0,919.0
15,85,5.0,0.0,3.0,[14 16 80],796.0,919.0,1151.0,893.0,979.0,888.0,752.0,885.0,713.0,1079.0
15,86,5.0,0.0,3.0,[14 16 80],713.0,1079.0,979.0,888.0,796.0,919.0,949.0,1025.0,752.0,885.0
15,87,5.0,0.0,3.0,[14 16 80],752.0,885.0,796.0,919.0,713.0,1079.0,748.0,925.0,949.0,1025.0
15,88,5.0,0.0,3.0,[14 16 80],949.0,1025.0,713.0,1079.0,752.0,885.0,1261.0,999.0,748.0,925.0
15,89,5.0,0.0,3.0,[14 16 80],748.0,925.0,752.0,885.0,949.0,1025.0,836.0,1157.0,1261.0,999.0
15,90,5.0,0.0,3.0,[14 16 80],1261.0,999.0,949.0,1025.0,748.0,925.0,1120.0,1063.0,836.0,1157.0
15,91,5.0,0.0,3.0,[14 16 80],836.0,1157.0,748.0,925.0,1261.0,999.0,1136.0,1312.0,1120.0,1063.0
15,92,5.0,0.0,3.0,[14 16 80],1120.0,1063.0,1261.0,999.0,836.0,1157.0,1321.0,1181.0,1136.0,1312.0
15,93,5.0,0.0,3.0,[14 16 80],1136.0,1312.0,836.0,1157.0,1120.0,1063.0,1255.0,1516.0,1321.0,1181.0
15,94,5.0,0.0,3.0,[14 16 80],1321.0,1181.0,1120.0,1063.0,1136.0,1312.0,1112.0,1463.0,1255.0,1516.0
15,95,5.0,0.0,3.0,[14 16 80],1255.0,1516.0,1136.0,1312.0,1321.0,1181.0,976.0,1306.0,1112.0,1463.0
15,96,5.0,0.0,3.0,[14 16 80],1112.0,1463.0,1321.0,1181.0,1255.0,1516.0,1258.0,1346.0,976.0,1306.0
15,97,5.0,0.0,3.0,[14 16 80],976.0,1306.0,1255.0,1516.0,1112.0,1463.0,1474.0,1338.0,1258.0,1346.0
15,98,5.0,0.0,3.0,[14 16 80],1258.0,1346.0,1112.0,1463.0,976.0,1306.0,1000.0,1394.0,1474.0,1338.0
15,99,5.0,0.0,3.0,[14 16 80],1474.0,1338.0,976.0,1306.0,1258.0,1346.0,1206.0,1183.0,1000.0,1394.0
15,100,5.0,0.0,3.0,[14 16 80],1000.0,1394.0,1258.0,1346.0,1474.0,1338.0,1404.0,1154.0,1206.0,1183.0
15,101,5.0,0.0,3.0,[14 16 80],1206.0,1183.0,1474.0,1338.0,1000.0,1394.0,1246.0,1342.0,1404.0,1154.0
15,102,5.0,0.0,3.0,[14 16 80],1404.0,1154.0,1000.0,1394.0,1206.0,1183.0,1479.0,1368.0,1246.0,1342.0
15,103,5.0,0.0,3.0,[14 16 80],1246.0,1342.0,1206.0,1183.0,1404.0,1154.0,1368.0,1617.0,1479.0,1368.0
15,104,5.0,0.0,3.0,[14 16 80],1479.0,1368.0,1404.0,1154.0,1246.0,1342.0,1225.0,1582.0,1368.0,1617.0
15,105,5.0,0.0,3.0,[14 16 80],1368.0,1617.0,1246.0,1342.0,1479.0,1368.0,1410.0,1655.0,1225.0,1582.0
15,106,5.0,0.0,3.0,[14 16 80],1225.0,1582.0,1479.0,1368.0,1368.0,1617.0,1069.0,1780.0,1410.0,1655.0
15,107,5.0,0.0,3.0,[14 16 80],1410.0,1655.0,1368.0,1617.0,1225.0,1582.0,1623.0,1722.0,1069.0,1780.0
15,108,5.0,0.0,3.0,[14 16 80],1069.0,1780.0,1225.0,1582.0,1410.0,1655.0,1205.0,2100.0,1623.0,1722.0
15,109,5.0,0.0,3.0,[14 16 80],1623.0,1722.0,1410.0,1655.0,1069.0,1780.0,1145.0,1620.0,1205.0,2100.0
15,110,5.0,0.0,3.0,[14 16 80],1205.0,2100.0,1069.0,1780.0,1623.0,1722.0,1226.0,1477.0,1145.0,1620.0
15,111,5.0,0.0,3.0,[14 16 80],1145.0,1620.0,1623.0,1722.0,1205.0,2100.0,1034.0,1406.0,1226.0,1477.0
15,112,5.0,0.0,3.0,[14 16 80],1226.0,1477.0,1205.0,2100.0,1145.0,1620.0,1011.0,1264.0,1034.0,1406.0
15,113,5.0,0.0,3.0,[14 16 80],1034.0,1406.0,1145.0,1620.0,1226.0,1477.0,1435.0,1081.0,1011.0,1264.0
15,114,5.0,0.0,3.0,[14 16 80],1011.0,1264.0,1226.0,1477.0,1034.0,1406.0,1351.0,899.0,1435.0,1081.0
15,115,5.0,0.0,3.0,[14 16 80],1435.0,1081.0,1034.0,1406.0,1011.0,1264.0,1344.0,995.0,1351.0,899.0
15,116,5.0,0.0,3.0,[14 16 80],1351.0,899.0,1011.0,1264.0,1435.0,1081.0,1204.0,910.0,1344.0,995.0
15,117,5.0,0.0,3.0,[14 16 80],1344.0,995.0,1435.0,1081.0,1351.0,899.0,1095.0,795.0,1204.0,910.0
15,118,5.0,0.0,3.0,[14 16 80],1204.0,910.0,1351.0,899.0,1344.0,995.0,894.0,589.0,1095.0,795.0
15,119,5.0,0.0,3.0,[14 16 80],1095.0,795.0,1344.0,995.0,1204.0,910.0,1134.0,580.0,894.0,589.0
15,120,5.0,0.0,3.0,[14 16 80],894.0,589.0,1204.0,910.0,1095.0,795.0,1350.0,439.0,1134.0,580.0
15,121,5.0,0.0,3.0,[14 16 80],1134.0,580.0,1095.0,795.0,894.0,589.0,1232.0,465.0,1350.0,439.0
15,122,5.0,0.0,3.0,[14 16 80],1350.0,439.0,894.0,589.0,1134.0,580.0,920.0,343.0,1232.0,465.0
15,123,5.0,0.0,3.0,[14 16 80],1232.0,465.0,1134.0,580.0,1350.0,439.0,982.0,328.0,920.0,343.0
15,124,5.0,0.0,3.0,[14 16 80],920.0,343.0,1350.0,439.0,1232.0,465.0,920.0,355.0,982.0,328.0
15,125,5.0,0.0,3.0,[14 16 80],982.0,328.0,1232.0,465.0,920.0,343.0,895.0,331.0,920.0,355.0
15,126,5.0,0.0,3.0,[14 16 80],920.0,355.0,920.0,343.0,982.0,328.0,515.0,331.0,895.0,331.0
15,127,5.0,0.0,3.0,[14 16 80],895.0,331.0,982.0,328.0,920.0,355.0,842.0,221.0,515.0,331.0
15,128,5.0,0.0,3.0,[14 16 80],515.0,331.0,920.0,355.0,895.0,331.0,803.0,154.0,842.0,221.0
15,129,5.0,0.0,3.0,[14 16 80],842.0,221.0,895.0,331.0,515.0,331.0,613.0,178.0,803.0,154.0
15,130,5.0,0.0,3.0,[14 16 80],803.0,154.0,515.0,331.0,842.0,221.0,585.0,138.0,613.0,178.0
15,131,5.0,0.0,3.0,[14 16 80],613.0,178.0,842.0,221.0,803.0,154.0,774.0,131.0,585.0,138.0
15,132,5.0,0.0,3.0,[14 16 80],585.0,138.0,803.0,154.0,613.0,178.0,507.0,126.0,774.0,131.0
15,133,5.0,0.0,3.0,[14 16 80],774.0,131.0,613.0,178.0,585.0,138.0,266.0,91.0,507.0,126.0
15,134,5.0,0.0,3.0,[14 16 80],507.0,126.0,585.0,138.0,774.0,131.0,495.0,90.0,266.0,91.0
15,135,5.0,0.0,3.0,[14 16 80],266.0,91.0,774.0,131.0,507.0,126.0,164.0,128.0,495.0,90.0
15,136,5.0,0.0,3.0,[14 16 80],495.0,90.0,507.0,126.0,266.0,91.0,224.0,92.0,164.0,128.0
15,137,5.0,0.0,3.0,[14 16 80],164.0,128.0,266.0,91.0,495.0,90.0,50.0,78.0,224.0,92.0
15,138,5.0,0.0,3.0,[14 16 80],224.0,92.0,495.0,90.0,164.0,128.0,12.0,30.0,50.0,78.0
15,139,5.0,0.0,3.0,[14 16 80],50.0,78.0,164.0,128.0,224.0,92.0,2.0,12.0,12.0,30.0
15,140,5.0,0.0,3.0,[14 16 80],12.0,30.0,224.0,92.0,50.0,78.0,1.0,1.0,2.0,12.0
15,141,5.0,0.0,3.0,[14 16 80],2.0,12.0,50.0,78.0,12.0,30.0,0.0,0.0,1.0,1.0
15,142,5.0,0.0,3.0,[14 16 80],1.0,1.0,12.0,30.0,2.0,12.0,0.0,0.0,0.0,0.0
15,143,5.0,0.0,3.0,[14 16 80],0.0,0.0,2.0,12.0,1.0,1.0,0.0,0.0,0.0,0.0
16,0,5.0,0.0,2.0,[15 17],0.0,0.0,0.0,0.0,0.0,0.0,0.0,1.0,1.0,2.0
16,1,5.0,0.0,2.0,[15 17],1.0,2.0,0.0,0.0,0.0,0.0,0.0,0.0,0.0,1.0
16,2,5.0,0.0,2.0,[15 17],0.0,1.0,0.0,0.0,1.0,2.0,1.0,0.0,0.0,0.0
16,3,5.0,0.0,2.0,[15 17],0.0,0.0,1.0,2.0,0.0,1.0,0.0,0.0,1.0,0.0
16,4,5.0,0.0,2.0,[15 17],1.0,0.0,0.0,1.0,0.0,0.0,3.0,1.0,0.0,0.0
16,5,5.0,0.0,2.0,[15 17],0.0,0.0,0.0,0.0,1.0,0.0,0.0,0.0,3.0,1.0
16,6,5.0,0.0,2.0,[15 17],3.0,1.0,1.0,0.0,0.0,0.0,1.0,4.0,0.0,0.0
16,7,5.0,0.0,2.0,[15 17],0.0,0.0,0.0,0.0,3.0,1.0,1.0,0.0,1.0,4.0
16,8,5.0,0.0,2.0,[15 17],1.0,4.0,3.0,1.0,0.0,0.0,0.0,0.0,1.0,0.0
16,9,5.0,0.0,2.0,[15 17],1.0,0.0,0.0,0.0,1.0,4.0,0.0,0.0,0.0,0.0
16,10,5.0,0.0,2.0,[15 17],0.0,0.0,1.0,4.0,1.0,0.0,0.0,0.0,0.0,0.0
16,11,5.0,0.0,2.0,[15 17],0.0,0.0,1.0,0.0,0.0,0.0,0.0,0.0,0.0,0.0
16,12,5.0,0.0,2.0,[15 17],0.0,0.0,0.0,0.0,0.0,0.0,0.0,0.0,0.0,0.0
16,13,5.0,0.0,2.0,[15 17],0.0,0.0,0.0,0.0,0.0,0.0,0.0,0.0,0.0,0.0
16,14,5.0,0.0,2.0,[15 17],0.0,0.0,0.0,0.0,0.0,0.0,0.0,1.0,0.0,0.0
16,15,5.0,0.0,2.0,[15 17],0.0,0.0,0.0,0.0,0.0,0.0,0.0,0.0,0.0,1.0
16,16,5.0,0.0,2.0,[15 17],0.0,1.0,0.0,0.0,0.0,0.0,0.0,0.0,0.0,0.0
16,17,5.0,0.0,2.0,[15 17],0.0,0.0,0.0,0.0,0.0,1.0,1.0,1.0,0.0,0.0
16,18,5.0,0.0,2.0,[15 17],0.0,0.0,0.0,1.0,0.0,0.0,0.0,0.0,1.0,1.0
16,19,5.0,0.0,2.0,[15 17],1.0,1.0,0.0,0.0,0.0,0.0,0.0,0.0,0.0,0.0
16,20,5.0,0.0,2.0,[15 17],0.0,0.0,0.0,0.0,1.0,1.0,0.0,0.0,0.0,0.0
16,21,5.0,0.0,2.0,[15 17],0.0,0.0,1.0,1.0,0.0,0.0,3.0,0.0,0.0,0.0
16,22,5.0,0.0,2.0,[15 17],0.0,0.0,0.0,0.0,0.0,0.0,0.0,3.0,3.0,0.0
16,23,5.0,0.0,2.0,[15 17],3.0,0.0,0.0,0.0,0.0,0.0,4.0,0.0,0.0,3.0
16,24,5.0,0.0,2.0,[15 17],0.0,3.0,0.0,0.0,3.0,0.0,0.0,2.0,4.0,0.0
16,25,5.0,0.0,2.0,[15 17],4.0,0.0,3.0,0.0,0.0,3.0,0.0,2.0,0.0,2.0
16,26,5.0,0.0,2.0,[15 17],0.0,2.0,0.0,3.0,4.0,0.0,0.0,0.0,0.0,2.0
16,27,5.0,0.0,2.0,[15 17],0.0,2.0,4.0,0.0,0.0,2.0,0.0,0.0,0.0,0.0
16,28,5.0,0.0,2.0,[15 17],0.0,0.0,0.0,2.0,0.0,2.0,0.0,0.0,0.0,0.0
16,29,5.0,0.0,2.0,[15 17],0.0,0.0,0.0,2.0,0.0,0.0,0.0,0.0,0.0,0.0
16,30,5.0,0.0,2.0,[15 17],0.0,0.0,0.0,0.0,0.0,0.0,0.0,0.0,0.0,0.0
16,31,5.0,0.0,2.0,[15 17],0.0,0.0,0.0,0.0,0.0,0.0,2.0,0.0,0.0,0.0
16,32,5.0,0.0,2.0,[15 17],0.0,0.0,0.0,0.0,0.0,0.0,6.0,0.0,2.0,0.0
16,33,5.0,0.0,2.0,[15 17],2.0,0.0,0.0,0.0,0.0,0.0,31.0,1.0,6.0,0.0
16,34,5.0,0.0,2.0,[15 17],6.0,0.0,0.0,0.0,2.0,0.0,19.0,0.0,31.0,1.0
16,35,5.0,0.0,2.0,[15 17],31.0,1.0,2.0,0.0,6.0,0.0,38.0,1.0,19.0,0.0
16,36,5.0,0.0,2.0,[15 17],19.0,0.0,6.0,0.0,31.0,1.0,63.0,14.0,38.0,1.0
16,37,5.0,0.0,2.0,[15 17],38.0,1.0,31.0,1.0,19.0,0.0,109.0,17.0,63.0,14.0
16,38,5.0,0.0,2.0,[15 17],63.0,14.0,19.0,0.0,38.0,1.0,124.0,68.0,109.0,17.0
16,39,5.0,0.0,2.0,[15 17],109.0,17.0,38.0,1.0,63.0,14.0,204.0,54.0,124.0,68.0
16,40,5.0,0.0,2.0,[15 17],124.0,68.0,63.0,14.0,109.0,17.0,248.0,71.0,204.0,54.0
16,41,5.0,0.0,2.0,[15 17],204.0,54.0,109.0,17.0,124.0,68.0,321.0,68.0,248.0,71.0
16,42,5.0,0.0,2.0,[15 17],248.0,71.0,124.0,68.0,204.0,54.0,586.0,93.0,321.0,68.0
16,43,5.0,0.0,2.0,[15 17],321.0,68.0,204.0,54.0,248.0,71.0,664.0,138.0,586.0,93.0
16,44,5.0,0.0,2.0,[15 17],586.0,93.0,248.0,71.0,321.0,68.0,842.0,124.0,664.0,138.0
16,45,5.0,0.0,2.0,[15 17],664.0,138.0,321.0,68.0,586.0,93.0,1178.0,131.0,842.0,124.0
16,46,5.0,0.0,2.0,[15 17],842.0,124.0,586.0,93.0,664.0,138.0,1221.0,215.0,1178.0,131.0
16,47,5.0,0.0,2.0,[15 17],1178.0,131.0,664.0,138.0,842.0,124.0,1123.0,276.0,1221.0,215.0
16,48,5.0,0.0,2.0,[15 17],1221.0,215.0,842.0,124.0,1178.0,131.0,1268.0,261.0,1123.0,276.0
16,49,5.0,0.0,2.0,[15 17],1123.0,276.0,1178.0,131.0,1221.0,215.0,1301.0,233.0,1268.0,261.0
16,50,5.0,0.0,2.0,[15 17],1268.0,261.0,1221.0,215.0,1123.0,276.0,759.0,259.0,1301.0,233.0
16,51,5.0,0.0,2.0,[15 17],1301.0,233.0,1123.0,276.0,1268.0,261.0,915.0,236.0,759.0,259.0
16,52,5.0,0.0,2.0,[15 17],759.0,259.0,1268.0,261.0,1301.0,233.0,811.0,176.0,915.0,236.0
16,53,5.0,0.0,2.0,[15 17],915.0,236.0,1301.0,233.0,759.0,259.0,536.0,135.0,811.0,176.0
16,54,5.0,0.0,2.0,[15 17],811.0,176.0,759.0,259.0,915.0,236.0,334.0,133.0,536.0,135.0
16,55,5.0,0.0,2.0,[15 17],536.0,135.0,915.0,236.0,811.0,176.0,477.0,125.0,334.0,133.0
16,56,5.0,0.0,2.0,[15 17],334.0,133.0,811.0,176.0,536.0,135.0,282.0,132.0,477.0,125.0
16,57,5.0,0.0,2.0,[15 17],477.0,125.0,536.0,135.0,334.0,133.0,214.0,85.0,282.0,132.0
16,58,5.0,0.0,2.0,[15 17],282.0,132.0,334.0,133.0,477.0,125.0,188.0,110.0,214.0,85.0
16,59,5.0,0.0,2.0,[15 17],214.0,85.0,477.0,125.0,282.0,132.0,188.0,100.0,188.0,110.0
16,60,5.0,0.0,2.0,[15 17],188.0,110.0,282.0,132.0,214.0,85.0,196.0,88.0,188.0,100.0
16,61,5.0,0.0,2.0,[15 17],188.0,100.0,214.0,85.0,188.0,110.0,153.0,112.0,196.0,88.0
16,62,5.0,0.0,2.0,[15 17],196.0,88.0,188.0,110.0,188.0,100.0,132.0,79.0,153.0,112.0
16,63,5.0,0.0,2.0,[15 17],153.0,112.0,188.0,100.0,196.0,88.0,157.0,72.0,132.0,79.0
16,64,5.0,0.0,2.0,[15 17],132.0,79.0,196.0,88.0,153.0,112.0,119.0,71.0,157.0,72.0
16,65,5.0,0.0,2.0,[15 17],157.0,72.0,153.0,112.0,132.0,79.0,114.0,100.0,119.0,71.0
16,66,5.0,0.0,2.0,[15 17],119.0,71.0,132.0,79.0,157.0,72.0,149.0,102.0,114.0,100.0
16,67,5.0,0.0,2.0,[15 17],114.0,100.0,157.0,72.0,119.0,71.0,119.0,106.0,149.0,102.0
16,68,5.0,0.0,2.0,[15 17],149.0,102.0,119.0,71.0,114.0,100.0,121.0,86.0,119.0,106.0
16,69,5.0,0.0,2.0,[15 17],119.0,106.0,114.0,100.0,149.0,102.0,113.0,104.0,121.0,86.0
16,70,5.0,0.0,2.0,[15 17],121.0,86.0,149.0,102.0,119.0,106.0,113.0,79.0,113.0,104.0
16,71,5.0,0.0,2.0,[15 17],113.0,104.0,119.0,106.0,121.0,86.0,160.0,80.0,113.0,79.0
16,72,5.0,0.0,2.0,[15 17],113.0,79.0,121.0,86.0,113.0,104.0,207.0,121.0,160.0,80.0
16,73,5.0,0.0,2.0,[15 17],160.0,80.0,113.0,104.0,113.0,79.0,141.0,91.0,207.0,121.0
16,74,5.0,0.0,2.0,[15 17],207.0,121.0,113.0,79.0,160.0,80.0,118.0,114.0,141.0,91.0
16,75,5.0,0.0,2.0,[15 17],141.0,91.0,160.0,80.0,207.0,121.0,148.0,94.0,118.0,114.0
16,76,5.0,0.0,2.0,[15 17],118.0,114.0,207.0,121.0,141.0,91.0,105.0,127.0,148.0,94.0
16,77,5.0,0.0,2.0,[15 17],148.0,94.0,141.0,91.0,118.0,114.0,152.0,132.0,105.0,127.0
16,78,5.0,0.0,2.0,[15 17],105.0,127.0,118.0,114.0,148.0,94.0,131.0,132.0,152.0,132.0
16,79,5.0,0.0,2.0,[15 17],152.0,132.0,148.0,94.0,105.0,127.0,136.0,115.0,131.0,132.0
16,80,5.0,0.0,2.0,[15 17],131.0,132.0,105.0,127.0,152.0,132.0,103.0,81.0,136.0,115.0
16,81,5.0,0.0,2.0,[15 17],136.0,115.0,152.0,132.0,131.0,132.0,131.0,93.0,103.0,81.0
16,82,5.0,0.0,2.0,[15 17],103.0,81.0,131.0,132.0,136.0,115.0,88.0,97.0,131.0,93.0
16,83,5.0,0.0,2.0,[15 17],131.0,93.0,136.0,115.0,103.0,81.0,148.0,119.0,88.0,97.0
16,84,5.0,0.0,2.0,[15 17],88.0,97.0,103.0,81.0,131.0,93.0,146.0,95.0,148.0,119.0
16,85,5.0,0.0,2.0,[15 17],148.0,119.0,131.0,93.0,88.0,97.0,138.0,155.0,146.0,95.0
16,86,5.0,0.0,2.0,[15 17],146.0,95.0,88.0,97.0,148.0,119.0,110.0,121.0,138.0,155.0
16,87,5.0,0.0,2.0,[15 17],138.0,155.0,148.0,119.0,146.0,95.0,173.0,127.0,110.0,121.0
16,88,5.0,0.0,2.0,[15 17],110.0,121.0,146.0,95.0,138.0,155.0,148.0,135.0,173.0,127.0
16,89,5.0,0.0,2.0,[15 17],173.0,127.0,138.0,155.0,110.0,121.0,149.0,114.0,148.0,135.0
16,90,5.0,0.0,2.0,[15 17],148.0,135.0,110.0,121.0,173.0,127.0,163.0,140.0,149.0,114.0
16,91,5.0,0.0,2.0,[15 17],149.0,114.0,173.0,127.0,148.0,135.0,170.0,165.0,163.0,140.0
16,92,5.0,0.0,2.0,[15 17],163.0,140.0,148.0,135.0,149.0,114.0,183.0,153.0,170.0,165.0
16,93,5.0,0.0,2.0,[15 17],170.0,165.0,149.0,114.0,163.0,140.0,136.0,243.0,183.0,153.0
16,94,5.0,0.0,2.0,[15 17],183.0,153.0,163.0,140.0,170.0,165.0,191.0,214.0,136.0,243.0
16,95,5.0,0.0,2.0,[15 17],136.0,243.0,170.0,165.0,183.0,153.0,162.0,205.0,191.0,214.0
16,96,5.0,0.0,2.0,[15 17],191.0,214.0,183.0,153.0,136.0,243.0,166.0,209.0,162.0,205.0
16,97,5.0,0.0,2.0,[15 17],162.0,205.0,136.0,243.0,191.0,214.0,131.0,228.0,166.0,209.0
16,98,5.0,0.0,2.0,[15 17],166.0,209.0,191.0,214.0,162.0,205.0,130.0,246.0,131.0,228.0
16,99,5.0,0.0,2.0,[15 17],131.0,228.0,162.0,205.0,166.0,209.0,155.0,293.0,130.0,246.0
16,100,5.0,0.0,2.0,[15 17],130.0,246.0,166.0,209.0,131.0,228.0,186.0,308.0,155.0,293.0
16,101,5.0,0.0,2.0,[15 17],155.0,293.0,131.0,228.0,130.0,246.0,212.0,259.0,186.0,308.0
16,102,5.0,0.0,2.0,[15 17],186.0,308.0,130.0,246.0,155.0,293.0,243.0,444.0,212.0,259.0
16,103,5.0,0.0,2.0,[15 17],212.0,259.0,155.0,293.0,186.0,308.0,242.0,711.0,243.0,444.0
16,104,5.0,0.0,2.0,[15 17],243.0,444.0,186.0,308.0,212.0,259.0,277.0,546.0,242.0,711.0
16,105,5.0,0.0,2.0,[15 17],242.0,711.0,212.0,259.0,243.0,444.0,314.0,729.0,277.0,546.0
16,106,5.0,0.0,2.0,[15 17],277.0,546.0,243.0,444.0,242.0,711.0,188.0,791.0,314.0,729.0
16,107,5.0,0.0,2.0,[15 17],314.0,729.0,242.0,711.0,277.0,546.0,300.0,771.0,188.0,791.0
16,108,5.0,0.0,2.0,[15 17],188.0,791.0,277.0,546.0,314.0,729.0,244.0,680.0,300.0,771.0
16,109,5.0,0.0,2.0,[15 17],300.0,771.0,314.0,729.0,188.0,791.0,164.0,736.0,244.0,680.0
16,110,5.0,0.0,2.0,[15 17],244.0,680.0,188.0,791.0,300.0,771.0,141.0,655.0,164.0,736.0
16,111,5.0,0.0,2.0,[15 17],164.0,736.0,300.0,771.0,244.0,680.0,128.0,538.0,141.0,655.0
16,112,5.0,0.0,2.0,[15 17],141.0,655.0,244.0,680.0,164.0,736.0,120.0,423.0,128.0,538.0
16,113,5.0,0.0,2.0,[15 17],128.0,538.0,164.0,736.0,141.0,655.0,131.0,551.0,120.0,423.0
16,114,5.0,0.0,2.0,[15 17],120.0,423.0,141.0,655.0,128.0,538.0,106.0,364.0,131.0,551.0
16,115,5.0,0.0,2.0,[15 17],131.0,551.0,128.0,538.0,120.0,423.0,103.0,404.0,106.0,364.0
16,116,5.0,0.0,2.0,[15 17],106.0,364.0,120.0,423.0,131.0,551.0,66.0,346.0,103.0,404.0
16,117,5.0,0.0,2.0,[15 17],103.0,404.0,131.0,551.0,106.0,364.0,116.0,351.0,66.0,346.0
16,118,5.0,0.0,2.0,[15 17],66.0,346.0,106.0,364.0,103.0,404.0,184.0,308.0,116.0,351.0
16,119,5.0,0.0,2.0,[15 17],116.0,351.0,103.0,404.0,66.0,346.0,94.0,255.0,184.0,308.0
16,120,5.0,0.0,2.0,[15 17],184.0,308.0,66.0,346.0,116.0,351.0,97.0,340.0,94.0,255.0
16,121,5.0,0.0,2.0,[15 17],94.0,255.0,116.0,351.0,184.0,308.0,109.0,291.0,97.0,340.0
16,122,5.0,0.0,2.0,[15 17],97.0,340.0,184.0,308.0,94.0,255.0,90.0,308.0,109.0,291.0
16,123,5.0,0.0,2.0,[15 17],109.0,291.0,94.0,255.0,97.0,340.0,79.0,307.0,90.0,308.0
16,124,5.0,0.0,2.0,[15 17],90.0,308.0,97.0,340.0,109.0,291.0,95.0,285.0,79.0,307.0
16,125,5.0,0.0,2.0,[15 17],79.0,307.0,109.0,291.0,90.0,308.0,90.0,300.0,95.0,285.0
16,126,5.0,0.0,2.0,[15 17],95.0,285.0,90.0,308.0,79.0,307.0,74.0,345.0,90.0,300.0
16,127,5.0,0.0,2.0,[15 17],90.0,300.0,79.0,307.0,95.0,285.0,77.0,290.0,74.0,345.0
16,128,5.0,0.0,2.0,[15 17],74.0,345.0,95.0,285.0,90.0,300.0,68.0,289.0,77.0,290.0
16,129,5.0,0.0,2.0,[15 17],77.0,290.0,90.0,300.0,74.0,345.0,43.0,224.0,68.0,289.0
16,130,5.0,0.0,2.0,[15 17],68.0,289.0,74.0,345.0,77.0,290.0,45.0,228.0,43.0,224.0
16,131,5.0,0.0,2.0,[15 17],43.0,224.0,77.0,290.0,68.0,289.0,53.0,200.0,45.0,228.0
16,132,5.0,0.0,2.0,[15 17],45.0,228.0,68.0,289.0,43.0,224.0,48.0,229.0,53.0,200.0
16,133,5.0,0.0,2.0,[15 17],53.0,200.0,43.0,224.0,45.0,228.0,35.0,222.0,48.0,229.0
16,134,5.0,0.0,2.0,[15 17],48.0,229.0,45.0,228.0,53.0,200.0,53.0,177.0,35.0,222.0
16,135,5.0,0.0,2.0,[15 17],35.0,222.0,53.0,200.0,48.0,229.0,21.0,195.0,53.0,177.0
16,136,5.0,0.0,2.0,[15 17],53.0,177.0,48.0,229.0,35.0,222.0,9.0,149.0,21.0,195.0
16,137,5.0,0.0,2.0,[15 17],21.0,195.0,35.0,222.0,53.0,177.0,11.0,121.0,9.0,149.0
16,138,5.0,0.0,2.0,[15 17],9.0,149.0,53.0,177.0,21.0,195.0,2.0,46.0,11.0,121.0
16,139,5.0,0.0,2.0,[15 17],11.0,121.0,21.0,195.0,9.0,149.0,0.0,38.0,2.0,46.0
16,140,5.0,0.0,2.0,[15 17],2.0,46.0,9.0,149.0,11.0,121.0,0.0,0.0,0.0,38.0
16,141,5.0,0.0,2.0,[15 17],0.0,38.0,11.0,121.0,2.0,46.0,8.0,2.0,0.0,0.0
16,142,5.0,0.0,2.0,[15 17],0.0,0.0,2.0,46.0,0.0,38.0,0.0,0.0,8.0,2.0
16,143,5.0,0.0,2.0,[15 17],8.0,2.0,0.0,38.0,0.0,0.0,0.0,0.0,0.0,0.0
17,0,5.0,0.0,2.0,[16 18],0.0,0.0,0.0,0.0,0.0,0.0,0.0,0.0,0.0,0.0
17,1,5.0,0.0,2.0,[16 18],0.0,0.0,0.0,0.0,0.0,0.0,0.0,0.0,0.0,0.0
17,2,5.0,0.0,2.0,[16 18],0.0,0.0,0.0,0.0,0.0,0.0,0.0,0.0,0.0,0.0
17,3,5.0,0.0,2.0,[16 18],0.0,0.0,0.0,0.0,0.0,0.0,0.0,0.0,0.0,0.0
17,4,5.0,0.0,2.0,[16 18],0.0,0.0,0.0,0.0,0.0,0.0,0.0,0.0,0.0,0.0
17,5,5.0,0.0,2.0,[16 18],0.0,0.0,0.0,0.0,0.0,0.0,0.0,0.0,0.0,0.0
17,6,5.0,0.0,2.0,[16 18],0.0,0.0,0.0,0.0,0.0,0.0,0.0,0.0,0.0,0.0
17,7,5.0,0.0,2.0,[16 18],0.0,0.0,0.0,0.0,0.0,0.0,0.0,0.0,0.0,0.0
17,8,5.0,0.0,2.0,[16 18],0.0,0.0,0.0,0.0,0.0,0.0,0.0,0.0,0.0,0.0
17,9,5.0,0.0,2.0,[16 18],0.0,0.0,0.0,0.0,0.0,0.0,0.0,0.0,0.0,0.0
17,10,5.0,0.0,2.0,[16 18],0.0,0.0,0.0,0.0,0.0,0.0,0.0,0.0,0.0,0.0
17,11,5.0,0.0,2.0,[16 18],0.0,0.0,0.0,0.0,0.0,0.0,0.0,0.0,0.0,0.0
17,12,5.0,0.0,2.0,[16 18],0.0,0.0,0.0,0.0,0.0,0.0,0.0,0.0,0.0,0.0
17,13,5.0,0.0,2.0,[16 18],0.0,0.0,0.0,0.0,0.0,0.0,0.0,0.0,0.0,0.0
17,14,5.0,0.0,2.0,[16 18],0.0,0.0,0.0,0.0,0.0,0.0,0.0,0.0,0.0,0.0
17,15,5.0,0.0,2.0,[16 18],0.0,0.0,0.0,0.0,0.0,0.0,0.0,0.0,0.0,0.0
17,16,5.0,0.0,2.0,[16 18],0.0,0.0,0.0,0.0,0.0,0.0,0.0,0.0,0.0,0.0
17,17,5.0,0.0,2.0,[16 18],0.0,0.0,0.0,0.0,0.0,0.0,0.0,0.0,0.0,0.0
17,18,5.0,0.0,2.0,[16 18],0.0,0.0,0.0,0.0,0.0,0.0,0.0,0.0,0.0,0.0
17,19,5.0,0.0,2.0,[16 18],0.0,0.0,0.0,0.0,0.0,0.0,0.0,0.0,0.0,0.0
17,20,5.0,0.0,2.0,[16 18],0.0,0.0,0.0,0.0,0.0,0.0,0.0,0.0,0.0,0.0
17,21,5.0,0.0,2.0,[16 18],0.0,0.0,0.0,0.0,0.0,0.0,0.0,0.0,0.0,0.0
17,22,5.0,0.0,2.0,[16 18],0.0,0.0,0.0,0.0,0.0,0.0,0.0,0.0,0.0,0.0
17,23,5.0,0.0,2.0,[16 18],0.0,0.0,0.0,0.0,0.0,0.0,0.0,0.0,0.0,0.0
17,24,5.0,0.0,2.0,[16 18],0.0,0.0,0.0,0.0,0.0,0.0,0.0,0.0,0.0,0.0
17,25,5.0,0.0,2.0,[16 18],0.0,0.0,0.0,0.0,0.0,0.0,0.0,0.0,0.0,0.0
17,26,5.0,0.0,2.0,[16 18],0.0,0.0,0.0,0.0,0.0,0.0,0.0,0.0,0.0,0.0
17,27,5.0,0.0,2.0,[16 18],0.0,0.0,0.0,0.0,0.0,0.0,0.0,0.0,0.0,0.0
17,28,5.0,0.0,2.0,[16 18],0.0,0.0,0.0,0.0,0.0,0.0,0.0,0.0,0.0,0.0
17,29,5.0,0.0,2.0,[16 18],0.0,0.0,0.0,0.0,0.0,0.0,0.0,0.0,0.0,0.0
17,30,5.0,0.0,2.0,[16 18],0.0,0.0,0.0,0.0,0.0,0.0,0.0,0.0,0.0,0.0
17,31,5.0,0.0,2.0,[16 18],0.0,0.0,0.0,0.0,0.0,0.0,1.0,0.0,0.0,0.0
17,32,5.0,0.0,2.0,[16 18],0.0,0.0,0.0,0.0,0.0,0.0,0.0,0.0,1.0,0.0
17,33,5.0,0.0,2.0,[16 18],1.0,0.0,0.0,0.0,0.0,0.0,4.0,2.0,0.0,0.0
17,34,5.0,0.0,2.0,[16 18],0.0,0.0,0.0,0.0,1.0,0.0,19.0,1.0,4.0,2.0
17,35,5.0,0.0,2.0,[16 18],4.0,2.0,1.0,0.0,0.0,0.0,17.0,2.0,19.0,1.0
17,36,5.0,0.0,2.0,[16 18],19.0,1.0,0.0,0.0,4.0,2.0,30.0,2.0,17.0,2.0
17,37,5.0,0.0,2.0,[16 18],17.0,2.0,4.0,2.0,19.0,1.0,31.0,2.0,30.0,2.0
17,38,5.0,0.0,2.0,[16 18],30.0,2.0,19.0,1.0,17.0,2.0,49.0,5.0,31.0,2.0
17,39,5.0,0.0,2.0,[16 18],31.0,2.0,17.0,2.0,30.0,2.0,58.0,11.0,49.0,5.0
17,40,5.0,0.0,2.0,[16 18],49.0,5.0,30.0,2.0,31.0,2.0,76.0,8.0,58.0,11.0
17,41,5.0,0.0,2.0,[16 18],58.0,11.0,31.0,2.0,49.0,5.0,116.0,11.0,76.0,8.0
17,42,5.0,0.0,2.0,[16 18],76.0,8.0,49.0,5.0,58.0,11.0,140.0,26.0,116.0,11.0
17,43,5.0,0.0,2.0,[16 18],116.0,11.0,58.0,11.0,76.0,8.0,144.0,57.0,140.0,26.0
17,44,5.0,0.0,2.0,[16 18],140.0,26.0,76.0,8.0,116.0,11.0,219.0,43.0,144.0,57.0
17,45,5.0,0.0,2.0,[16 18],144.0,57.0,116.0,11.0,140.0,26.0,264.0,86.0,219.0,43.0
17,46,5.0,0.0,2.0,[16 18],219.0,43.0,140.0,26.0,144.0,57.0,256.0,135.0,264.0,86.0
17,47,5.0,0.0,2.0,[16 18],264.0,86.0,144.0,57.0,219.0,43.0,247.0,205.0,256.0,135.0
17,48,5.0,0.0,2.0,[16 18],256.0,135.0,219.0,43.0,264.0,86.0,286.0,269.0,247.0,205.0
17,49,5.0,0.0,2.0,[16 18],247.0,205.0,264.0,86.0,256.0,135.0,209.0,329.0,286.0,269.0
17,50,5.0,0.0,2.0,[16 18],286.0,269.0,256.0,135.0,247.0,205.0,172.0,424.0,209.0,329.0
17,51,5.0,0.0,2.0,[16 18],209.0,329.0,247.0,205.0,286.0,269.0,166.0,246.0,172.0,424.0
17,52,5.0,0.0,2.0,[16 18],172.0,424.0,286.0,269.0,209.0,329.0,121.0,110.0,166.0,246.0
17,53,5.0,0.0,2.0,[16 18],166.0,246.0,209.0,329.0,172.0,424.0,98.0,103.0,121.0,110.0
17,54,5.0,0.0,2.0,[16 18],121.0,110.0,172.0,424.0,166.0,246.0,78.0,62.0,98.0,103.0
17,55,5.0,0.0,2.0,[16 18],98.0,103.0,166.0,246.0,121.0,110.0,61.0,62.0,78.0,62.0
17,56,5.0,0.0,2.0,[16 18],78.0,62.0,121.0,110.0,98.0,103.0,62.0,54.0,61.0,62.0
17,57,5.0,0.0,2.0,[16 18],61.0,62.0,98.0,103.0,78.0,62.0,48.0,46.0,62.0,54.0
17,58,5.0,0.0,2.0,[16 18],62.0,54.0,78.0,62.0,61.0,62.0,50.0,32.0,48.0,46.0
17,59,5.0,0.0,2.0,[16 18],48.0,46.0,61.0,62.0,62.0,54.0,46.0,52.0,50.0,32.0
17,60,5.0,0.0,2.0,[16 18],50.0,32.0,62.0,54.0,48.0,46.0,49.0,34.0,46.0,52.0
17,61,5.0,0.0,2.0,[16 18],46.0,52.0,48.0,46.0,50.0,32.0,49.0,51.0,49.0,34.0
17,62,5.0,0.0,2.0,[16 18],49.0,34.0,50.0,32.0,46.0,52.0,53.0,50.0,49.0,51.0
17,63,5.0,0.0,2.0,[16 18],49.0,51.0,46.0,52.0,49.0,34.0,49.0,30.0,53.0,50.0
17,64,5.0,0.0,2.0,[16 18],53.0,50.0,49.0,34.0,49.0,51.0,40.0,34.0,49.0,30.0
17,65,5.0,0.0,2.0,[16 18],49.0,30.0,49.0,51.0,53.0,50.0,39.0,30.0,40.0,34.0
17,66,5.0,0.0,2.0,[16 18],40.0,34.0,53.0,50.0,49.0,30.0,51.0,20.0,39.0,30.0
17,67,5.0,0.0,2.0,[16 18],39.0,30.0,49.0,30.0,40.0,34.0,51.0,28.0,51.0,20.0
17,68,5.0,0.0,2.0,[16 18],51.0,20.0,40.0,34.0,39.0,30.0,62.0,32.0,51.0,28.0
17,69,5.0,0.0,2.0,[16 18],51.0,28.0,39.0,30.0,51.0,20.0,58.0,41.0,62.0,32.0
17,70,5.0,0.0,2.0,[16 18],62.0,32.0,51.0,20.0,51.0,28.0,67.0,35.0,58.0,41.0
17,71,5.0,0.0,2.0,[16 18],58.0,41.0,51.0,28.0,62.0,32.0,49.0,22.0,67.0,35.0
17,72,5.0,0.0,2.0,[16 18],67.0,35.0,62.0,32.0,58.0,41.0,46.0,41.0,49.0,22.0
17,73,5.0,0.0,2.0,[16 18],49.0,22.0,58.0,41.0,67.0,35.0,49.0,31.0,46.0,41.0
17,74,5.0,0.0,2.0,[16 18],46.0,41.0,67.0,35.0,49.0,22.0,52.0,46.0,49.0,31.0
17,75,5.0,0.0,2.0,[16 18],49.0,31.0,49.0,22.0,46.0,41.0,43.0,38.0,52.0,46.0
17,76,5.0,0.0,2.0,[16 18],52.0,46.0,46.0,41.0,49.0,31.0,43.0,48.0,43.0,38.0
17,77,5.0,0.0,2.0,[16 18],43.0,38.0,49.0,31.0,52.0,46.0,35.0,72.0,43.0,48.0
17,78,5.0,0.0,2.0,[16 18],43.0,48.0,52.0,46.0,43.0,38.0,60.0,61.0,35.0,72.0
17,79,5.0,0.0,2.0,[16 18],35.0,72.0,43.0,38.0,43.0,48.0,31.0,78.0,60.0,61.0
17,80,5.0,0.0,2.0,[16 18],60.0,61.0,43.0,48.0,35.0,72.0,49.0,71.0,31.0,78.0
17,81,5.0,0.0,2.0,[16 18],31.0,78.0,35.0,72.0,60.0,61.0,36.0,58.0,49.0,71.0
17,82,5.0,0.0,2.0,[16 18],49.0,71.0,60.0,61.0,31.0,78.0,40.0,59.0,36.0,58.0
17,83,5.0,0.0,2.0,[16 18],36.0,58.0,31.0,78.0,49.0,71.0,46.0,63.0,40.0,59.0
17,84,5.0,0.0,2.0,[16 18],40.0,59.0,49.0,71.0,36.0,58.0,51.0,51.0,46.0,63.0
17,85,5.0,0.0,2.0,[16 18],46.0,63.0,36.0,58.0,40.0,59.0,55.0,41.0,51.0,51.0
17,86,5.0,0.0,2.0,[16 18],51.0,51.0,40.0,59.0,46.0,63.0,53.0,44.0,55.0,41.0
17,87,5.0,0.0,2.0,[16 18],55.0,41.0,46.0,63.0,51.0,51.0,51.0,49.0,53.0,44.0
17,88,5.0,0.0,2.0,[16 18],53.0,44.0,51.0,51.0,55.0,41.0,60.0,61.0,51.0,49.0
17,89,5.0,0.0,2.0,[16 18],51.0,49.0,55.0,41.0,53.0,44.0,69.0,57.0,60.0,61.0
17,90,5.0,0.0,2.0,[16 18],60.0,61.0,53.0,44.0,51.0,49.0,77.0,55.0,69.0,57.0
17,91,5.0,0.0,2.0,[16 18],69.0,57.0,51.0,49.0,60.0,61.0,76.0,25.0,77.0,55.0
17,92,5.0,0.0,2.0,[16 18],77.0,55.0,60.0,61.0,69.0,57.0,55.0,70.0,76.0,25.0
17,93,5.0,0.0,2.0,[16 18],76.0,25.0,69.0,57.0,77.0,55.0,55.0,54.0,55.0,70.0
17,94,5.0,0.0,2.0,[16 18],55.0,70.0,77.0,55.0,76.0,25.0,33.0,68.0,55.0,54.0
17,95,5.0,0.0,2.0,[16 18],55.0,54.0,76.0,25.0,55.0,70.0,56.0,63.0,33.0,68.0
17,96,5.0,0.0,2.0,[16 18],33.0,68.0,55.0,70.0,55.0,54.0,73.0,76.0,56.0,63.0
17,97,5.0,0.0,2.0,[16 18],56.0,63.0,55.0,54.0,33.0,68.0,70.0,57.0,73.0,76.0
17,98,5.0,0.0,2.0,[16 18],73.0,76.0,33.0,68.0,56.0,63.0,68.0,74.0,70.0,57.0
17,99,5.0,0.0,2.0,[16 18],70.0,57.0,56.0,63.0,73.0,76.0,112.0,54.0,68.0,74.0
17,100,5.0,0.0,2.0,[16 18],68.0,74.0,73.0,76.0,70.0,57.0,97.0,65.0,112.0,54.0
17,101,5.0,0.0,2.0,[16 18],112.0,54.0,70.0,57.0,68.0,74.0,131.0,98.0,97.0,65.0
17,102,5.0,0.0,2.0,[16 18],97.0,65.0,68.0,74.0,112.0,54.0,109.0,89.0,131.0,98.0
17,103,5.0,0.0,2.0,[16 18],131.0,98.0,112.0,54.0,97.0,65.0,218.0,141.0,109.0,89.0
17,104,5.0,0.0,2.0,[16 18],109.0,89.0,97.0,65.0,131.0,98.0,322.0,141.0,218.0,141.0
17,105,5.0,0.0,2.0,[16 18],218.0,141.0,131.0,98.0,109.0,89.0,270.0,150.0,322.0,141.0
17,106,5.0,0.0,2.0,[16 18],322.0,141.0,109.0,89.0,218.0,141.0,160.0,146.0,270.0,150.0
17,107,5.0,0.0,2.0,[16 18],270.0,150.0,218.0,141.0,322.0,141.0,131.0,138.0,160.0,146.0
17,108,5.0,0.0,2.0,[16 18],160.0,146.0,322.0,141.0,270.0,150.0,113.0,151.0,131.0,138.0
17,109,5.0,0.0,2.0,[16 18],131.0,138.0,270.0,150.0,160.0,146.0,73.0,150.0,113.0,151.0
17,110,5.0,0.0,2.0,[16 18],113.0,151.0,160.0,146.0,131.0,138.0,63.0,153.0,73.0,150.0
17,111,5.0,0.0,2.0,[16 18],73.0,150.0,131.0,138.0,113.0,151.0,62.0,104.0,63.0,153.0
17,112,5.0,0.0,2.0,[16 18],63.0,153.0,113.0,151.0,73.0,150.0,48.0,97.0,62.0,104.0
17,113,5.0,0.0,2.0,[16 18],62.0,104.0,73.0,150.0,63.0,153.0,35.0,119.0,48.0,97.0
17,114,5.0,0.0,2.0,[16 18],48.0,97.0,63.0,153.0,62.0,104.0,46.0,101.0,35.0,119.0
17,115,5.0,0.0,2.0,[16 18],35.0,119.0,62.0,104.0,48.0,97.0,44.0,116.0,46.0,101.0
17,116,5.0,0.0,2.0,[16 18],46.0,101.0,48.0,97.0,35.0,119.0,31.0,70.0,44.0,116.0
17,117,5.0,0.0,2.0,[16 18],44.0,116.0,35.0,119.0,46.0,101.0,42.0,120.0,31.0,70.0
17,118,5.0,0.0,2.0,[16 18],31.0,70.0,46.0,101.0,44.0,116.0,56.0,57.0,42.0,120.0
17,119,5.0,0.0,2.0,[16 18],42.0,120.0,44.0,116.0,31.0,70.0,52.0,81.0,56.0,57.0
17,120,5.0,0.0,2.0,[16 18],56.0,57.0,31.0,70.0,42.0,120.0,28.0,78.0,52.0,81.0
17,121,5.0,0.0,2.0,[16 18],52.0,81.0,42.0,120.0,56.0,57.0,78.0,71.0,28.0,78.0
17,122,5.0,0.0,2.0,[16 18],28.0,78.0,56.0,57.0,52.0,81.0,29.0,98.0,78.0,71.0
17,123,5.0,0.0,2.0,[16 18],78.0,71.0,52.0,81.0,28.0,78.0,19.0,67.0,29.0,98.0
17,124,5.0,0.0,2.0,[16 18],29.0,98.0,28.0,78.0,78.0,71.0,32.0,67.0,19.0,67.0
17,125,5.0,0.0,2.0,[16 18],19.0,67.0,78.0,71.0,29.0,98.0,26.0,64.0,32.0,67.0
17,126,5.0,0.0,2.0,[16 18],32.0,67.0,29.0,98.0,19.0,67.0,13.0,78.0,26.0,64.0
17,127,5.0,0.0,2.0,[16 18],26.0,64.0,19.0,67.0,32.0,67.0,13.0,65.0,13.0,78.0
17,128,5.0,0.0,2.0,[16 18],13.0,78.0,32.0,67.0,26.0,64.0,23.0,63.0,13.0,65.0
17,129,5.0,0.0,2.0,[16 18],13.0,65.0,26.0,64.0,13.0,78.0,5.0,60.0,23.0,63.0
17,130,5.0,0.0,2.0,[16 18],23.0,63.0,13.0,78.0,13.0,65.0,9.0,58.0,5.0,60.0
17,131,5.0,0.0,2.0,[16 18],5.0,60.0,13.0,65.0,23.0,63.0,9.0,43.0,9.0,58.0
17,132,5.0,0.0,2.0,[16 18],9.0,58.0,23.0,63.0,5.0,60.0,12.0,47.0,9.0,43.0
17,133,5.0,0.0,2.0,[16 18],9.0,43.0,5.0,60.0,9.0,58.0,23.0,67.0,12.0,47.0
17,134,5.0,0.0,2.0,[16 18],12.0,47.0,9.0,58.0,9.0,43.0,19.0,50.0,23.0,67.0
17,135,5.0,0.0,2.0,[16 18],23.0,67.0,9.0,43.0,12.0,47.0,7.0,23.0,19.0,50.0
17,136,5.0,0.0,2.0,[16 18],19.0,50.0,12.0,47.0,23.0,67.0,3.0,42.0,7.0,23.0
17,137,5.0,0.0,2.0,[16 18],7.0,23.0,23.0,67.0,19.0,50.0,1.0,16.0,3.0,42.0
17,138,5.0,0.0,2.0,[16 18],3.0,42.0,19.0,50.0,7.0,23.0,1.0,9.0,1.0,16.0
17,139,5.0,0.0,2.0,[16 18],1.0,16.0,7.0,23.0,3.0,42.0,0.0,9.0,1.0,9.0
17,140,5.0,0.0,2.0,[16 18],1.0,9.0,3.0,42.0,1.0,16.0,0.0,0.0,0.0,9.0
17,141,5.0,0.0,2.0,[16 18],0.0,9.0,1.0,16.0,1.0,9.0,0.0,0.0,0.0,0.0
17,142,5.0,0.0,2.0,[16 18],0.0,0.0,1.0,9.0,0.0,9.0,0.0,0.0,0.0,0.0
17,143,5.0,0.0,2.0,[16 18],0.0,0.0,0.0,9.0,0.0,0.0,0.0,0.0,0.0,0.0
18,0,5.0,0.0,2.0,[17 19],0.0,0.0,0.0,0.0,0.0,0.0,0.0,0.0,0.0,0.0
18,1,5.0,0.0,2.0,[17 19],0.0,0.0,0.0,0.0,0.0,0.0,0.0,0.0,0.0,0.0
18,2,5.0,0.0,2.0,[17 19],0.0,0.0,0.0,0.0,0.0,0.0,0.0,0.0,0.0,0.0
18,3,5.0,0.0,2.0,[17 19],0.0,0.0,0.0,0.0,0.0,0.0,0.0,0.0,0.0,0.0
18,4,5.0,0.0,2.0,[17 19],0.0,0.0,0.0,0.0,0.0,0.0,0.0,0.0,0.0,0.0
18,5,5.0,0.0,2.0,[17 19],0.0,0.0,0.0,0.0,0.0,0.0,0.0,0.0,0.0,0.0
18,6,5.0,0.0,2.0,[17 19],0.0,0.0,0.0,0.0,0.0,0.0,0.0,0.0,0.0,0.0
18,7,5.0,0.0,2.0,[17 19],0.0,0.0,0.0,0.0,0.0,0.0,0.0,0.0,0.0,0.0
18,8,5.0,0.0,2.0,[17 19],0.0,0.0,0.0,0.0,0.0,0.0,0.0,0.0,0.0,0.0
18,9,5.0,0.0,2.0,[17 19],0.0,0.0,0.0,0.0,0.0,0.0,0.0,0.0,0.0,0.0
18,10,5.0,0.0,2.0,[17 19],0.0,0.0,0.0,0.0,0.0,0.0,0.0,0.0,0.0,0.0
18,11,5.0,0.0,2.0,[17 19],0.0,0.0,0.0,0.0,0.0,0.0,0.0,0.0,0.0,0.0
18,12,5.0,0.0,2.0,[17 19],0.0,0.0,0.0,0.0,0.0,0.0,0.0,0.0,0.0,0.0
18,13,5.0,0.0,2.0,[17 19],0.0,0.0,0.0,0.0,0.0,0.0,0.0,0.0,0.0,0.0
18,14,5.0,0.0,2.0,[17 19],0.0,0.0,0.0,0.0,0.0,0.0,0.0,0.0,0.0,0.0
18,15,5.0,0.0,2.0,[17 19],0.0,0.0,0.0,0.0,0.0,0.0,0.0,0.0,0.0,0.0
18,16,5.0,0.0,2.0,[17 19],0.0,0.0,0.0,0.0,0.0,0.0,0.0,0.0,0.0,0.0
18,17,5.0,0.0,2.0,[17 19],0.0,0.0,0.0,0.0,0.0,0.0,0.0,0.0,0.0,0.0
18,18,5.0,0.0,2.0,[17 19],0.0,0.0,0.0,0.0,0.0,0.0,0.0,0.0,0.0,0.0
18,19,5.0,0.0,2.0,[17 19],0.0,0.0,0.0,0.0,0.0,0.0,0.0,0.0,0.0,0.0
18,20,5.0,0.0,2.0,[17 19],0.0,0.0,0.0,0.0,0.0,0.0,0.0,0.0,0.0,0.0
18,21,5.0,0.0,2.0,[17 19],0.0,0.0,0.0,0.0,0.0,0.0,0.0,0.0,0.0,0.0
18,22,5.0,0.0,2.0,[17 19],0.0,0.0,0.0,0.0,0.0,0.0,0.0,0.0,0.0,0.0
18,23,5.0,0.0,2.0,[17 19],0.0,0.0,0.0,0.0,0.0,0.0,0.0,0.0,0.0,0.0
18,24,5.0,0.0,2.0,[17 19],0.0,0.0,0.0,0.0,0.0,0.0,0.0,0.0,0.0,0.0
18,25,5.0,0.0,2.0,[17 19],0.0,0.0,0.0,0.0,0.0,0.0,0.0,0.0,0.0,0.0
18,26,5.0,0.0,2.0,[17 19],0.0,0.0,0.0,0.0,0.0,0.0,0.0,0.0,0.0,0.0
18,27,5.0,0.0,2.0,[17 19],0.0,0.0,0.0,0.0,0.0,0.0,0.0,0.0,0.0,0.0
18,28,5.0,0.0,2.0,[17 19],0.0,0.0,0.0,0.0,0.0,0.0,0.0,0.0,0.0,0.0
18,29,5.0,0.0,2.0,[17 19],0.0,0.0,0.0,0.0,0.0,0.0,0.0,0.0,0.0,0.0
18,30,5.0,0.0,2.0,[17 19],0.0,0.0,0.0,0.0,0.0,0.0,0.0,0.0,0.0,0.0
18,31,5.0,0.0,2.0,[17 19],0.0,0.0,0.0,0.0,0.0,0.0,0.0,0.0,0.0,0.0
18,32,5.0,0.0,2.0,[17 19],0.0,0.0,0.0,0.0,0.0,0.0,0.0,0.0,0.0,0.0
18,33,5.0,0.0,2.0,[17 19],0.0,0.0,0.0,0.0,0.0,0.0,24.0,0.0,0.0,0.0
18,34,5.0,0.0,2.0,[17 19],0.0,0.0,0.0,0.0,0.0,0.0,40.0,0.0,24.0,0.0
18,35,5.0,0.0,2.0,[17 19],24.0,0.0,0.0,0.0,0.0,0.0,68.0,5.0,40.0,0.0
18,36,5.0,0.0,2.0,[17 19],40.0,0.0,0.0,0.0,24.0,0.0,57.0,7.0,68.0,5.0
18,37,5.0,0.0,2.0,[17 19],68.0,5.0,24.0,0.0,40.0,0.0,113.0,13.0,57.0,7.0
18,38,5.0,0.0,2.0,[17 19],57.0,7.0,40.0,0.0,68.0,5.0,112.0,13.0,113.0,13.0
18,39,5.0,0.0,2.0,[17 19],113.0,13.0,68.0,5.0,57.0,7.0,161.0,17.0,112.0,13.0
18,40,5.0,0.0,2.0,[17 19],112.0,13.0,57.0,7.0,113.0,13.0,169.0,28.0,161.0,17.0
18,41,5.0,0.0,2.0,[17 19],161.0,17.0,113.0,13.0,112.0,13.0,325.0,34.0,169.0,28.0
18,42,5.0,0.0,2.0,[17 19],169.0,28.0,112.0,13.0,161.0,17.0,302.0,82.0,325.0,34.0
18,43,5.0,0.0,2.0,[17 19],325.0,34.0,161.0,17.0,169.0,28.0,423.0,115.0,302.0,82.0
18,44,5.0,0.0,2.0,[17 19],302.0,82.0,169.0,28.0,325.0,34.0,656.0,146.0,423.0,115.0
18,45,5.0,0.0,2.0,[17 19],423.0,115.0,325.0,34.0,302.0,82.0,589.0,262.0,656.0,146.0
18,46,5.0,0.0,2.0,[17 19],656.0,146.0,302.0,82.0,423.0,115.0,564.0,389.0,589.0,262.0
18,47,5.0,0.0,2.0,[17 19],589.0,262.0,423.0,115.0,656.0,146.0,710.0,563.0,564.0,389.0
18,48,5.0,0.0,2.0,[17 19],564.0,389.0,656.0,146.0,589.0,262.0,631.0,570.0,710.0,563.0
18,49,5.0,0.0,2.0,[17 19],710.0,563.0,589.0,262.0,564.0,389.0,564.0,688.0,631.0,570.0
18,50,5.0,0.0,2.0,[17 19],631.0,570.0,564.0,389.0,710.0,563.0,359.0,781.0,564.0,688.0
18,51,5.0,0.0,2.0,[17 19],564.0,688.0,710.0,563.0,631.0,570.0,325.0,742.0,359.0,781.0
18,52,5.0,0.0,2.0,[17 19],359.0,781.0,631.0,570.0,564.0,688.0,283.0,402.0,325.0,742.0
18,53,5.0,0.0,2.0,[17 19],325.0,742.0,564.0,688.0,359.0,781.0,208.0,218.0,283.0,402.0
18,54,5.0,0.0,2.0,[17 19],283.0,402.0,359.0,781.0,325.0,742.0,168.0,262.0,208.0,218.0
18,55,5.0,0.0,2.0,[17 19],208.0,218.0,325.0,742.0,283.0,402.0,112.0,295.0,168.0,262.0
18,56,5.0,0.0,2.0,[17 19],168.0,262.0,283.0,402.0,208.0,218.0,139.0,264.0,112.0,295.0
18,57,5.0,0.0,2.0,[17 19],112.0,295.0,208.0,218.0,168.0,262.0,89.0,139.0,139.0,264.0
18,58,5.0,0.0,2.0,[17 19],139.0,264.0,168.0,262.0,112.0,295.0,112.0,73.0,89.0,139.0
18,59,5.0,0.0,2.0,[17 19],89.0,139.0,112.0,295.0,139.0,264.0,90.0,60.0,112.0,73.0
18,60,5.0,0.0,2.0,[17 19],112.0,73.0,139.0,264.0,89.0,139.0,78.0,92.0,90.0,60.0
18,61,5.0,0.0,2.0,[17 19],90.0,60.0,89.0,139.0,112.0,73.0,77.0,53.0,78.0,92.0
18,62,5.0,0.0,2.0,[17 19],78.0,92.0,112.0,73.0,90.0,60.0,70.0,57.0,77.0,53.0
18,63,5.0,0.0,2.0,[17 19],77.0,53.0,90.0,60.0,78.0,92.0,67.0,82.0,70.0,57.0
18,64,5.0,0.0,2.0,[17 19],70.0,57.0,78.0,92.0,77.0,53.0,84.0,76.0,67.0,82.0
18,65,5.0,0.0,2.0,[17 19],67.0,82.0,77.0,53.0,70.0,57.0,57.0,69.0,84.0,76.0
18,66,5.0,0.0,2.0,[17 19],84.0,76.0,70.0,57.0,67.0,82.0,66.0,66.0,57.0,69.0
18,67,5.0,0.0,2.0,[17 19],57.0,69.0,67.0,82.0,84.0,76.0,68.0,44.0,66.0,66.0
18,68,5.0,0.0,2.0,[17 19],66.0,66.0,84.0,76.0,57.0,69.0,83.0,92.0,68.0,44.0
18,69,5.0,0.0,2.0,[17 19],68.0,44.0,57.0,69.0,66.0,66.0,88.0,53.0,83.0,92.0
18,70,5.0,0.0,2.0,[17 19],83.0,92.0,66.0,66.0,68.0,44.0,93.0,63.0,88.0,53.0
18,71,5.0,0.0,2.0,[17 19],88.0,53.0,68.0,44.0,83.0,92.0,100.0,88.0,93.0,63.0
18,72,5.0,0.0,2.0,[17 19],93.0,63.0,83.0,92.0,88.0,53.0,102.0,100.0,100.0,88.0
18,73,5.0,0.0,2.0,[17 19],100.0,88.0,88.0,53.0,93.0,63.0,90.0,75.0,102.0,100.0
18,74,5.0,0.0,2.0,[17 19],102.0,100.0,93.0,63.0,100.0,88.0,75.0,90.0,90.0,75.0
18,75,5.0,0.0,2.0,[17 19],90.0,75.0,100.0,88.0,102.0,100.0,112.0,77.0,75.0,90.0
18,76,5.0,0.0,2.0,[17 19],75.0,90.0,102.0,100.0,90.0,75.0,69.0,79.0,112.0,77.0
18,77,5.0,0.0,2.0,[17 19],112.0,77.0,90.0,75.0,75.0,90.0,89.0,79.0,69.0,79.0
18,78,5.0,0.0,2.0,[17 19],69.0,79.0,75.0,90.0,112.0,77.0,91.0,86.0,89.0,79.0
18,79,5.0,0.0,2.0,[17 19],89.0,79.0,112.0,77.0,69.0,79.0,68.0,72.0,91.0,86.0
18,80,5.0,0.0,2.0,[17 19],91.0,86.0,69.0,79.0,89.0,79.0,59.0,82.0,68.0,72.0
18,81,5.0,0.0,2.0,[17 19],68.0,72.0,89.0,79.0,91.0,86.0,86.0,77.0,59.0,82.0
18,82,5.0,0.0,2.0,[17 19],59.0,82.0,91.0,86.0,68.0,72.0,60.0,90.0,86.0,77.0
18,83,5.0,0.0,2.0,[17 19],86.0,77.0,68.0,72.0,59.0,82.0,88.0,73.0,60.0,90.0
18,84,5.0,0.0,2.0,[17 19],60.0,90.0,59.0,82.0,86.0,77.0,79.0,82.0,88.0,73.0
18,85,5.0,0.0,2.0,[17 19],88.0,73.0,86.0,77.0,60.0,90.0,84.0,73.0,79.0,82.0
18,86,5.0,0.0,2.0,[17 19],79.0,82.0,60.0,90.0,88.0,73.0,72.0,73.0,84.0,73.0
18,87,5.0,0.0,2.0,[17 19],84.0,73.0,88.0,73.0,79.0,82.0,66.0,101.0,72.0,73.0
18,88,5.0,0.0,2.0,[17 19],72.0,73.0,79.0,82.0,84.0,73.0,67.0,81.0,66.0,101.0
18,89,5.0,0.0,2.0,[17 19],66.0,101.0,84.0,73.0,72.0,73.0,76.0,85.0,67.0,81.0
18,90,5.0,0.0,2.0,[17 19],67.0,81.0,72.0,73.0,66.0,101.0,76.0,118.0,76.0,85.0
18,91,5.0,0.0,2.0,[17 19],76.0,85.0,66.0,101.0,67.0,81.0,80.0,112.0,76.0,118.0
18,92,5.0,0.0,2.0,[17 19],76.0,118.0,67.0,81.0,76.0,85.0,71.0,120.0,80.0,112.0
18,93,5.0,0.0,2.0,[17 19],80.0,112.0,76.0,85.0,76.0,118.0,102.0,132.0,71.0,120.0
18,94,5.0,0.0,2.0,[17 19],71.0,120.0,76.0,118.0,80.0,112.0,113.0,103.0,102.0,132.0
18,95,5.0,0.0,2.0,[17 19],102.0,132.0,80.0,112.0,71.0,120.0,111.0,194.0,113.0,103.0
18,96,5.0,0.0,2.0,[17 19],113.0,103.0,71.0,120.0,102.0,132.0,118.0,104.0,111.0,194.0
18,97,5.0,0.0,2.0,[17 19],111.0,194.0,102.0,132.0,113.0,103.0,92.0,208.0,118.0,104.0
18,98,5.0,0.0,2.0,[17 19],118.0,104.0,113.0,103.0,111.0,194.0,148.0,136.0,92.0,208.0
18,99,5.0,0.0,2.0,[17 19],92.0,208.0,111.0,194.0,118.0,104.0,122.0,175.0,148.0,136.0
18,100,5.0,0.0,2.0,[17 19],148.0,136.0,118.0,104.0,92.0,208.0,137.0,224.0,122.0,175.0
18,101,5.0,0.0,2.0,[17 19],122.0,175.0,92.0,208.0,148.0,136.0,336.0,182.0,137.0,224.0
18,102,5.0,0.0,2.0,[17 19],137.0,224.0,148.0,136.0,122.0,175.0,287.0,289.0,336.0,182.0
18,103,5.0,0.0,2.0,[17 19],336.0,182.0,122.0,175.0,137.0,224.0,246.0,279.0,287.0,289.0
18,104,5.0,0.0,2.0,[17 19],287.0,289.0,137.0,224.0,336.0,182.0,464.0,378.0,246.0,279.0
18,105,5.0,0.0,2.0,[17 19],246.0,279.0,336.0,182.0,287.0,289.0,511.0,312.0,464.0,378.0
18,106,5.0,0.0,2.0,[17 19],464.0,378.0,287.0,289.0,246.0,279.0,413.0,383.0,511.0,312.0
18,107,5.0,0.0,2.0,[17 19],511.0,312.0,246.0,279.0,464.0,378.0,536.0,407.0,413.0,383.0
18,108,5.0,0.0,2.0,[17 19],413.0,383.0,464.0,378.0,511.0,312.0,561.0,405.0,536.0,407.0
18,109,5.0,0.0,2.0,[17 19],536.0,407.0,511.0,312.0,413.0,383.0,395.0,339.0,561.0,405.0
18,110,5.0,0.0,2.0,[17 19],561.0,405.0,413.0,383.0,536.0,407.0,368.0,372.0,395.0,339.0
18,111,5.0,0.0,2.0,[17 19],395.0,339.0,536.0,407.0,561.0,405.0,281.0,295.0,368.0,372.0
18,112,5.0,0.0,2.0,[17 19],368.0,372.0,561.0,405.0,395.0,339.0,192.0,248.0,281.0,295.0
18,113,5.0,0.0,2.0,[17 19],281.0,295.0,395.0,339.0,368.0,372.0,191.0,220.0,192.0,248.0
18,114,5.0,0.0,2.0,[17 19],192.0,248.0,368.0,372.0,281.0,295.0,186.0,250.0,191.0,220.0
18,115,5.0,0.0,2.0,[17 19],191.0,220.0,281.0,295.0,192.0,248.0,154.0,200.0,186.0,250.0
18,116,5.0,0.0,2.0,[17 19],186.0,250.0,192.0,248.0,191.0,220.0,135.0,170.0,154.0,200.0
18,117,5.0,0.0,2.0,[17 19],154.0,200.0,191.0,220.0,186.0,250.0,170.0,188.0,135.0,170.0
18,118,5.0,0.0,2.0,[17 19],135.0,170.0,186.0,250.0,154.0,200.0,97.0,193.0,170.0,188.0
18,119,5.0,0.0,2.0,[17 19],170.0,188.0,154.0,200.0,135.0,170.0,118.0,143.0,97.0,193.0
18,120,5.0,0.0,2.0,[17 19],97.0,193.0,135.0,170.0,170.0,188.0,108.0,187.0,118.0,143.0
18,121,5.0,0.0,2.0,[17 19],118.0,143.0,170.0,188.0,97.0,193.0,125.0,136.0,108.0,187.0
18,122,5.0,0.0,2.0,[17 19],108.0,187.0,97.0,193.0,118.0,143.0,105.0,149.0,125.0,136.0
18,123,5.0,0.0,2.0,[17 19],125.0,136.0,118.0,143.0,108.0,187.0,115.0,190.0,105.0,149.0
18,124,5.0,0.0,2.0,[17 19],105.0,149.0,108.0,187.0,125.0,136.0,68.0,164.0,115.0,190.0
18,125,5.0,0.0,2.0,[17 19],115.0,190.0,125.0,136.0,105.0,149.0,93.0,176.0,68.0,164.0
18,126,5.0,0.0,2.0,[17 19],68.0,164.0,105.0,149.0,115.0,190.0,76.0,224.0,93.0,176.0
18,127,5.0,0.0,2.0,[17 19],93.0,176.0,115.0,190.0,68.0,164.0,93.0,197.0,76.0,224.0
18,128,5.0,0.0,2.0,[17 19],76.0,224.0,68.0,164.0,93.0,176.0,59.0,119.0,93.0,197.0
18,129,5.0,0.0,2.0,[17 19],93.0,197.0,93.0,176.0,76.0,224.0,36.0,143.0,59.0,119.0
18,130,5.0,0.0,2.0,[17 19],59.0,119.0,76.0,224.0,93.0,197.0,43.0,126.0,36.0,143.0
18,131,5.0,0.0,2.0,[17 19],36.0,143.0,93.0,197.0,59.0,119.0,75.0,119.0,43.0,126.0
18,132,5.0,0.0,2.0,[17 19],43.0,126.0,59.0,119.0,36.0,143.0,26.0,109.0,75.0,119.0
18,133,5.0,0.0,2.0,[17 19],75.0,119.0,36.0,143.0,43.0,126.0,29.0,105.0,26.0,109.0
18,134,5.0,0.0,2.0,[17 19],26.0,109.0,43.0,126.0,75.0,119.0,20.0,117.0,29.0,105.0
18,135,5.0,0.0,2.0,[17 19],29.0,105.0,75.0,119.0,26.0,109.0,29.0,86.0,20.0,117.0
18,136,5.0,0.0,2.0,[17 19],20.0,117.0,26.0,109.0,29.0,105.0,7.0,70.0,29.0,86.0
18,137,5.0,0.0,2.0,[17 19],29.0,86.0,29.0,105.0,20.0,117.0,7.0,94.0,7.0,70.0
18,138,5.0,0.0,2.0,[17 19],7.0,70.0,20.0,117.0,29.0,86.0,2.0,23.0,7.0,94.0
18,139,5.0,0.0,2.0,[17 19],7.0,94.0,29.0,86.0,7.0,70.0,0.0,25.0,2.0,23.0
18,140,5.0,0.0,2.0,[17 19],2.0,23.0,7.0,70.0,7.0,94.0,0.0,0.0,0.0,25.0
18,141,5.0,0.0,2.0,[17 19],0.0,25.0,7.0,94.0,2.0,23.0,0.0,0.0,0.0,0.0
18,142,5.0,0.0,2.0,[17 19],0.0,0.0,2.0,23.0,0.0,25.0,0.0,0.0,0.0,0.0
18,143,5.0,0.0,2.0,[17 19],0.0,0.0,0.0,25.0,0.0,0.0,0.0,0.0,0.0,0.0
19,0,5.0,0.0,2.0,[18 20],0.0,0.0,0.0,0.0,0.0,0.0,0.0,0.0,0.0,0.0
19,1,5.0,0.0,2.0,[18 20],0.0,0.0,0.0,0.0,0.0,0.0,0.0,0.0,0.0,0.0
19,2,5.0,0.0,2.0,[18 20],0.0,0.0,0.0,0.0,0.0,0.0,0.0,1.0,0.0,0.0
19,3,5.0,0.0,2.0,[18 20],0.0,0.0,0.0,0.0,0.0,0.0,0.0,0.0,0.0,1.0
19,4,5.0,0.0,2.0,[18 20],0.0,1.0,0.0,0.0,0.0,0.0,0.0,0.0,0.0,0.0
19,5,5.0,0.0,2.0,[18 20],0.0,0.0,0.0,0.0,0.0,1.0,0.0,0.0,0.0,0.0
19,6,5.0,0.0,2.0,[18 20],0.0,0.0,0.0,1.0,0.0,0.0,0.0,0.0,0.0,0.0
19,7,5.0,0.0,2.0,[18 20],0.0,0.0,0.0,0.0,0.0,0.0,0.0,0.0,0.0,0.0
19,8,5.0,0.0,2.0,[18 20],0.0,0.0,0.0,0.0,0.0,0.0,0.0,0.0,0.0,0.0
19,9,5.0,0.0,2.0,[18 20],0.0,0.0,0.0,0.0,0.0,0.0,0.0,0.0,0.0,0.0
19,10,5.0,0.0,2.0,[18 20],0.0,0.0,0.0,0.0,0.0,0.0,0.0,0.0,0.0,0.0
19,11,5.0,0.0,2.0,[18 20],0.0,0.0,0.0,0.0,0.0,0.0,0.0,0.0,0.0,0.0
19,12,5.0,0.0,2.0,[18 20],0.0,0.0,0.0,0.0,0.0,0.0,0.0,0.0,0.0,0.0
19,13,5.0,0.0,2.0,[18 20],0.0,0.0,0.0,0.0,0.0,0.0,0.0,0.0,0.0,0.0
19,14,5.0,0.0,2.0,[18 20],0.0,0.0,0.0,0.0,0.0,0.0,0.0,0.0,0.0,0.0
19,15,5.0,0.0,2.0,[18 20],0.0,0.0,0.0,0.0,0.0,0.0,0.0,0.0,0.0,0.0
19,16,5.0,0.0,2.0,[18 20],0.0,0.0,0.0,0.0,0.0,0.0,0.0,0.0,0.0,0.0
19,17,5.0,0.0,2.0,[18 20],0.0,0.0,0.0,0.0,0.0,0.0,0.0,0.0,0.0,0.0
19,18,5.0,0.0,2.0,[18 20],0.0,0.0,0.0,0.0,0.0,0.0,0.0,0.0,0.0,0.0
19,19,5.0,0.0,2.0,[18 20],0.0,0.0,0.0,0.0,0.0,0.0,0.0,0.0,0.0,0.0
19,20,5.0,0.0,2.0,[18 20],0.0,0.0,0.0,0.0,0.0,0.0,0.0,0.0,0.0,0.0
19,21,5.0,0.0,2.0,[18 20],0.0,0.0,0.0,0.0,0.0,0.0,0.0,0.0,0.0,0.0
19,22,5.0,0.0,2.0,[18 20],0.0,0.0,0.0,0.0,0.0,0.0,0.0,0.0,0.0,0.0
19,23,5.0,0.0,2.0,[18 20],0.0,0.0,0.0,0.0,0.0,0.0,0.0,0.0,0.0,0.0
19,24,5.0,0.0,2.0,[18 20],0.0,0.0,0.0,0.0,0.0,0.0,0.0,0.0,0.0,0.0
19,25,5.0,0.0,2.0,[18 20],0.0,0.0,0.0,0.0,0.0,0.0,0.0,0.0,0.0,0.0
19,26,5.0,0.0,2.0,[18 20],0.0,0.0,0.0,0.0,0.0,0.0,0.0,0.0,0.0,0.0
19,27,5.0,0.0,2.0,[18 20],0.0,0.0,0.0,0.0,0.0,0.0,0.0,0.0,0.0,0.0
19,28,5.0,0.0,2.0,[18 20],0.0,0.0,0.0,0.0,0.0,0.0,0.0,0.0,0.0,0.0
19,29,5.0,0.0,2.0,[18 20],0.0,0.0,0.0,0.0,0.0,0.0,0.0,0.0,0.0,0.0
19,30,5.0,0.0,2.0,[18 20],0.0,0.0,0.0,0.0,0.0,0.0,0.0,0.0,0.0,0.0
19,31,5.0,0.0,2.0,[18 20],0.0,0.0,0.0,0.0,0.0,0.0,0.0,0.0,0.0,0.0
19,32,5.0,0.0,2.0,[18 20],0.0,0.0,0.0,0.0,0.0,0.0,2.0,0.0,0.0,0.0
19,33,5.0,0.0,2.0,[18 20],0.0,0.0,0.0,0.0,0.0,0.0,8.0,0.0,2.0,0.0
19,34,5.0,0.0,2.0,[18 20],2.0,0.0,0.0,0.0,0.0,0.0,24.0,3.0,8.0,0.0
19,35,5.0,0.0,2.0,[18 20],8.0,0.0,0.0,0.0,2.0,0.0,30.0,7.0,24.0,3.0
19,36,5.0,0.0,2.0,[18 20],24.0,3.0,2.0,0.0,8.0,0.0,46.0,14.0,30.0,7.0
19,37,5.0,0.0,2.0,[18 20],30.0,7.0,8.0,0.0,24.0,3.0,68.0,12.0,46.0,14.0
19,38,5.0,0.0,2.0,[18 20],46.0,14.0,24.0,3.0,30.0,7.0,53.0,31.0,68.0,12.0
19,39,5.0,0.0,2.0,[18 20],68.0,12.0,30.0,7.0,46.0,14.0,76.0,28.0,53.0,31.0
19,40,5.0,0.0,2.0,[18 20],53.0,31.0,46.0,14.0,68.0,12.0,78.0,34.0,76.0,28.0
19,41,5.0,0.0,2.0,[18 20],76.0,28.0,68.0,12.0,53.0,31.0,114.0,25.0,78.0,34.0
19,42,5.0,0.0,2.0,[18 20],78.0,34.0,53.0,31.0,76.0,28.0,138.0,24.0,114.0,25.0
19,43,5.0,0.0,2.0,[18 20],114.0,25.0,76.0,28.0,78.0,34.0,164.0,62.0,138.0,24.0
19,44,5.0,0.0,2.0,[18 20],138.0,24.0,78.0,34.0,114.0,25.0,231.0,59.0,164.0,62.0
19,45,5.0,0.0,2.0,[18 20],164.0,62.0,114.0,25.0,138.0,24.0,301.0,114.0,231.0,59.0
19,46,5.0,0.0,2.0,[18 20],231.0,59.0,138.0,24.0,164.0,62.0,272.0,235.0,301.0,114.0
19,47,5.0,0.0,2.0,[18 20],301.0,114.0,164.0,62.0,231.0,59.0,270.0,271.0,272.0,235.0
19,48,5.0,0.0,2.0,[18 20],272.0,235.0,231.0,59.0,301.0,114.0,332.0,312.0,270.0,271.0
19,49,5.0,0.0,2.0,[18 20],270.0,271.0,301.0,114.0,272.0,235.0,236.0,344.0,332.0,312.0
19,50,5.0,0.0,2.0,[18 20],332.0,312.0,272.0,235.0,270.0,271.0,220.0,395.0,236.0,344.0
19,51,5.0,0.0,2.0,[18 20],236.0,344.0,270.0,271.0,332.0,312.0,176.0,309.0,220.0,395.0
19,52,5.0,0.0,2.0,[18 20],220.0,395.0,332.0,312.0,236.0,344.0,134.0,161.0,176.0,309.0
19,53,5.0,0.0,2.0,[18 20],176.0,309.0,236.0,344.0,220.0,395.0,96.0,128.0,134.0,161.0
19,54,5.0,0.0,2.0,[18 20],134.0,161.0,220.0,395.0,176.0,309.0,91.0,101.0,96.0,128.0
19,55,5.0,0.0,2.0,[18 20],96.0,128.0,176.0,309.0,134.0,161.0,91.0,71.0,91.0,101.0
19,56,5.0,0.0,2.0,[18 20],91.0,101.0,134.0,161.0,96.0,128.0,85.0,85.0,91.0,71.0
19,57,5.0,0.0,2.0,[18 20],91.0,71.0,96.0,128.0,91.0,101.0,71.0,91.0,85.0,85.0
19,58,5.0,0.0,2.0,[18 20],85.0,85.0,91.0,101.0,91.0,71.0,67.0,64.0,71.0,91.0
19,59,5.0,0.0,2.0,[18 20],71.0,91.0,91.0,71.0,85.0,85.0,83.0,52.0,67.0,64.0
19,60,5.0,0.0,2.0,[18 20],67.0,64.0,85.0,85.0,71.0,91.0,65.0,54.0,83.0,52.0
19,61,5.0,0.0,2.0,[18 20],83.0,52.0,71.0,91.0,67.0,64.0,84.0,49.0,65.0,54.0
19,62,5.0,0.0,2.0,[18 20],65.0,54.0,67.0,64.0,83.0,52.0,65.0,60.0,84.0,49.0
19,63,5.0,0.0,2.0,[18 20],84.0,49.0,83.0,52.0,65.0,54.0,59.0,57.0,65.0,60.0
19,64,5.0,0.0,2.0,[18 20],65.0,60.0,65.0,54.0,84.0,49.0,58.0,79.0,59.0,57.0
19,65,5.0,0.0,2.0,[18 20],59.0,57.0,84.0,49.0,65.0,60.0,46.0,58.0,58.0,79.0
19,66,5.0,0.0,2.0,[18 20],58.0,79.0,65.0,60.0,59.0,57.0,47.0,37.0,46.0,58.0
19,67,5.0,0.0,2.0,[18 20],46.0,58.0,59.0,57.0,58.0,79.0,55.0,45.0,47.0,37.0
19,68,5.0,0.0,2.0,[18 20],47.0,37.0,58.0,79.0,46.0,58.0,33.0,61.0,55.0,45.0
19,69,5.0,0.0,2.0,[18 20],55.0,45.0,46.0,58.0,47.0,37.0,55.0,50.0,33.0,61.0
19,70,5.0,0.0,2.0,[18 20],33.0,61.0,47.0,37.0,55.0,45.0,47.0,63.0,55.0,50.0
19,71,5.0,0.0,2.0,[18 20],55.0,50.0,55.0,45.0,33.0,61.0,82.0,67.0,47.0,63.0
19,72,5.0,0.0,2.0,[18 20],47.0,63.0,33.0,61.0,55.0,50.0,71.0,69.0,82.0,67.0
19,73,5.0,0.0,2.0,[18 20],82.0,67.0,55.0,50.0,47.0,63.0,69.0,37.0,71.0,69.0
19,74,5.0,0.0,2.0,[18 20],71.0,69.0,47.0,63.0,82.0,67.0,74.0,54.0,69.0,37.0
19,75,5.0,0.0,2.0,[18 20],69.0,37.0,82.0,67.0,71.0,69.0,68.0,61.0,74.0,54.0
19,76,5.0,0.0,2.0,[18 20],74.0,54.0,71.0,69.0,69.0,37.0,88.0,59.0,68.0,61.0
19,77,5.0,0.0,2.0,[18 20],68.0,61.0,69.0,37.0,74.0,54.0,76.0,61.0,88.0,59.0
19,78,5.0,0.0,2.0,[18 20],88.0,59.0,74.0,54.0,68.0,61.0,73.0,52.0,76.0,61.0
19,79,5.0,0.0,2.0,[18 20],76.0,61.0,68.0,61.0,88.0,59.0,58.0,66.0,73.0,52.0
19,80,5.0,0.0,2.0,[18 20],73.0,52.0,88.0,59.0,76.0,61.0,49.0,55.0,58.0,66.0
19,81,5.0,0.0,2.0,[18 20],58.0,66.0,76.0,61.0,73.0,52.0,60.0,44.0,49.0,55.0
19,82,5.0,0.0,2.0,[18 20],49.0,55.0,73.0,52.0,58.0,66.0,55.0,51.0,60.0,44.0
19,83,5.0,0.0,2.0,[18 20],60.0,44.0,58.0,66.0,49.0,55.0,57.0,64.0,55.0,51.0
19,84,5.0,0.0,2.0,[18 20],55.0,51.0,49.0,55.0,60.0,44.0,43.0,65.0,57.0,64.0
19,85,5.0,0.0,2.0,[18 20],57.0,64.0,60.0,44.0,55.0,51.0,70.0,58.0,43.0,65.0
19,86,5.0,0.0,2.0,[18 20],43.0,65.0,55.0,51.0,57.0,64.0,66.0,74.0,70.0,58.0
19,87,5.0,0.0,2.0,[18 20],70.0,58.0,57.0,64.0,43.0,65.0,67.0,64.0,66.0,74.0
19,88,5.0,0.0,2.0,[18 20],66.0,74.0,43.0,65.0,70.0,58.0,53.0,58.0,67.0,64.0
19,89,5.0,0.0,2.0,[18 20],67.0,64.0,70.0,58.0,66.0,74.0,64.0,78.0,53.0,58.0
19,90,5.0,0.0,2.0,[18 20],53.0,58.0,66.0,74.0,67.0,64.0,63.0,83.0,64.0,78.0
19,91,5.0,0.0,2.0,[18 20],64.0,78.0,67.0,64.0,53.0,58.0,107.0,78.0,63.0,83.0
19,92,5.0,0.0,2.0,[18 20],63.0,83.0,53.0,58.0,64.0,78.0,71.0,73.0,107.0,78.0
19,93,5.0,0.0,2.0,[18 20],107.0,78.0,64.0,78.0,63.0,83.0,68.0,69.0,71.0,73.0
19,94,5.0,0.0,2.0,[18 20],71.0,73.0,63.0,83.0,107.0,78.0,90.0,136.0,68.0,69.0
19,95,5.0,0.0,2.0,[18 20],68.0,69.0,107.0,78.0,71.0,73.0,80.0,88.0,90.0,136.0
19,96,5.0,0.0,2.0,[18 20],90.0,136.0,71.0,73.0,68.0,69.0,91.0,60.0,80.0,88.0
19,97,5.0,0.0,2.0,[18 20],80.0,88.0,68.0,69.0,90.0,136.0,75.0,127.0,91.0,60.0
19,98,5.0,0.0,2.0,[18 20],91.0,60.0,90.0,136.0,80.0,88.0,87.0,104.0,75.0,127.0
19,99,5.0,0.0,2.0,[18 20],75.0,127.0,80.0,88.0,91.0,60.0,95.0,84.0,87.0,104.0
19,100,5.0,0.0,2.0,[18 20],87.0,104.0,91.0,60.0,75.0,127.0,120.0,85.0,95.0,84.0
19,101,5.0,0.0,2.0,[18 20],95.0,84.0,75.0,127.0,87.0,104.0,154.0,81.0,120.0,85.0
19,102,5.0,0.0,2.0,[18 20],120.0,85.0,87.0,104.0,95.0,84.0,129.0,143.0,154.0,81.0
19,103,5.0,0.0,2.0,[18 20],154.0,81.0,95.0,84.0,120.0,85.0,146.0,140.0,129.0,143.0
19,104,5.0,0.0,2.0,[18 20],129.0,143.0,120.0,85.0,154.0,81.0,183.0,180.0,146.0,140.0
19,105,5.0,0.0,2.0,[18 20],146.0,140.0,154.0,81.0,129.0,143.0,204.0,163.0,183.0,180.0
19,106,5.0,0.0,2.0,[18 20],183.0,180.0,129.0,143.0,146.0,140.0,143.0,186.0,204.0,163.0
19,107,5.0,0.0,2.0,[18 20],204.0,163.0,146.0,140.0,183.0,180.0,244.0,207.0,143.0,186.0
19,108,5.0,0.0,2.0,[18 20],143.0,186.0,183.0,180.0,204.0,163.0,279.0,195.0,244.0,207.0
19,109,5.0,0.0,2.0,[18 20],244.0,207.0,204.0,163.0,143.0,186.0,206.0,204.0,279.0,195.0
19,110,5.0,0.0,2.0,[18 20],279.0,195.0,143.0,186.0,244.0,207.0,190.0,195.0,206.0,204.0
19,111,5.0,0.0,2.0,[18 20],206.0,204.0,244.0,207.0,279.0,195.0,153.0,157.0,190.0,195.0
19,112,5.0,0.0,2.0,[18 20],190.0,195.0,279.0,195.0,206.0,204.0,95.0,139.0,153.0,157.0
19,113,5.0,0.0,2.0,[18 20],153.0,157.0,206.0,204.0,190.0,195.0,107.0,153.0,95.0,139.0
19,114,5.0,0.0,2.0,[18 20],95.0,139.0,190.0,195.0,153.0,157.0,125.0,82.0,107.0,153.0
19,115,5.0,0.0,2.0,[18 20],107.0,153.0,153.0,157.0,95.0,139.0,87.0,110.0,125.0,82.0
19,116,5.0,0.0,2.0,[18 20],125.0,82.0,95.0,139.0,107.0,153.0,101.0,141.0,87.0,110.0
19,117,5.0,0.0,2.0,[18 20],87.0,110.0,107.0,153.0,125.0,82.0,80.0,118.0,101.0,141.0
19,118,5.0,0.0,2.0,[18 20],101.0,141.0,125.0,82.0,87.0,110.0,93.0,71.0,80.0,118.0
19,119,5.0,0.0,2.0,[18 20],80.0,118.0,87.0,110.0,101.0,141.0,76.0,84.0,93.0,71.0
19,120,5.0,0.0,2.0,[18 20],93.0,71.0,101.0,141.0,80.0,118.0,81.0,101.0,76.0,84.0
19,121,5.0,0.0,2.0,[18 20],76.0,84.0,80.0,118.0,93.0,71.0,67.0,86.0,81.0,101.0
19,122,5.0,0.0,2.0,[18 20],81.0,101.0,93.0,71.0,76.0,84.0,72.0,123.0,67.0,86.0
19,123,5.0,0.0,2.0,[18 20],67.0,86.0,76.0,84.0,81.0,101.0,50.0,98.0,72.0,123.0
19,124,5.0,0.0,2.0,[18 20],72.0,123.0,81.0,101.0,67.0,86.0,66.0,95.0,50.0,98.0
19,125,5.0,0.0,2.0,[18 20],50.0,98.0,67.0,86.0,72.0,123.0,87.0,104.0,66.0,95.0
19,126,5.0,0.0,2.0,[18 20],66.0,95.0,72.0,123.0,50.0,98.0,91.0,93.0,87.0,104.0
19,127,5.0,0.0,2.0,[18 20],87.0,104.0,50.0,98.0,66.0,95.0,90.0,83.0,91.0,93.0
19,128,5.0,0.0,2.0,[18 20],91.0,93.0,66.0,95.0,87.0,104.0,51.0,144.0,90.0,83.0
19,129,5.0,0.0,2.0,[18 20],90.0,83.0,87.0,104.0,91.0,93.0,37.0,96.0,51.0,144.0
19,130,5.0,0.0,2.0,[18 20],51.0,144.0,91.0,93.0,90.0,83.0,37.0,88.0,37.0,96.0
19,131,5.0,0.0,2.0,[18 20],37.0,96.0,90.0,83.0,51.0,144.0,42.0,97.0,37.0,88.0
19,132,5.0,0.0,2.0,[18 20],37.0,88.0,51.0,144.0,37.0,96.0,25.0,107.0,42.0,97.0
19,133,5.0,0.0,2.0,[18 20],42.0,97.0,37.0,96.0,37.0,88.0,26.0,100.0,25.0,107.0
19,134,5.0,0.0,2.0,[18 20],25.0,107.0,37.0,88.0,42.0,97.0,30.0,68.0,26.0,100.0
19,135,5.0,0.0,2.0,[18 20],26.0,100.0,42.0,97.0,25.0,107.0,10.0,75.0,30.0,68.0
19,136,5.0,0.0,2.0,[18 20],30.0,68.0,25.0,107.0,26.0,100.0,10.0,53.0,10.0,75.0
19,137,5.0,0.0,2.0,[18 20],10.0,75.0,26.0,100.0,30.0,68.0,2.0,65.0,10.0,53.0
19,138,5.0,0.0,2.0,[18 20],10.0,53.0,30.0,68.0,10.0,75.0,8.0,41.0,2.0,65.0
19,139,5.0,0.0,2.0,[18 20],2.0,65.0,10.0,75.0,10.0,53.0,1.0,23.0,8.0,41.0
19,140,5.0,0.0,2.0,[18 20],8.0,41.0,10.0,53.0,2.0,65.0,0.0,0.0,1.0,23.0
19,141,5.0,0.0,2.0,[18 20],1.0,23.0,2.0,65.0,8.0,41.0,0.0,0.0,0.0,0.0
19,142,5.0,0.0,2.0,[18 20],0.0,0.0,8.0,41.0,1.0,23.0,0.0,0.0,0.0,0.0
19,143,5.0,0.0,2.0,[18 20],0.0,0.0,1.0,23.0,0.0,0.0,0.0,0.0,0.0,0.0
20,0,5.0,0.0,3.0,[19 21 28],0.0,0.0,0.0,0.0,0.0,0.0,0.0,0.0,0.0,0.0
20,1,5.0,0.0,3.0,[19 21 28],0.0,0.0,0.0,0.0,0.0,0.0,0.0,0.0,0.0,0.0
20,2,5.0,0.0,3.0,[19 21 28],0.0,0.0,0.0,0.0,0.0,0.0,0.0,0.0,0.0,0.0
20,3,5.0,0.0,3.0,[19 21 28],0.0,0.0,0.0,0.0,0.0,0.0,0.0,0.0,0.0,0.0
20,4,5.0,0.0,3.0,[19 21 28],0.0,0.0,0.0,0.0,0.0,0.0,0.0,0.0,0.0,0.0
20,5,5.0,0.0,3.0,[19 21 28],0.0,0.0,0.0,0.0,0.0,0.0,0.0,0.0,0.0,0.0
20,6,5.0,0.0,3.0,[19 21 28],0.0,0.0,0.0,0.0,0.0,0.0,0.0,0.0,0.0,0.0
20,7,5.0,0.0,3.0,[19 21 28],0.0,0.0,0.0,0.0,0.0,0.0,0.0,0.0,0.0,0.0
20,8,5.0,0.0,3.0,[19 21 28],0.0,0.0,0.0,0.0,0.0,0.0,5.0,0.0,0.0,0.0
20,9,5.0,0.0,3.0,[19 21 28],0.0,0.0,0.0,0.0,0.0,0.0,0.0,0.0,5.0,0.0
20,10,5.0,0.0,3.0,[19 21 28],5.0,0.0,0.0,0.0,0.0,0.0,0.0,0.0,0.0,0.0
20,11,5.0,0.0,3.0,[19 21 28],0.0,0.0,0.0,0.0,5.0,0.0,0.0,0.0,0.0,0.0
20,12,5.0,0.0,3.0,[19 21 28],0.0,0.0,5.0,0.0,0.0,0.0,0.0,0.0,0.0,0.0
20,13,5.0,0.0,3.0,[19 21 28],0.0,0.0,0.0,0.0,0.0,0.0,0.0,0.0,0.0,0.0
20,14,5.0,0.0,3.0,[19 21 28],0.0,0.0,0.0,0.0,0.0,0.0,0.0,0.0,0.0,0.0
20,15,5.0,0.0,3.0,[19 21 28],0.0,0.0,0.0,0.0,0.0,0.0,0.0,0.0,0.0,0.0
20,16,5.0,0.0,3.0,[19 21 28],0.0,0.0,0.0,0.0,0.0,0.0,0.0,0.0,0.0,0.0
20,17,5.0,0.0,3.0,[19 21 28],0.0,0.0,0.0,0.0,0.0,0.0,0.0,0.0,0.0,0.0
20,18,5.0,0.0,3.0,[19 21 28],0.0,0.0,0.0,0.0,0.0,0.0,0.0,0.0,0.0,0.0
20,19,5.0,0.0,3.0,[19 21 28],0.0,0.0,0.0,0.0,0.0,0.0,0.0,0.0,0.0,0.0
20,20,5.0,0.0,3.0,[19 21 28],0.0,0.0,0.0,0.0,0.0,0.0,0.0,0.0,0.0,0.0
20,21,5.0,0.0,3.0,[19 21 28],0.0,0.0,0.0,0.0,0.0,0.0,0.0,0.0,0.0,0.0
20,22,5.0,0.0,3.0,[19 21 28],0.0,0.0,0.0,0.0,0.0,0.0,0.0,0.0,0.0,0.0
20,23,5.0,0.0,3.0,[19 21 28],0.0,0.0,0.0,0.0,0.0,0.0,0.0,0.0,0.0,0.0
20,24,5.0,0.0,3.0,[19 21 28],0.0,0.0,0.0,0.0,0.0,0.0,0.0,0.0,0.0,0.0
20,25,5.0,0.0,3.0,[19 21 28],0.0,0.0,0.0,0.0,0.0,0.0,0.0,0.0,0.0,0.0
20,26,5.0,0.0,3.0,[19 21 28],0.0,0.0,0.0,0.0,0.0,0.0,0.0,0.0,0.0,0.0
20,27,5.0,0.0,3.0,[19 21 28],0.0,0.0,0.0,0.0,0.0,0.0,0.0,0.0,0.0,0.0
20,28,5.0,0.0,3.0,[19 21 28],0.0,0.0,0.0,0.0,0.0,0.0,0.0,0.0,0.0,0.0
20,29,5.0,0.0,3.0,[19 21 28],0.0,0.0,0.0,0.0,0.0,0.0,0.0,0.0,0.0,0.0
20,30,5.0,0.0,3.0,[19 21 28],0.0,0.0,0.0,0.0,0.0,0.0,0.0,0.0,0.0,0.0
20,31,5.0,0.0,3.0,[19 21 28],0.0,0.0,0.0,0.0,0.0,0.0,0.0,0.0,0.0,0.0
20,32,5.0,0.0,3.0,[19 21 28],0.0,0.0,0.0,0.0,0.0,0.0,9.0,0.0,0.0,0.0
20,33,5.0,0.0,3.0,[19 21 28],0.0,0.0,0.0,0.0,0.0,0.0,15.0,2.0,9.0,0.0
20,34,5.0,0.0,3.0,[19 21 28],9.0,0.0,0.0,0.0,0.0,0.0,42.0,2.0,15.0,2.0
20,35,5.0,0.0,3.0,[19 21 28],15.0,2.0,0.0,0.0,9.0,0.0,78.0,36.0,42.0,2.0
20,36,5.0,0.0,3.0,[19 21 28],42.0,2.0,9.0,0.0,15.0,2.0,115.0,23.0,78.0,36.0
20,37,5.0,0.0,3.0,[19 21 28],78.0,36.0,15.0,2.0,42.0,2.0,137.0,54.0,115.0,23.0
20,38,5.0,0.0,3.0,[19 21 28],115.0,23.0,42.0,2.0,78.0,36.0,151.0,55.0,137.0,54.0
20,39,5.0,0.0,3.0,[19 21 28],137.0,54.0,78.0,36.0,115.0,23.0,183.0,49.0,151.0,55.0
20,40,5.0,0.0,3.0,[19 21 28],151.0,55.0,115.0,23.0,137.0,54.0,243.0,68.0,183.0,49.0
20,41,5.0,0.0,3.0,[19 21 28],183.0,49.0,137.0,54.0,151.0,55.0,384.0,94.0,243.0,68.0
20,42,5.0,0.0,3.0,[19 21 28],243.0,68.0,151.0,55.0,183.0,49.0,375.0,136.0,384.0,94.0
20,43,5.0,0.0,3.0,[19 21 28],384.0,94.0,183.0,49.0,243.0,68.0,538.0,140.0,375.0,136.0
20,44,5.0,0.0,3.0,[19 21 28],375.0,136.0,243.0,68.0,384.0,94.0,857.0,163.0,538.0,140.0
20,45,5.0,0.0,3.0,[19 21 28],538.0,140.0,384.0,94.0,375.0,136.0,893.0,216.0,857.0,163.0
20,46,5.0,0.0,3.0,[19 21 28],857.0,163.0,375.0,136.0,538.0,140.0,989.0,234.0,893.0,216.0
20,47,5.0,0.0,3.0,[19 21 28],893.0,216.0,538.0,140.0,857.0,163.0,872.0,273.0,989.0,234.0
20,48,5.0,0.0,3.0,[19 21 28],989.0,234.0,857.0,163.0,893.0,216.0,846.0,321.0,872.0,273.0
20,49,5.0,0.0,3.0,[19 21 28],872.0,273.0,893.0,216.0,989.0,234.0,738.0,278.0,846.0,321.0
20,50,5.0,0.0,3.0,[19 21 28],846.0,321.0,989.0,234.0,872.0,273.0,592.0,328.0,738.0,278.0
20,51,5.0,0.0,3.0,[19 21 28],738.0,278.0,872.0,273.0,846.0,321.0,468.0,254.0,592.0,328.0
20,52,5.0,0.0,3.0,[19 21 28],592.0,328.0,846.0,321.0,738.0,278.0,383.0,325.0,468.0,254.0
20,53,5.0,0.0,3.0,[19 21 28],468.0,254.0,738.0,278.0,592.0,328.0,298.0,230.0,383.0,325.0
20,54,5.0,0.0,3.0,[19 21 28],383.0,325.0,592.0,328.0,468.0,254.0,290.0,171.0,298.0,230.0
20,55,5.0,0.0,3.0,[19 21 28],298.0,230.0,468.0,254.0,383.0,325.0,264.0,276.0,290.0,171.0
20,56,5.0,0.0,3.0,[19 21 28],290.0,171.0,383.0,325.0,298.0,230.0,249.0,234.0,264.0,276.0
20,57,5.0,0.0,3.0,[19 21 28],264.0,276.0,298.0,230.0,290.0,171.0,243.0,215.0,249.0,234.0
20,58,5.0,0.0,3.0,[19 21 28],249.0,234.0,290.0,171.0,264.0,276.0,209.0,156.0,243.0,215.0
20,59,5.0,0.0,3.0,[19 21 28],243.0,215.0,264.0,276.0,249.0,234.0,225.0,199.0,209.0,156.0
20,60,5.0,0.0,3.0,[19 21 28],209.0,156.0,249.0,234.0,243.0,215.0,213.0,178.0,225.0,199.0
20,61,5.0,0.0,3.0,[19 21 28],225.0,199.0,243.0,215.0,209.0,156.0,198.0,133.0,213.0,178.0
20,62,5.0,0.0,3.0,[19 21 28],213.0,178.0,209.0,156.0,225.0,199.0,158.0,219.0,198.0,133.0
20,63,5.0,0.0,3.0,[19 21 28],198.0,133.0,225.0,199.0,213.0,178.0,179.0,179.0,158.0,219.0
20,64,5.0,0.0,3.0,[19 21 28],158.0,219.0,213.0,178.0,198.0,133.0,185.0,158.0,179.0,179.0
20,65,5.0,0.0,3.0,[19 21 28],179.0,179.0,198.0,133.0,158.0,219.0,173.0,168.0,185.0,158.0
20,66,5.0,0.0,3.0,[19 21 28],185.0,158.0,158.0,219.0,179.0,179.0,170.0,154.0,173.0,168.0
20,67,5.0,0.0,3.0,[19 21 28],173.0,168.0,179.0,179.0,185.0,158.0,194.0,194.0,170.0,154.0
20,68,5.0,0.0,3.0,[19 21 28],170.0,154.0,185.0,158.0,173.0,168.0,183.0,198.0,194.0,194.0
20,69,5.0,0.0,3.0,[19 21 28],194.0,194.0,173.0,168.0,170.0,154.0,213.0,203.0,183.0,198.0
20,70,5.0,0.0,3.0,[19 21 28],183.0,198.0,170.0,154.0,194.0,194.0,156.0,174.0,213.0,203.0
20,71,5.0,0.0,3.0,[19 21 28],213.0,203.0,194.0,194.0,183.0,198.0,187.0,154.0,156.0,174.0
20,72,5.0,0.0,3.0,[19 21 28],156.0,174.0,183.0,198.0,213.0,203.0,258.0,189.0,187.0,154.0
20,73,5.0,0.0,3.0,[19 21 28],187.0,154.0,213.0,203.0,156.0,174.0,217.0,273.0,258.0,189.0
20,74,5.0,0.0,3.0,[19 21 28],258.0,189.0,156.0,174.0,187.0,154.0,190.0,178.0,217.0,273.0
20,75,5.0,0.0,3.0,[19 21 28],217.0,273.0,187.0,154.0,258.0,189.0,195.0,207.0,190.0,178.0
20,76,5.0,0.0,3.0,[19 21 28],190.0,178.0,258.0,189.0,217.0,273.0,182.0,186.0,195.0,207.0
20,77,5.0,0.0,3.0,[19 21 28],195.0,207.0,217.0,273.0,190.0,178.0,196.0,202.0,182.0,186.0
20,78,5.0,0.0,3.0,[19 21 28],182.0,186.0,190.0,178.0,195.0,207.0,193.0,196.0,196.0,202.0
20,79,5.0,0.0,3.0,[19 21 28],196.0,202.0,195.0,207.0,182.0,186.0,170.0,188.0,193.0,196.0
20,80,5.0,0.0,3.0,[19 21 28],193.0,196.0,182.0,186.0,196.0,202.0,173.0,139.0,170.0,188.0
20,81,5.0,0.0,3.0,[19 21 28],170.0,188.0,196.0,202.0,193.0,196.0,196.0,216.0,173.0,139.0
20,82,5.0,0.0,3.0,[19 21 28],173.0,139.0,193.0,196.0,170.0,188.0,200.0,159.0,196.0,216.0
20,83,5.0,0.0,3.0,[19 21 28],196.0,216.0,170.0,188.0,173.0,139.0,196.0,186.0,200.0,159.0
20,84,5.0,0.0,3.0,[19 21 28],200.0,159.0,173.0,139.0,196.0,216.0,199.0,142.0,196.0,186.0
20,85,5.0,0.0,3.0,[19 21 28],196.0,186.0,196.0,216.0,200.0,159.0,207.0,166.0,199.0,142.0
20,86,5.0,0.0,3.0,[19 21 28],199.0,142.0,200.0,159.0,196.0,186.0,226.0,246.0,207.0,166.0
20,87,5.0,0.0,3.0,[19 21 28],207.0,166.0,196.0,186.0,199.0,142.0,226.0,217.0,226.0,246.0
20,88,5.0,0.0,3.0,[19 21 28],226.0,246.0,199.0,142.0,207.0,166.0,215.0,198.0,226.0,217.0
20,89,5.0,0.0,3.0,[19 21 28],226.0,217.0,207.0,166.0,226.0,246.0,265.0,221.0,215.0,198.0
20,90,5.0,0.0,3.0,[19 21 28],215.0,198.0,226.0,246.0,226.0,217.0,229.0,223.0,265.0,221.0
20,91,5.0,0.0,3.0,[19 21 28],265.0,221.0,226.0,217.0,215.0,198.0,309.0,213.0,229.0,223.0
20,92,5.0,0.0,3.0,[19 21 28],229.0,223.0,215.0,198.0,265.0,221.0,215.0,216.0,309.0,213.0
20,93,5.0,0.0,3.0,[19 21 28],309.0,213.0,265.0,221.0,229.0,223.0,236.0,239.0,215.0,216.0
20,94,5.0,0.0,3.0,[19 21 28],215.0,216.0,229.0,223.0,309.0,213.0,172.0,240.0,236.0,239.0
20,95,5.0,0.0,3.0,[19 21 28],236.0,239.0,309.0,213.0,215.0,216.0,251.0,271.0,172.0,240.0
20,96,5.0,0.0,3.0,[19 21 28],172.0,240.0,215.0,216.0,236.0,239.0,296.0,312.0,251.0,271.0
20,97,5.0,0.0,3.0,[19 21 28],251.0,271.0,236.0,239.0,172.0,240.0,223.0,244.0,296.0,312.0
20,98,5.0,0.0,3.0,[19 21 28],296.0,312.0,172.0,240.0,251.0,271.0,282.0,253.0,223.0,244.0
20,99,5.0,0.0,3.0,[19 21 28],223.0,244.0,251.0,271.0,296.0,312.0,284.0,327.0,282.0,253.0
20,100,5.0,0.0,3.0,[19 21 28],282.0,253.0,296.0,312.0,223.0,244.0,323.0,175.0,284.0,327.0
20,101,5.0,0.0,3.0,[19 21 28],284.0,327.0,223.0,244.0,282.0,253.0,307.0,392.0,323.0,175.0
20,102,5.0,0.0,3.0,[19 21 28],323.0,175.0,282.0,253.0,284.0,327.0,303.0,332.0,307.0,392.0
20,103,5.0,0.0,3.0,[19 21 28],307.0,392.0,284.0,327.0,323.0,175.0,275.0,507.0,303.0,332.0
20,104,5.0,0.0,3.0,[19 21 28],303.0,332.0,323.0,175.0,307.0,392.0,342.0,530.0,275.0,507.0
20,105,5.0,0.0,3.0,[19 21 28],275.0,507.0,307.0,392.0,303.0,332.0,288.0,559.0,342.0,530.0
20,106,5.0,0.0,3.0,[19 21 28],342.0,530.0,303.0,332.0,275.0,507.0,309.0,603.0,288.0,559.0
20,107,5.0,0.0,3.0,[19 21 28],288.0,559.0,275.0,507.0,342.0,530.0,273.0,669.0,309.0,603.0
20,108,5.0,0.0,3.0,[19 21 28],309.0,603.0,342.0,530.0,288.0,559.0,267.0,659.0,273.0,669.0
20,109,5.0,0.0,3.0,[19 21 28],273.0,669.0,288.0,559.0,309.0,603.0,194.0,544.0,267.0,659.0
20,110,5.0,0.0,3.0,[19 21 28],267.0,659.0,309.0,603.0,273.0,669.0,201.0,679.0,194.0,544.0
20,111,5.0,0.0,3.0,[19 21 28],194.0,544.0,273.0,669.0,267.0,659.0,178.0,508.0,201.0,679.0
20,112,5.0,0.0,3.0,[19 21 28],201.0,679.0,267.0,659.0,194.0,544.0,219.0,442.0,178.0,508.0
20,113,5.0,0.0,3.0,[19 21 28],178.0,508.0,194.0,544.0,201.0,679.0,175.0,313.0,219.0,442.0
20,114,5.0,0.0,3.0,[19 21 28],219.0,442.0,201.0,679.0,178.0,508.0,145.0,373.0,175.0,313.0
20,115,5.0,0.0,3.0,[19 21 28],175.0,313.0,178.0,508.0,219.0,442.0,161.0,351.0,145.0,373.0
20,116,5.0,0.0,3.0,[19 21 28],145.0,373.0,219.0,442.0,175.0,313.0,176.0,276.0,161.0,351.0
20,117,5.0,0.0,3.0,[19 21 28],161.0,351.0,175.0,313.0,145.0,373.0,195.0,271.0,176.0,276.0
20,118,5.0,0.0,3.0,[19 21 28],176.0,276.0,145.0,373.0,161.0,351.0,145.0,368.0,195.0,271.0
20,119,5.0,0.0,3.0,[19 21 28],195.0,271.0,161.0,351.0,176.0,276.0,143.0,218.0,145.0,368.0
20,120,5.0,0.0,3.0,[19 21 28],145.0,368.0,176.0,276.0,195.0,271.0,104.0,252.0,143.0,218.0
20,121,5.0,0.0,3.0,[19 21 28],143.0,218.0,195.0,271.0,145.0,368.0,112.0,243.0,104.0,252.0
20,122,5.0,0.0,3.0,[19 21 28],104.0,252.0,145.0,368.0,143.0,218.0,143.0,258.0,112.0,243.0
20,123,5.0,0.0,3.0,[19 21 28],112.0,243.0,143.0,218.0,104.0,252.0,109.0,240.0,143.0,258.0
20,124,5.0,0.0,3.0,[19 21 28],143.0,258.0,104.0,252.0,112.0,243.0,142.0,199.0,109.0,240.0
20,125,5.0,0.0,3.0,[19 21 28],109.0,240.0,112.0,243.0,143.0,258.0,119.0,257.0,142.0,199.0
20,126,5.0,0.0,3.0,[19 21 28],142.0,199.0,143.0,258.0,109.0,240.0,94.0,282.0,119.0,257.0
20,127,5.0,0.0,3.0,[19 21 28],119.0,257.0,109.0,240.0,142.0,199.0,107.0,215.0,94.0,282.0
20,128,5.0,0.0,3.0,[19 21 28],94.0,282.0,142.0,199.0,119.0,257.0,86.0,235.0,107.0,215.0
20,129,5.0,0.0,3.0,[19 21 28],107.0,215.0,119.0,257.0,94.0,282.0,69.0,228.0,86.0,235.0
20,130,5.0,0.0,3.0,[19 21 28],86.0,235.0,94.0,282.0,107.0,215.0,68.0,224.0,69.0,228.0
20,131,5.0,0.0,3.0,[19 21 28],69.0,228.0,107.0,215.0,86.0,235.0,65.0,186.0,68.0,224.0
20,132,5.0,0.0,3.0,[19 21 28],68.0,224.0,86.0,235.0,69.0,228.0,51.0,178.0,65.0,186.0
20,133,5.0,0.0,3.0,[19 21 28],65.0,186.0,69.0,228.0,68.0,224.0,44.0,143.0,51.0,178.0
20,134,5.0,0.0,3.0,[19 21 28],51.0,178.0,68.0,224.0,65.0,186.0,31.0,218.0,44.0,143.0
20,135,5.0,0.0,3.0,[19 21 28],44.0,143.0,65.0,186.0,51.0,178.0,20.0,135.0,31.0,218.0
20,136,5.0,0.0,3.0,[19 21 28],31.0,218.0,51.0,178.0,44.0,143.0,10.0,97.0,20.0,135.0
20,137,5.0,0.0,3.0,[19 21 28],20.0,135.0,44.0,143.0,31.0,218.0,5.0,158.0,10.0,97.0
20,138,5.0,0.0,3.0,[19 21 28],10.0,97.0,31.0,218.0,20.0,135.0,7.0,92.0,5.0,158.0
20,139,5.0,0.0,3.0,[19 21 28],5.0,158.0,20.0,135.0,10.0,97.0,1.0,5.0,7.0,92.0
20,140,5.0,0.0,3.0,[19 21 28],7.0,92.0,10.0,97.0,5.0,158.0,1.0,64.0,1.0,5.0
20,141,5.0,0.0,3.0,[19 21 28],1.0,5.0,5.0,158.0,7.0,92.0,0.0,0.0,1.0,64.0
20,142,5.0,0.0,3.0,[19 21 28],1.0,64.0,7.0,92.0,1.0,5.0,0.0,0.0,0.0,0.0
20,143,5.0,0.0,3.0,[19 21 28],0.0,0.0,1.0,5.0,1.0,64.0,0.0,0.0,0.0,0.0
21,0,5.0,0.0,2.0,[20 22],0.0,0.0,0.0,0.0,0.0,0.0,0.0,0.0,0.0,0.0
21,1,5.0,0.0,2.0,[20 22],0.0,0.0,0.0,0.0,0.0,0.0,0.0,0.0,0.0,0.0
21,2,5.0,0.0,2.0,[20 22],0.0,0.0,0.0,0.0,0.0,0.0,0.0,0.0,0.0,0.0
21,3,5.0,0.0,2.0,[20 22],0.0,0.0,0.0,0.0,0.0,0.0,0.0,0.0,0.0,0.0
21,4,5.0,0.0,2.0,[20 22],0.0,0.0,0.0,0.0,0.0,0.0,0.0,0.0,0.0,0.0
21,5,5.0,0.0,2.0,[20 22],0.0,0.0,0.0,0.0,0.0,0.0,0.0,0.0,0.0,0.0
21,6,5.0,0.0,2.0,[20 22],0.0,0.0,0.0,0.0,0.0,0.0,0.0,0.0,0.0,0.0
21,7,5.0,0.0,2.0,[20 22],0.0,0.0,0.0,0.0,0.0,0.0,0.0,0.0,0.0,0.0
21,8,5.0,0.0,2.0,[20 22],0.0,0.0,0.0,0.0,0.0,0.0,0.0,0.0,0.0,0.0
21,9,5.0,0.0,2.0,[20 22],0.0,0.0,0.0,0.0,0.0,0.0,0.0,0.0,0.0,0.0
21,10,5.0,0.0,2.0,[20 22],0.0,0.0,0.0,0.0,0.0,0.0,0.0,0.0,0.0,0.0
21,11,5.0,0.0,2.0,[20 22],0.0,0.0,0.0,0.0,0.0,0.0,0.0,0.0,0.0,0.0
21,12,5.0,0.0,2.0,[20 22],0.0,0.0,0.0,0.0,0.0,0.0,0.0,0.0,0.0,0.0
21,13,5.0,0.0,2.0,[20 22],0.0,0.0,0.0,0.0,0.0,0.0,0.0,0.0,0.0,0.0
21,14,5.0,0.0,2.0,[20 22],0.0,0.0,0.0,0.0,0.0,0.0,0.0,0.0,0.0,0.0
21,15,5.0,0.0,2.0,[20 22],0.0,0.0,0.0,0.0,0.0,0.0,0.0,0.0,0.0,0.0
21,16,5.0,0.0,2.0,[20 22],0.0,0.0,0.0,0.0,0.0,0.0,0.0,0.0,0.0,0.0
21,17,5.0,0.0,2.0,[20 22],0.0,0.0,0.0,0.0,0.0,0.0,0.0,0.0,0.0,0.0
21,18,5.0,0.0,2.0,[20 22],0.0,0.0,0.0,0.0,0.0,0.0,0.0,0.0,0.0,0.0
21,19,5.0,0.0,2.0,[20 22],0.0,0.0,0.0,0.0,0.0,0.0,0.0,0.0,0.0,0.0
21,20,5.0,0.0,2.0,[20 22],0.0,0.0,0.0,0.0,0.0,0.0,0.0,0.0,0.0,0.0
21,21,5.0,0.0,2.0,[20 22],0.0,0.0,0.0,0.0,0.0,0.0,0.0,0.0,0.0,0.0
21,22,5.0,0.0,2.0,[20 22],0.0,0.0,0.0,0.0,0.0,0.0,0.0,0.0,0.0,0.0
21,23,5.0,0.0,2.0,[20 22],0.0,0.0,0.0,0.0,0.0,0.0,0.0,0.0,0.0,0.0
21,24,5.0,0.0,2.0,[20 22],0.0,0.0,0.0,0.0,0.0,0.0,0.0,0.0,0.0,0.0
21,25,5.0,0.0,2.0,[20 22],0.0,0.0,0.0,0.0,0.0,0.0,0.0,0.0,0.0,0.0
21,26,5.0,0.0,2.0,[20 22],0.0,0.0,0.0,0.0,0.0,0.0,0.0,0.0,0.0,0.0
21,27,5.0,0.0,2.0,[20 22],0.0,0.0,0.0,0.0,0.0,0.0,0.0,0.0,0.0,0.0
21,28,5.0,0.0,2.0,[20 22],0.0,0.0,0.0,0.0,0.0,0.0,0.0,0.0,0.0,0.0
21,29,5.0,0.0,2.0,[20 22],0.0,0.0,0.0,0.0,0.0,0.0,0.0,0.0,0.0,0.0
21,30,5.0,0.0,2.0,[20 22],0.0,0.0,0.0,0.0,0.0,0.0,0.0,0.0,0.0,0.0
21,31,5.0,0.0,2.0,[20 22],0.0,0.0,0.0,0.0,0.0,0.0,0.0,0.0,0.0,0.0
21,32,5.0,0.0,2.0,[20 22],0.0,0.0,0.0,0.0,0.0,0.0,0.0,0.0,0.0,0.0
21,33,5.0,0.0,2.0,[20 22],0.0,0.0,0.0,0.0,0.0,0.0,5.0,0.0,0.0,0.0
21,34,5.0,0.0,2.0,[20 22],0.0,0.0,0.0,0.0,0.0,0.0,14.0,0.0,5.0,0.0
21,35,5.0,0.0,2.0,[20 22],5.0,0.0,0.0,0.0,0.0,0.0,27.0,1.0,14.0,0.0
21,36,5.0,0.0,2.0,[20 22],14.0,0.0,0.0,0.0,5.0,0.0,32.0,3.0,27.0,1.0
21,37,5.0,0.0,2.0,[20 22],27.0,1.0,5.0,0.0,14.0,0.0,39.0,0.0,32.0,3.0
21,38,5.0,0.0,2.0,[20 22],32.0,3.0,14.0,0.0,27.0,1.0,37.0,2.0,39.0,0.0
21,39,5.0,0.0,2.0,[20 22],39.0,0.0,27.0,1.0,32.0,3.0,69.0,3.0,37.0,2.0
21,40,5.0,0.0,2.0,[20 22],37.0,2.0,32.0,3.0,39.0,0.0,93.0,9.0,69.0,3.0
21,41,5.0,0.0,2.0,[20 22],69.0,3.0,39.0,0.0,37.0,2.0,94.0,19.0,93.0,9.0
21,42,5.0,0.0,2.0,[20 22],93.0,9.0,37.0,2.0,69.0,3.0,115.0,35.0,94.0,19.0
21,43,5.0,0.0,2.0,[20 22],94.0,19.0,69.0,3.0,93.0,9.0,241.0,33.0,115.0,35.0
21,44,5.0,0.0,2.0,[20 22],115.0,35.0,93.0,9.0,94.0,19.0,275.0,63.0,241.0,33.0
21,45,5.0,0.0,2.0,[20 22],241.0,33.0,94.0,19.0,115.0,35.0,312.0,47.0,275.0,63.0
21,46,5.0,0.0,2.0,[20 22],275.0,63.0,115.0,35.0,241.0,33.0,316.0,70.0,312.0,47.0
21,47,5.0,0.0,2.0,[20 22],312.0,47.0,241.0,33.0,275.0,63.0,294.0,105.0,316.0,70.0
21,48,5.0,0.0,2.0,[20 22],316.0,70.0,275.0,63.0,312.0,47.0,297.0,193.0,294.0,105.0
21,49,5.0,0.0,2.0,[20 22],294.0,105.0,312.0,47.0,316.0,70.0,256.0,184.0,297.0,193.0
21,50,5.0,0.0,2.0,[20 22],297.0,193.0,316.0,70.0,294.0,105.0,194.0,198.0,256.0,184.0
21,51,5.0,0.0,2.0,[20 22],256.0,184.0,294.0,105.0,297.0,193.0,137.0,109.0,194.0,198.0
21,52,5.0,0.0,2.0,[20 22],194.0,198.0,297.0,193.0,256.0,184.0,99.0,94.0,137.0,109.0
21,53,5.0,0.0,2.0,[20 22],137.0,109.0,256.0,184.0,194.0,198.0,84.0,70.0,99.0,94.0
21,54,5.0,0.0,2.0,[20 22],99.0,94.0,194.0,198.0,137.0,109.0,81.0,91.0,84.0,70.0
21,55,5.0,0.0,2.0,[20 22],84.0,70.0,137.0,109.0,99.0,94.0,58.0,82.0,81.0,91.0
21,56,5.0,0.0,2.0,[20 22],81.0,91.0,99.0,94.0,84.0,70.0,62.0,55.0,58.0,82.0
21,57,5.0,0.0,2.0,[20 22],58.0,82.0,84.0,70.0,81.0,91.0,43.0,68.0,62.0,55.0
21,58,5.0,0.0,2.0,[20 22],62.0,55.0,81.0,91.0,58.0,82.0,44.0,45.0,43.0,68.0
21,59,5.0,0.0,2.0,[20 22],43.0,68.0,58.0,82.0,62.0,55.0,46.0,41.0,44.0,45.0
21,60,5.0,0.0,2.0,[20 22],44.0,45.0,62.0,55.0,43.0,68.0,36.0,25.0,46.0,41.0
21,61,5.0,0.0,2.0,[20 22],46.0,41.0,43.0,68.0,44.0,45.0,46.0,30.0,36.0,25.0
21,62,5.0,0.0,2.0,[20 22],36.0,25.0,44.0,45.0,46.0,41.0,36.0,26.0,46.0,30.0
21,63,5.0,0.0,2.0,[20 22],46.0,30.0,46.0,41.0,36.0,25.0,31.0,32.0,36.0,26.0
21,64,5.0,0.0,2.0,[20 22],36.0,26.0,36.0,25.0,46.0,30.0,26.0,21.0,31.0,32.0
21,65,5.0,0.0,2.0,[20 22],31.0,32.0,46.0,30.0,36.0,26.0,38.0,44.0,26.0,21.0
21,66,5.0,0.0,2.0,[20 22],26.0,21.0,36.0,26.0,31.0,32.0,31.0,24.0,38.0,44.0
21,67,5.0,0.0,2.0,[20 22],38.0,44.0,31.0,32.0,26.0,21.0,48.0,41.0,31.0,24.0
21,68,5.0,0.0,2.0,[20 22],31.0,24.0,26.0,21.0,38.0,44.0,49.0,32.0,48.0,41.0
21,69,5.0,0.0,2.0,[20 22],48.0,41.0,38.0,44.0,31.0,24.0,44.0,25.0,49.0,32.0
21,70,5.0,0.0,2.0,[20 22],49.0,32.0,31.0,24.0,48.0,41.0,40.0,24.0,44.0,25.0
21,71,5.0,0.0,2.0,[20 22],44.0,25.0,48.0,41.0,49.0,32.0,43.0,21.0,40.0,24.0
21,72,5.0,0.0,2.0,[20 22],40.0,24.0,49.0,32.0,44.0,25.0,54.0,23.0,43.0,21.0
21,73,5.0,0.0,2.0,[20 22],43.0,21.0,44.0,25.0,40.0,24.0,62.0,26.0,54.0,23.0
21,74,5.0,0.0,2.0,[20 22],54.0,23.0,40.0,24.0,43.0,21.0,29.0,31.0,62.0,26.0
21,75,5.0,0.0,2.0,[20 22],62.0,26.0,43.0,21.0,54.0,23.0,39.0,29.0,29.0,31.0
21,76,5.0,0.0,2.0,[20 22],29.0,31.0,54.0,23.0,62.0,26.0,35.0,49.0,39.0,29.0
21,77,5.0,0.0,2.0,[20 22],39.0,29.0,62.0,26.0,29.0,31.0,43.0,31.0,35.0,49.0
21,78,5.0,0.0,2.0,[20 22],35.0,49.0,29.0,31.0,39.0,29.0,49.0,29.0,43.0,31.0
21,79,5.0,0.0,2.0,[20 22],43.0,31.0,39.0,29.0,35.0,49.0,30.0,27.0,49.0,29.0
21,80,5.0,0.0,2.0,[20 22],49.0,29.0,35.0,49.0,43.0,31.0,31.0,26.0,30.0,27.0
21,81,5.0,0.0,2.0,[20 22],30.0,27.0,43.0,31.0,49.0,29.0,39.0,29.0,31.0,26.0
21,82,5.0,0.0,2.0,[20 22],31.0,26.0,49.0,29.0,30.0,27.0,36.0,30.0,39.0,29.0
21,83,5.0,0.0,2.0,[20 22],39.0,29.0,30.0,27.0,31.0,26.0,43.0,35.0,36.0,30.0
21,84,5.0,0.0,2.0,[20 22],36.0,30.0,31.0,26.0,39.0,29.0,33.0,24.0,43.0,35.0
21,85,5.0,0.0,2.0,[20 22],43.0,35.0,39.0,29.0,36.0,30.0,35.0,56.0,33.0,24.0
21,86,5.0,0.0,2.0,[20 22],33.0,24.0,36.0,30.0,43.0,35.0,45.0,36.0,35.0,56.0
21,87,5.0,0.0,2.0,[20 22],35.0,56.0,43.0,35.0,33.0,24.0,30.0,40.0,45.0,36.0
21,88,5.0,0.0,2.0,[20 22],45.0,36.0,33.0,24.0,35.0,56.0,31.0,19.0,30.0,40.0
21,89,5.0,0.0,2.0,[20 22],30.0,40.0,35.0,56.0,45.0,36.0,34.0,38.0,31.0,19.0
21,90,5.0,0.0,2.0,[20 22],31.0,19.0,45.0,36.0,30.0,40.0,58.0,35.0,34.0,38.0
21,91,5.0,0.0,2.0,[20 22],34.0,38.0,30.0,40.0,31.0,19.0,44.0,52.0,58.0,35.0
21,92,5.0,0.0,2.0,[20 22],58.0,35.0,31.0,19.0,34.0,38.0,35.0,59.0,44.0,52.0
21,93,5.0,0.0,2.0,[20 22],44.0,52.0,34.0,38.0,58.0,35.0,48.0,41.0,35.0,59.0
21,94,5.0,0.0,2.0,[20 22],35.0,59.0,58.0,35.0,44.0,52.0,53.0,63.0,48.0,41.0
21,95,5.0,0.0,2.0,[20 22],48.0,41.0,44.0,52.0,35.0,59.0,47.0,64.0,53.0,63.0
21,96,5.0,0.0,2.0,[20 22],53.0,63.0,35.0,59.0,48.0,41.0,35.0,63.0,47.0,64.0
21,97,5.0,0.0,2.0,[20 22],47.0,64.0,48.0,41.0,53.0,63.0,50.0,54.0,35.0,63.0
21,98,5.0,0.0,2.0,[20 22],35.0,63.0,53.0,63.0,47.0,64.0,64.0,38.0,50.0,54.0
21,99,5.0,0.0,2.0,[20 22],50.0,54.0,47.0,64.0,35.0,63.0,46.0,52.0,64.0,38.0
21,100,5.0,0.0,2.0,[20 22],64.0,38.0,35.0,63.0,50.0,54.0,82.0,55.0,46.0,52.0
21,101,5.0,0.0,2.0,[20 22],46.0,52.0,50.0,54.0,64.0,38.0,110.0,76.0,82.0,55.0
21,102,5.0,0.0,2.0,[20 22],82.0,55.0,64.0,38.0,46.0,52.0,98.0,53.0,110.0,76.0
21,103,5.0,0.0,2.0,[20 22],110.0,76.0,46.0,52.0,82.0,55.0,74.0,158.0,98.0,53.0
21,104,5.0,0.0,2.0,[20 22],98.0,53.0,82.0,55.0,110.0,76.0,95.0,78.0,74.0,158.0
21,105,5.0,0.0,2.0,[20 22],74.0,158.0,110.0,76.0,98.0,53.0,94.0,131.0,95.0,78.0
21,106,5.0,0.0,2.0,[20 22],95.0,78.0,98.0,53.0,74.0,158.0,78.0,165.0,94.0,131.0
21,107,5.0,0.0,2.0,[20 22],94.0,131.0,74.0,158.0,95.0,78.0,108.0,195.0,78.0,165.0
21,108,5.0,0.0,2.0,[20 22],78.0,165.0,95.0,78.0,94.0,131.0,138.0,169.0,108.0,195.0
21,109,5.0,0.0,2.0,[20 22],108.0,195.0,94.0,131.0,78.0,165.0,91.0,212.0,138.0,169.0
21,110,5.0,0.0,2.0,[20 22],138.0,169.0,78.0,165.0,108.0,195.0,85.0,164.0,91.0,212.0
21,111,5.0,0.0,2.0,[20 22],91.0,212.0,108.0,195.0,138.0,169.0,60.0,115.0,85.0,164.0
21,112,5.0,0.0,2.0,[20 22],85.0,164.0,138.0,169.0,91.0,212.0,48.0,220.0,60.0,115.0
21,113,5.0,0.0,2.0,[20 22],60.0,115.0,91.0,212.0,85.0,164.0,52.0,100.0,48.0,220.0
21,114,5.0,0.0,2.0,[20 22],48.0,220.0,85.0,164.0,60.0,115.0,46.0,69.0,52.0,100.0
21,115,5.0,0.0,2.0,[20 22],52.0,100.0,60.0,115.0,48.0,220.0,36.0,91.0,46.0,69.0
21,116,5.0,0.0,2.0,[20 22],46.0,69.0,48.0,220.0,52.0,100.0,43.0,89.0,36.0,91.0
21,117,5.0,0.0,2.0,[20 22],36.0,91.0,52.0,100.0,46.0,69.0,32.0,111.0,43.0,89.0
21,118,5.0,0.0,2.0,[20 22],43.0,89.0,46.0,69.0,36.0,91.0,40.0,149.0,32.0,111.0
21,119,5.0,0.0,2.0,[20 22],32.0,111.0,36.0,91.0,43.0,89.0,33.0,100.0,40.0,149.0
21,120,5.0,0.0,2.0,[20 22],40.0,149.0,43.0,89.0,32.0,111.0,39.0,84.0,33.0,100.0
21,121,5.0,0.0,2.0,[20 22],33.0,100.0,32.0,111.0,40.0,149.0,35.0,107.0,39.0,84.0
21,122,5.0,0.0,2.0,[20 22],39.0,84.0,40.0,149.0,33.0,100.0,26.0,89.0,35.0,107.0
21,123,5.0,0.0,2.0,[20 22],35.0,107.0,33.0,100.0,39.0,84.0,31.0,88.0,26.0,89.0
21,124,5.0,0.0,2.0,[20 22],26.0,89.0,39.0,84.0,35.0,107.0,19.0,92.0,31.0,88.0
21,125,5.0,0.0,2.0,[20 22],31.0,88.0,35.0,107.0,26.0,89.0,30.0,80.0,19.0,92.0
21,126,5.0,0.0,2.0,[20 22],19.0,92.0,26.0,89.0,31.0,88.0,22.0,77.0,30.0,80.0
21,127,5.0,0.0,2.0,[20 22],30.0,80.0,31.0,88.0,19.0,92.0,25.0,74.0,22.0,77.0
21,128,5.0,0.0,2.0,[20 22],22.0,77.0,19.0,92.0,30.0,80.0,12.0,68.0,25.0,74.0
21,129,5.0,0.0,2.0,[20 22],25.0,74.0,30.0,80.0,22.0,77.0,16.0,67.0,12.0,68.0
21,130,5.0,0.0,2.0,[20 22],12.0,68.0,22.0,77.0,25.0,74.0,11.0,118.0,16.0,67.0
21,131,5.0,0.0,2.0,[20 22],16.0,67.0,25.0,74.0,12.0,68.0,12.0,65.0,11.0,118.0
21,132,5.0,0.0,2.0,[20 22],11.0,118.0,12.0,68.0,16.0,67.0,15.0,51.0,12.0,65.0
21,133,5.0,0.0,2.0,[20 22],12.0,65.0,16.0,67.0,11.0,118.0,10.0,53.0,15.0,51.0
21,134,5.0,0.0,2.0,[20 22],15.0,51.0,11.0,118.0,12.0,65.0,6.0,55.0,10.0,53.0
21,135,5.0,0.0,2.0,[20 22],10.0,53.0,12.0,65.0,15.0,51.0,5.0,46.0,6.0,55.0
21,136,5.0,0.0,2.0,[20 22],6.0,55.0,15.0,51.0,10.0,53.0,1.0,65.0,5.0,46.0
21,137,5.0,0.0,2.0,[20 22],5.0,46.0,10.0,53.0,6.0,55.0,0.0,49.0,1.0,65.0
21,138,5.0,0.0,2.0,[20 22],1.0,65.0,6.0,55.0,5.0,46.0,2.0,3.0,0.0,49.0
21,139,5.0,0.0,2.0,[20 22],0.0,49.0,5.0,46.0,1.0,65.0,1.0,26.0,2.0,3.0
21,140,5.0,0.0,2.0,[20 22],2.0,3.0,1.0,65.0,0.0,49.0,1.0,1.0,1.0,26.0
21,141,5.0,0.0,2.0,[20 22],1.0,26.0,0.0,49.0,2.0,3.0,0.0,0.0,1.0,1.0
21,142,5.0,0.0,2.0,[20 22],1.0,1.0,2.0,3.0,1.0,26.0,0.0,0.0,0.0,0.0
21,143,5.0,0.0,2.0,[20 22],0.0,0.0,1.0,26.0,1.0,1.0,0.0,0.0,0.0,0.0
22,0,5.0,0.0,2.0,[21 23],0.0,0.0,0.0,0.0,0.0,0.0,0.0,0.0,0.0,0.0
22,1,5.0,0.0,2.0,[21 23],0.0,0.0,0.0,0.0,0.0,0.0,0.0,0.0,0.0,0.0
22,2,5.0,0.0,2.0,[21 23],0.0,0.0,0.0,0.0,0.0,0.0,0.0,0.0,0.0,0.0
22,3,5.0,0.0,2.0,[21 23],0.0,0.0,0.0,0.0,0.0,0.0,0.0,0.0,0.0,0.0
22,4,5.0,0.0,2.0,[21 23],0.0,0.0,0.0,0.0,0.0,0.0,0.0,0.0,0.0,0.0
22,5,5.0,0.0,2.0,[21 23],0.0,0.0,0.0,0.0,0.0,0.0,0.0,0.0,0.0,0.0
22,6,5.0,0.0,2.0,[21 23],0.0,0.0,0.0,0.0,0.0,0.0,0.0,0.0,0.0,0.0
22,7,5.0,0.0,2.0,[21 23],0.0,0.0,0.0,0.0,0.0,0.0,0.0,0.0,0.0,0.0
22,8,5.0,0.0,2.0,[21 23],0.0,0.0,0.0,0.0,0.0,0.0,0.0,0.0,0.0,0.0
22,9,5.0,0.0,2.0,[21 23],0.0,0.0,0.0,0.0,0.0,0.0,0.0,0.0,0.0,0.0
22,10,5.0,0.0,2.0,[21 23],0.0,0.0,0.0,0.0,0.0,0.0,0.0,0.0,0.0,0.0
22,11,5.0,0.0,2.0,[21 23],0.0,0.0,0.0,0.0,0.0,0.0,0.0,0.0,0.0,0.0
22,12,5.0,0.0,2.0,[21 23],0.0,0.0,0.0,0.0,0.0,0.0,0.0,0.0,0.0,0.0
22,13,5.0,0.0,2.0,[21 23],0.0,0.0,0.0,0.0,0.0,0.0,0.0,0.0,0.0,0.0
22,14,5.0,0.0,2.0,[21 23],0.0,0.0,0.0,0.0,0.0,0.0,0.0,0.0,0.0,0.0
22,15,5.0,0.0,2.0,[21 23],0.0,0.0,0.0,0.0,0.0,0.0,0.0,0.0,0.0,0.0
22,16,5.0,0.0,2.0,[21 23],0.0,0.0,0.0,0.0,0.0,0.0,0.0,0.0,0.0,0.0
22,17,5.0,0.0,2.0,[21 23],0.0,0.0,0.0,0.0,0.0,0.0,0.0,0.0,0.0,0.0
22,18,5.0,0.0,2.0,[21 23],0.0,0.0,0.0,0.0,0.0,0.0,0.0,0.0,0.0,0.0
22,19,5.0,0.0,2.0,[21 23],0.0,0.0,0.0,0.0,0.0,0.0,0.0,0.0,0.0,0.0
22,20,5.0,0.0,2.0,[21 23],0.0,0.0,0.0,0.0,0.0,0.0,0.0,0.0,0.0,0.0
22,21,5.0,0.0,2.0,[21 23],0.0,0.0,0.0,0.0,0.0,0.0,0.0,0.0,0.0,0.0
22,22,5.0,0.0,2.0,[21 23],0.0,0.0,0.0,0.0,0.0,0.0,0.0,0.0,0.0,0.0
22,23,5.0,0.0,2.0,[21 23],0.0,0.0,0.0,0.0,0.0,0.0,0.0,0.0,0.0,0.0
22,24,5.0,0.0,2.0,[21 23],0.0,0.0,0.0,0.0,0.0,0.0,0.0,0.0,0.0,0.0
22,25,5.0,0.0,2.0,[21 23],0.0,0.0,0.0,0.0,0.0,0.0,0.0,0.0,0.0,0.0
22,26,5.0,0.0,2.0,[21 23],0.0,0.0,0.0,0.0,0.0,0.0,0.0,0.0,0.0,0.0
22,27,5.0,0.0,2.0,[21 23],0.0,0.0,0.0,0.0,0.0,0.0,0.0,0.0,0.0,0.0
22,28,5.0,0.0,2.0,[21 23],0.0,0.0,0.0,0.0,0.0,0.0,0.0,0.0,0.0,0.0
22,29,5.0,0.0,2.0,[21 23],0.0,0.0,0.0,0.0,0.0,0.0,0.0,0.0,0.0,0.0
22,30,5.0,0.0,2.0,[21 23],0.0,0.0,0.0,0.0,0.0,0.0,0.0,0.0,0.0,0.0
22,31,5.0,0.0,2.0,[21 23],0.0,0.0,0.0,0.0,0.0,0.0,0.0,0.0,0.0,0.0
22,32,5.0,0.0,2.0,[21 23],0.0,0.0,0.0,0.0,0.0,0.0,14.0,0.0,0.0,0.0
22,33,5.0,0.0,2.0,[21 23],0.0,0.0,0.0,0.0,0.0,0.0,31.0,0.0,14.0,0.0
22,34,5.0,0.0,2.0,[21 23],14.0,0.0,0.0,0.0,0.0,0.0,60.0,2.0,31.0,0.0
22,35,5.0,0.0,2.0,[21 23],31.0,0.0,0.0,0.0,14.0,0.0,84.0,2.0,60.0,2.0
22,36,5.0,0.0,2.0,[21 23],60.0,2.0,14.0,0.0,31.0,0.0,72.0,5.0,84.0,2.0
22,37,5.0,0.0,2.0,[21 23],84.0,2.0,31.0,0.0,60.0,2.0,99.0,14.0,72.0,5.0
22,38,5.0,0.0,2.0,[21 23],72.0,5.0,60.0,2.0,84.0,2.0,113.0,12.0,99.0,14.0
22,39,5.0,0.0,2.0,[21 23],99.0,14.0,84.0,2.0,72.0,5.0,148.0,36.0,113.0,12.0
22,40,5.0,0.0,2.0,[21 23],113.0,12.0,72.0,5.0,99.0,14.0,245.0,27.0,148.0,36.0
22,41,5.0,0.0,2.0,[21 23],148.0,36.0,99.0,14.0,113.0,12.0,286.0,52.0,245.0,27.0
22,42,5.0,0.0,2.0,[21 23],245.0,27.0,113.0,12.0,148.0,36.0,408.0,66.0,286.0,52.0
22,43,5.0,0.0,2.0,[21 23],286.0,52.0,148.0,36.0,245.0,27.0,610.0,63.0,408.0,66.0
22,44,5.0,0.0,2.0,[21 23],408.0,66.0,245.0,27.0,286.0,52.0,779.0,85.0,610.0,63.0
22,45,5.0,0.0,2.0,[21 23],610.0,63.0,286.0,52.0,408.0,66.0,792.0,115.0,779.0,85.0
22,46,5.0,0.0,2.0,[21 23],779.0,85.0,408.0,66.0,610.0,63.0,811.0,316.0,792.0,115.0
22,47,5.0,0.0,2.0,[21 23],792.0,115.0,610.0,63.0,779.0,85.0,820.0,197.0,811.0,316.0
22,48,5.0,0.0,2.0,[21 23],811.0,316.0,779.0,85.0,792.0,115.0,723.0,262.0,820.0,197.0
22,49,5.0,0.0,2.0,[21 23],820.0,197.0,792.0,115.0,811.0,316.0,673.0,253.0,723.0,262.0
22,50,5.0,0.0,2.0,[21 23],723.0,262.0,811.0,316.0,820.0,197.0,472.0,582.0,673.0,253.0
22,51,5.0,0.0,2.0,[21 23],673.0,253.0,820.0,197.0,723.0,262.0,329.0,239.0,472.0,582.0
22,52,5.0,0.0,2.0,[21 23],472.0,582.0,723.0,262.0,673.0,253.0,257.0,121.0,329.0,239.0
22,53,5.0,0.0,2.0,[21 23],329.0,239.0,673.0,253.0,472.0,582.0,231.0,172.0,257.0,121.0
22,54,5.0,0.0,2.0,[21 23],257.0,121.0,472.0,582.0,329.0,239.0,212.0,142.0,231.0,172.0
22,55,5.0,0.0,2.0,[21 23],231.0,172.0,329.0,239.0,257.0,121.0,190.0,162.0,212.0,142.0
22,56,5.0,0.0,2.0,[21 23],212.0,142.0,257.0,121.0,231.0,172.0,158.0,112.0,190.0,162.0
22,57,5.0,0.0,2.0,[21 23],190.0,162.0,231.0,172.0,212.0,142.0,116.0,164.0,158.0,112.0
22,58,5.0,0.0,2.0,[21 23],158.0,112.0,212.0,142.0,190.0,162.0,111.0,105.0,116.0,164.0
22,59,5.0,0.0,2.0,[21 23],116.0,164.0,190.0,162.0,158.0,112.0,104.0,91.0,111.0,105.0
22,60,5.0,0.0,2.0,[21 23],111.0,105.0,158.0,112.0,116.0,164.0,98.0,108.0,104.0,91.0
22,61,5.0,0.0,2.0,[21 23],104.0,91.0,116.0,164.0,111.0,105.0,85.0,79.0,98.0,108.0
22,62,5.0,0.0,2.0,[21 23],98.0,108.0,111.0,105.0,104.0,91.0,115.0,120.0,85.0,79.0
22,63,5.0,0.0,2.0,[21 23],85.0,79.0,104.0,91.0,98.0,108.0,102.0,152.0,115.0,120.0
22,64,5.0,0.0,2.0,[21 23],115.0,120.0,98.0,108.0,85.0,79.0,98.0,82.0,102.0,152.0
22,65,5.0,0.0,2.0,[21 23],102.0,152.0,85.0,79.0,115.0,120.0,99.0,129.0,98.0,82.0
22,66,5.0,0.0,2.0,[21 23],98.0,82.0,115.0,120.0,102.0,152.0,116.0,81.0,99.0,129.0
22,67,5.0,0.0,2.0,[21 23],99.0,129.0,102.0,152.0,98.0,82.0,112.0,99.0,116.0,81.0
22,68,5.0,0.0,2.0,[21 23],116.0,81.0,98.0,82.0,99.0,129.0,116.0,112.0,112.0,99.0
22,69,5.0,0.0,2.0,[21 23],112.0,99.0,99.0,129.0,116.0,81.0,114.0,162.0,116.0,112.0
22,70,5.0,0.0,2.0,[21 23],116.0,112.0,116.0,81.0,112.0,99.0,132.0,119.0,114.0,162.0
22,71,5.0,0.0,2.0,[21 23],114.0,162.0,112.0,99.0,116.0,112.0,132.0,127.0,132.0,119.0
22,72,5.0,0.0,2.0,[21 23],132.0,119.0,116.0,112.0,114.0,162.0,150.0,167.0,132.0,127.0
22,73,5.0,0.0,2.0,[21 23],132.0,127.0,114.0,162.0,132.0,119.0,140.0,147.0,150.0,167.0
22,74,5.0,0.0,2.0,[21 23],150.0,167.0,132.0,119.0,132.0,127.0,142.0,134.0,140.0,147.0
22,75,5.0,0.0,2.0,[21 23],140.0,147.0,132.0,127.0,150.0,167.0,151.0,121.0,142.0,134.0
22,76,5.0,0.0,2.0,[21 23],142.0,134.0,150.0,167.0,140.0,147.0,162.0,134.0,151.0,121.0
22,77,5.0,0.0,2.0,[21 23],151.0,121.0,140.0,147.0,142.0,134.0,144.0,132.0,162.0,134.0
22,78,5.0,0.0,2.0,[21 23],162.0,134.0,142.0,134.0,151.0,121.0,150.0,142.0,144.0,132.0
22,79,5.0,0.0,2.0,[21 23],144.0,132.0,151.0,121.0,162.0,134.0,122.0,172.0,150.0,142.0
22,80,5.0,0.0,2.0,[21 23],150.0,142.0,162.0,134.0,144.0,132.0,141.0,129.0,122.0,172.0
22,81,5.0,0.0,2.0,[21 23],122.0,172.0,144.0,132.0,150.0,142.0,136.0,146.0,141.0,129.0
22,82,5.0,0.0,2.0,[21 23],141.0,129.0,150.0,142.0,122.0,172.0,157.0,109.0,136.0,146.0
22,83,5.0,0.0,2.0,[21 23],136.0,146.0,122.0,172.0,141.0,129.0,161.0,135.0,157.0,109.0
22,84,5.0,0.0,2.0,[21 23],157.0,109.0,141.0,129.0,136.0,146.0,159.0,150.0,161.0,135.0
22,85,5.0,0.0,2.0,[21 23],161.0,135.0,136.0,146.0,157.0,109.0,160.0,110.0,159.0,150.0
22,86,5.0,0.0,2.0,[21 23],159.0,150.0,157.0,109.0,161.0,135.0,151.0,110.0,160.0,110.0
22,87,5.0,0.0,2.0,[21 23],160.0,110.0,161.0,135.0,159.0,150.0,153.0,131.0,151.0,110.0
22,88,5.0,0.0,2.0,[21 23],151.0,110.0,159.0,150.0,160.0,110.0,151.0,217.0,153.0,131.0
22,89,5.0,0.0,2.0,[21 23],153.0,131.0,160.0,110.0,151.0,110.0,166.0,162.0,151.0,217.0
22,90,5.0,0.0,2.0,[21 23],151.0,217.0,151.0,110.0,153.0,131.0,124.0,148.0,166.0,162.0
22,91,5.0,0.0,2.0,[21 23],166.0,162.0,153.0,131.0,151.0,217.0,144.0,138.0,124.0,148.0
22,92,5.0,0.0,2.0,[21 23],124.0,148.0,151.0,217.0,166.0,162.0,152.0,223.0,144.0,138.0
22,93,5.0,0.0,2.0,[21 23],144.0,138.0,166.0,162.0,124.0,148.0,152.0,182.0,152.0,223.0
22,94,5.0,0.0,2.0,[21 23],152.0,223.0,124.0,148.0,144.0,138.0,159.0,215.0,152.0,182.0
22,95,5.0,0.0,2.0,[21 23],152.0,182.0,144.0,138.0,152.0,223.0,151.0,227.0,159.0,215.0
22,96,5.0,0.0,2.0,[21 23],159.0,215.0,152.0,223.0,152.0,182.0,159.0,290.0,151.0,227.0
22,97,5.0,0.0,2.0,[21 23],151.0,227.0,152.0,182.0,159.0,215.0,162.0,175.0,159.0,290.0
22,98,5.0,0.0,2.0,[21 23],159.0,290.0,159.0,215.0,151.0,227.0,185.0,382.0,162.0,175.0
22,99,5.0,0.0,2.0,[21 23],162.0,175.0,151.0,227.0,159.0,290.0,192.0,288.0,185.0,382.0
22,100,5.0,0.0,2.0,[21 23],185.0,382.0,159.0,290.0,162.0,175.0,205.0,223.0,192.0,288.0
22,101,5.0,0.0,2.0,[21 23],192.0,288.0,162.0,175.0,185.0,382.0,294.0,331.0,205.0,223.0
22,102,5.0,0.0,2.0,[21 23],205.0,223.0,185.0,382.0,192.0,288.0,247.0,282.0,294.0,331.0
22,103,5.0,0.0,2.0,[21 23],294.0,331.0,192.0,288.0,205.0,223.0,301.0,434.0,247.0,282.0
22,104,5.0,0.0,2.0,[21 23],247.0,282.0,205.0,223.0,294.0,331.0,365.0,649.0,301.0,434.0
22,105,5.0,0.0,2.0,[21 23],301.0,434.0,294.0,331.0,247.0,282.0,342.0,557.0,365.0,649.0
22,106,5.0,0.0,2.0,[21 23],365.0,649.0,247.0,282.0,301.0,434.0,262.0,572.0,342.0,557.0
22,107,5.0,0.0,2.0,[21 23],342.0,557.0,301.0,434.0,365.0,649.0,310.0,791.0,262.0,572.0
22,108,5.0,0.0,2.0,[21 23],262.0,572.0,365.0,649.0,342.0,557.0,215.0,779.0,310.0,791.0
22,109,5.0,0.0,2.0,[21 23],310.0,791.0,342.0,557.0,262.0,572.0,264.0,595.0,215.0,779.0
22,110,5.0,0.0,2.0,[21 23],215.0,779.0,262.0,572.0,310.0,791.0,238.0,882.0,264.0,595.0
22,111,5.0,0.0,2.0,[21 23],264.0,595.0,310.0,791.0,215.0,779.0,204.0,770.0,238.0,882.0
22,112,5.0,0.0,2.0,[21 23],238.0,882.0,215.0,779.0,264.0,595.0,243.0,518.0,204.0,770.0
22,113,5.0,0.0,2.0,[21 23],204.0,770.0,264.0,595.0,238.0,882.0,235.0,354.0,243.0,518.0
22,114,5.0,0.0,2.0,[21 23],243.0,518.0,238.0,882.0,204.0,770.0,222.0,601.0,235.0,354.0
22,115,5.0,0.0,2.0,[21 23],235.0,354.0,204.0,770.0,243.0,518.0,204.0,351.0,222.0,601.0
22,116,5.0,0.0,2.0,[21 23],222.0,601.0,243.0,518.0,235.0,354.0,215.0,388.0,204.0,351.0
22,117,5.0,0.0,2.0,[21 23],204.0,351.0,235.0,354.0,222.0,601.0,225.0,315.0,215.0,388.0
22,118,5.0,0.0,2.0,[21 23],215.0,388.0,222.0,601.0,204.0,351.0,263.0,323.0,225.0,315.0
22,119,5.0,0.0,2.0,[21 23],225.0,315.0,204.0,351.0,215.0,388.0,273.0,413.0,263.0,323.0
22,120,5.0,0.0,2.0,[21 23],263.0,323.0,215.0,388.0,225.0,315.0,272.0,172.0,273.0,413.0
22,121,5.0,0.0,2.0,[21 23],273.0,413.0,225.0,315.0,263.0,323.0,257.0,325.0,272.0,172.0
22,122,5.0,0.0,2.0,[21 23],272.0,172.0,263.0,323.0,273.0,413.0,263.0,278.0,257.0,325.0
22,123,5.0,0.0,2.0,[21 23],257.0,325.0,273.0,413.0,272.0,172.0,224.0,259.0,263.0,278.0
22,124,5.0,0.0,2.0,[21 23],263.0,278.0,272.0,172.0,257.0,325.0,258.0,254.0,224.0,259.0
22,125,5.0,0.0,2.0,[21 23],224.0,259.0,257.0,325.0,263.0,278.0,271.0,245.0,258.0,254.0
22,126,5.0,0.0,2.0,[21 23],258.0,254.0,263.0,278.0,224.0,259.0,256.0,235.0,271.0,245.0
22,127,5.0,0.0,2.0,[21 23],271.0,245.0,224.0,259.0,258.0,254.0,251.0,214.0,256.0,235.0
22,128,5.0,0.0,2.0,[21 23],256.0,235.0,258.0,254.0,271.0,245.0,240.0,178.0,251.0,214.0
22,129,5.0,0.0,2.0,[21 23],251.0,214.0,271.0,245.0,256.0,235.0,209.0,179.0,240.0,178.0
22,130,5.0,0.0,2.0,[21 23],240.0,178.0,256.0,235.0,251.0,214.0,261.0,172.0,209.0,179.0
22,131,5.0,0.0,2.0,[21 23],209.0,179.0,251.0,214.0,240.0,178.0,163.0,186.0,261.0,172.0
22,132,5.0,0.0,2.0,[21 23],261.0,172.0,240.0,178.0,209.0,179.0,131.0,232.0,163.0,186.0
22,133,5.0,0.0,2.0,[21 23],163.0,186.0,209.0,179.0,261.0,172.0,85.0,134.0,131.0,232.0
22,134,5.0,0.0,2.0,[21 23],131.0,232.0,261.0,172.0,163.0,186.0,59.0,139.0,85.0,134.0
22,135,5.0,0.0,2.0,[21 23],85.0,134.0,163.0,186.0,131.0,232.0,27.0,127.0,59.0,139.0
22,136,5.0,0.0,2.0,[21 23],59.0,139.0,131.0,232.0,85.0,134.0,9.0,127.0,27.0,127.0
22,137,5.0,0.0,2.0,[21 23],27.0,127.0,85.0,134.0,59.0,139.0,5.0,2.0,9.0,127.0
22,138,5.0,0.0,2.0,[21 23],9.0,127.0,59.0,139.0,27.0,127.0,11.0,131.0,5.0,2.0
22,139,5.0,0.0,2.0,[21 23],5.0,2.0,27.0,127.0,9.0,127.0,1.0,94.0,11.0,131.0
22,140,5.0,0.0,2.0,[21 23],11.0,131.0,9.0,127.0,5.0,2.0,0.0,0.0,1.0,94.0
22,141,5.0,0.0,2.0,[21 23],1.0,94.0,5.0,2.0,11.0,131.0,0.0,0.0,0.0,0.0
22,142,5.0,0.0,2.0,[21 23],0.0,0.0,11.0,131.0,1.0,94.0,0.0,0.0,0.0,0.0
22,143,5.0,0.0,2.0,[21 23],0.0,0.0,1.0,94.0,0.0,0.0,0.0,0.0,0.0,0.0
23,0,5.0,0.0,2.0,[22 24],1.0,0.0,0.0,0.0,0.0,0.0,0.0,0.0,0.0,1.0
23,1,5.0,0.0,2.0,[22 24],0.0,1.0,0.0,0.0,1.0,0.0,0.0,0.0,0.0,0.0
23,2,5.0,0.0,2.0,[22 24],0.0,0.0,1.0,0.0,0.0,1.0,0.0,0.0,0.0,0.0
23,3,5.0,0.0,2.0,[22 24],0.0,0.0,0.0,1.0,0.0,0.0,0.0,0.0,0.0,0.0
23,4,5.0,0.0,2.0,[22 24],0.0,0.0,0.0,0.0,0.0,0.0,2.0,0.0,0.0,0.0
23,5,5.0,0.0,2.0,[22 24],0.0,0.0,0.0,0.0,0.0,0.0,0.0,2.0,2.0,0.0
23,6,5.0,0.0,2.0,[22 24],2.0,0.0,0.0,0.0,0.0,0.0,0.0,0.0,0.0,2.0
23,7,5.0,0.0,2.0,[22 24],0.0,2.0,0.0,0.0,2.0,0.0,0.0,0.0,0.0,0.0
23,8,5.0,0.0,2.0,[22 24],0.0,0.0,2.0,0.0,0.0,2.0,0.0,0.0,0.0,0.0
23,9,5.0,0.0,2.0,[22 24],0.0,0.0,0.0,2.0,0.0,0.0,0.0,0.0,0.0,0.0
23,10,5.0,0.0,2.0,[22 24],0.0,0.0,0.0,0.0,0.0,0.0,0.0,0.0,0.0,0.0
23,11,5.0,0.0,2.0,[22 24],0.0,0.0,0.0,0.0,0.0,0.0,0.0,0.0,0.0,0.0
23,12,5.0,0.0,2.0,[22 24],0.0,0.0,0.0,0.0,0.0,0.0,0.0,0.0,0.0,0.0
23,13,5.0,0.0,2.0,[22 24],0.0,0.0,0.0,0.0,0.0,0.0,0.0,0.0,0.0,0.0
23,14,5.0,0.0,2.0,[22 24],0.0,0.0,0.0,0.0,0.0,0.0,0.0,0.0,0.0,0.0
23,15,5.0,0.0,2.0,[22 24],0.0,0.0,0.0,0.0,0.0,0.0,0.0,0.0,0.0,0.0
23,16,5.0,0.0,2.0,[22 24],0.0,0.0,0.0,0.0,0.0,0.0,0.0,0.0,0.0,0.0
23,17,5.0,0.0,2.0,[22 24],0.0,0.0,0.0,0.0,0.0,0.0,2.0,0.0,0.0,0.0
23,18,5.0,0.0,2.0,[22 24],0.0,0.0,0.0,0.0,0.0,0.0,0.0,2.0,2.0,0.0
23,19,5.0,0.0,2.0,[22 24],2.0,0.0,0.0,0.0,0.0,0.0,0.0,0.0,0.0,2.0
23,20,5.0,0.0,2.0,[22 24],0.0,2.0,0.0,0.0,2.0,0.0,0.0,0.0,0.0,0.0
23,21,5.0,0.0,2.0,[22 24],0.0,0.0,2.0,0.0,0.0,2.0,0.0,0.0,0.0,0.0
23,22,5.0,0.0,2.0,[22 24],0.0,0.0,0.0,2.0,0.0,0.0,0.0,0.0,0.0,0.0
23,23,5.0,0.0,2.0,[22 24],0.0,0.0,0.0,0.0,0.0,0.0,2.0,0.0,0.0,0.0
23,24,5.0,0.0,2.0,[22 24],0.0,0.0,0.0,0.0,0.0,0.0,0.0,2.0,2.0,0.0
23,25,5.0,0.0,2.0,[22 24],2.0,0.0,0.0,0.0,0.0,0.0,0.0,0.0,0.0,2.0
23,26,5.0,0.0,2.0,[22 24],0.0,2.0,0.0,0.0,2.0,0.0,0.0,0.0,0.0,0.0
23,27,5.0,0.0,2.0,[22 24],0.0,0.0,2.0,0.0,0.0,2.0,0.0,0.0,0.0,0.0
23,28,5.0,0.0,2.0,[22 24],0.0,0.0,0.0,2.0,0.0,0.0,0.0,0.0,0.0,0.0
23,29,5.0,0.0,2.0,[22 24],0.0,0.0,0.0,0.0,0.0,0.0,0.0,0.0,0.0,0.0
23,30,5.0,0.0,2.0,[22 24],0.0,0.0,0.0,0.0,0.0,0.0,0.0,0.0,0.0,0.0
23,31,5.0,0.0,2.0,[22 24],0.0,0.0,0.0,0.0,0.0,0.0,0.0,0.0,0.0,0.0
23,32,5.0,0.0,2.0,[22 24],0.0,0.0,0.0,0.0,0.0,0.0,4.0,1.0,0.0,0.0
23,33,5.0,0.0,2.0,[22 24],0.0,0.0,0.0,0.0,0.0,0.0,13.0,0.0,4.0,1.0
23,34,5.0,0.0,2.0,[22 24],4.0,1.0,0.0,0.0,0.0,0.0,31.0,2.0,13.0,0.0
23,35,5.0,0.0,2.0,[22 24],13.0,0.0,0.0,0.0,4.0,1.0,29.0,1.0,31.0,2.0
23,36,5.0,0.0,2.0,[22 24],31.0,2.0,4.0,1.0,13.0,0.0,43.0,8.0,29.0,1.0
23,37,5.0,0.0,2.0,[22 24],29.0,1.0,13.0,0.0,31.0,2.0,54.0,13.0,43.0,8.0
23,38,5.0,0.0,2.0,[22 24],43.0,8.0,31.0,2.0,29.0,1.0,61.0,20.0,54.0,13.0
23,39,5.0,0.0,2.0,[22 24],54.0,13.0,29.0,1.0,43.0,8.0,93.0,36.0,61.0,20.0
23,40,5.0,0.0,2.0,[22 24],61.0,20.0,43.0,8.0,54.0,13.0,110.0,32.0,93.0,36.0
23,41,5.0,0.0,2.0,[22 24],93.0,36.0,54.0,13.0,61.0,20.0,168.0,34.0,110.0,32.0
23,42,5.0,0.0,2.0,[22 24],110.0,32.0,61.0,20.0,93.0,36.0,236.0,32.0,168.0,34.0
23,43,5.0,0.0,2.0,[22 24],168.0,34.0,93.0,36.0,110.0,32.0,310.0,72.0,236.0,32.0
23,44,5.0,0.0,2.0,[22 24],236.0,32.0,110.0,32.0,168.0,34.0,372.0,41.0,310.0,72.0
23,45,5.0,0.0,2.0,[22 24],310.0,72.0,168.0,34.0,236.0,32.0,382.0,67.0,372.0,41.0
23,46,5.0,0.0,2.0,[22 24],372.0,41.0,236.0,32.0,310.0,72.0,449.0,114.0,382.0,67.0
23,47,5.0,0.0,2.0,[22 24],382.0,67.0,310.0,72.0,372.0,41.0,473.0,105.0,449.0,114.0
23,48,5.0,0.0,2.0,[22 24],449.0,114.0,372.0,41.0,382.0,67.0,337.0,121.0,473.0,105.0
23,49,5.0,0.0,2.0,[22 24],473.0,105.0,382.0,67.0,449.0,114.0,312.0,163.0,337.0,121.0
23,50,5.0,0.0,2.0,[22 24],337.0,121.0,449.0,114.0,473.0,105.0,261.0,165.0,312.0,163.0
23,51,5.0,0.0,2.0,[22 24],312.0,163.0,473.0,105.0,337.0,121.0,172.0,148.0,261.0,165.0
23,52,5.0,0.0,2.0,[22 24],261.0,165.0,337.0,121.0,312.0,163.0,131.0,190.0,172.0,148.0
23,53,5.0,0.0,2.0,[22 24],172.0,148.0,312.0,163.0,261.0,165.0,134.0,106.0,131.0,190.0
23,54,5.0,0.0,2.0,[22 24],131.0,190.0,261.0,165.0,172.0,148.0,117.0,65.0,134.0,106.0
23,55,5.0,0.0,2.0,[22 24],134.0,106.0,172.0,148.0,131.0,190.0,108.0,59.0,117.0,65.0
23,56,5.0,0.0,2.0,[22 24],117.0,65.0,131.0,190.0,134.0,106.0,101.0,84.0,108.0,59.0
23,57,5.0,0.0,2.0,[22 24],108.0,59.0,134.0,106.0,117.0,65.0,56.0,55.0,101.0,84.0
23,58,5.0,0.0,2.0,[22 24],101.0,84.0,117.0,65.0,108.0,59.0,59.0,88.0,56.0,55.0
23,59,5.0,0.0,2.0,[22 24],56.0,55.0,108.0,59.0,101.0,84.0,69.0,32.0,59.0,88.0
23,60,5.0,0.0,2.0,[22 24],59.0,88.0,101.0,84.0,56.0,55.0,59.0,58.0,69.0,32.0
23,61,5.0,0.0,2.0,[22 24],69.0,32.0,56.0,55.0,59.0,88.0,53.0,50.0,59.0,58.0
23,62,5.0,0.0,2.0,[22 24],59.0,58.0,59.0,88.0,69.0,32.0,60.0,59.0,53.0,50.0
23,63,5.0,0.0,2.0,[22 24],53.0,50.0,69.0,32.0,59.0,58.0,58.0,50.0,60.0,59.0
23,64,5.0,0.0,2.0,[22 24],60.0,59.0,59.0,58.0,53.0,50.0,54.0,45.0,58.0,50.0
23,65,5.0,0.0,2.0,[22 24],58.0,50.0,53.0,50.0,60.0,59.0,67.0,67.0,54.0,45.0
23,66,5.0,0.0,2.0,[22 24],54.0,45.0,60.0,59.0,58.0,50.0,77.0,38.0,67.0,67.0
23,67,5.0,0.0,2.0,[22 24],67.0,67.0,58.0,50.0,54.0,45.0,73.0,57.0,77.0,38.0
23,68,5.0,0.0,2.0,[22 24],77.0,38.0,54.0,45.0,67.0,67.0,75.0,62.0,73.0,57.0
23,69,5.0,0.0,2.0,[22 24],73.0,57.0,67.0,67.0,77.0,38.0,77.0,39.0,75.0,62.0
23,70,5.0,0.0,2.0,[22 24],75.0,62.0,77.0,38.0,73.0,57.0,97.0,41.0,77.0,39.0
23,71,5.0,0.0,2.0,[22 24],77.0,39.0,73.0,57.0,75.0,62.0,102.0,64.0,97.0,41.0
23,72,5.0,0.0,2.0,[22 24],97.0,41.0,75.0,62.0,77.0,39.0,89.0,91.0,102.0,64.0
23,73,5.0,0.0,2.0,[22 24],102.0,64.0,77.0,39.0,97.0,41.0,125.0,57.0,89.0,91.0
23,74,5.0,0.0,2.0,[22 24],89.0,91.0,97.0,41.0,102.0,64.0,84.0,62.0,125.0,57.0
23,75,5.0,0.0,2.0,[22 24],125.0,57.0,102.0,64.0,89.0,91.0,87.0,55.0,84.0,62.0
23,76,5.0,0.0,2.0,[22 24],84.0,62.0,89.0,91.0,125.0,57.0,80.0,62.0,87.0,55.0
23,77,5.0,0.0,2.0,[22 24],87.0,55.0,125.0,57.0,84.0,62.0,91.0,52.0,80.0,62.0
23,78,5.0,0.0,2.0,[22 24],80.0,62.0,84.0,62.0,87.0,55.0,62.0,68.0,91.0,52.0
23,79,5.0,0.0,2.0,[22 24],91.0,52.0,87.0,55.0,80.0,62.0,68.0,98.0,62.0,68.0
23,80,5.0,0.0,2.0,[22 24],62.0,68.0,80.0,62.0,91.0,52.0,72.0,84.0,68.0,98.0
23,81,5.0,0.0,2.0,[22 24],68.0,98.0,91.0,52.0,62.0,68.0,82.0,100.0,72.0,84.0
23,82,5.0,0.0,2.0,[22 24],72.0,84.0,62.0,68.0,68.0,98.0,93.0,59.0,82.0,100.0
23,83,5.0,0.0,2.0,[22 24],82.0,100.0,68.0,98.0,72.0,84.0,59.0,64.0,93.0,59.0
23,84,5.0,0.0,2.0,[22 24],93.0,59.0,72.0,84.0,82.0,100.0,65.0,55.0,59.0,64.0
23,85,5.0,0.0,2.0,[22 24],59.0,64.0,82.0,100.0,93.0,59.0,73.0,74.0,65.0,55.0
23,86,5.0,0.0,2.0,[22 24],65.0,55.0,93.0,59.0,59.0,64.0,58.0,58.0,73.0,74.0
23,87,5.0,0.0,2.0,[22 24],73.0,74.0,59.0,64.0,65.0,55.0,68.0,81.0,58.0,58.0
23,88,5.0,0.0,2.0,[22 24],58.0,58.0,65.0,55.0,73.0,74.0,77.0,88.0,68.0,81.0
23,89,5.0,0.0,2.0,[22 24],68.0,81.0,73.0,74.0,58.0,58.0,85.0,82.0,77.0,88.0
23,90,5.0,0.0,2.0,[22 24],77.0,88.0,58.0,58.0,68.0,81.0,86.0,104.0,85.0,82.0
23,91,5.0,0.0,2.0,[22 24],85.0,82.0,68.0,81.0,77.0,88.0,86.0,88.0,86.0,104.0
23,92,5.0,0.0,2.0,[22 24],86.0,104.0,77.0,88.0,85.0,82.0,76.0,105.0,86.0,88.0
23,93,5.0,0.0,2.0,[22 24],86.0,88.0,85.0,82.0,86.0,104.0,73.0,85.0,76.0,105.0
23,94,5.0,0.0,2.0,[22 24],76.0,105.0,86.0,104.0,86.0,88.0,87.0,84.0,73.0,85.0
23,95,5.0,0.0,2.0,[22 24],73.0,85.0,86.0,88.0,76.0,105.0,103.0,106.0,87.0,84.0
23,96,5.0,0.0,2.0,[22 24],87.0,84.0,76.0,105.0,73.0,85.0,78.0,108.0,103.0,106.0
23,97,5.0,0.0,2.0,[22 24],103.0,106.0,73.0,85.0,87.0,84.0,85.0,86.0,78.0,108.0
23,98,5.0,0.0,2.0,[22 24],78.0,108.0,87.0,84.0,103.0,106.0,103.0,110.0,85.0,86.0
23,99,5.0,0.0,2.0,[22 24],85.0,86.0,103.0,106.0,78.0,108.0,89.0,160.0,103.0,110.0
23,100,5.0,0.0,2.0,[22 24],103.0,110.0,78.0,108.0,85.0,86.0,96.0,106.0,89.0,160.0
23,101,5.0,0.0,2.0,[22 24],89.0,160.0,85.0,86.0,103.0,110.0,130.0,152.0,96.0,106.0
23,102,5.0,0.0,2.0,[22 24],96.0,106.0,103.0,110.0,89.0,160.0,132.0,157.0,130.0,152.0
23,103,5.0,0.0,2.0,[22 24],130.0,152.0,89.0,160.0,96.0,106.0,111.0,160.0,132.0,157.0
23,104,5.0,0.0,2.0,[22 24],132.0,157.0,96.0,106.0,130.0,152.0,140.0,168.0,111.0,160.0
23,105,5.0,0.0,2.0,[22 24],111.0,160.0,130.0,152.0,132.0,157.0,135.0,359.0,140.0,168.0
23,106,5.0,0.0,2.0,[22 24],140.0,168.0,132.0,157.0,111.0,160.0,113.0,282.0,135.0,359.0
23,107,5.0,0.0,2.0,[22 24],135.0,359.0,111.0,160.0,140.0,168.0,161.0,220.0,113.0,282.0
23,108,5.0,0.0,2.0,[22 24],113.0,282.0,140.0,168.0,135.0,359.0,129.0,323.0,161.0,220.0
23,109,5.0,0.0,2.0,[22 24],161.0,220.0,135.0,359.0,113.0,282.0,103.0,301.0,129.0,323.0
23,110,5.0,0.0,2.0,[22 24],129.0,323.0,113.0,282.0,161.0,220.0,121.0,325.0,103.0,301.0
23,111,5.0,0.0,2.0,[22 24],103.0,301.0,161.0,220.0,129.0,323.0,107.0,337.0,121.0,325.0
23,112,5.0,0.0,2.0,[22 24],121.0,325.0,129.0,323.0,103.0,301.0,90.0,211.0,107.0,337.0
23,113,5.0,0.0,2.0,[22 24],107.0,337.0,103.0,301.0,121.0,325.0,104.0,166.0,90.0,211.0
23,114,5.0,0.0,2.0,[22 24],90.0,211.0,121.0,325.0,107.0,337.0,67.0,270.0,104.0,166.0
23,115,5.0,0.0,2.0,[22 24],104.0,166.0,107.0,337.0,90.0,211.0,80.0,154.0,67.0,270.0
23,116,5.0,0.0,2.0,[22 24],67.0,270.0,90.0,211.0,104.0,166.0,61.0,177.0,80.0,154.0
23,117,5.0,0.0,2.0,[22 24],80.0,154.0,104.0,166.0,67.0,270.0,69.0,156.0,61.0,177.0
23,118,5.0,0.0,2.0,[22 24],61.0,177.0,67.0,270.0,80.0,154.0,61.0,135.0,69.0,156.0
23,119,5.0,0.0,2.0,[22 24],69.0,156.0,80.0,154.0,61.0,177.0,111.0,139.0,61.0,135.0
23,120,5.0,0.0,2.0,[22 24],61.0,135.0,61.0,177.0,69.0,156.0,73.0,118.0,111.0,139.0
23,121,5.0,0.0,2.0,[22 24],111.0,139.0,69.0,156.0,61.0,135.0,109.0,119.0,73.0,118.0
23,122,5.0,0.0,2.0,[22 24],73.0,118.0,61.0,135.0,111.0,139.0,133.0,156.0,109.0,119.0
23,123,5.0,0.0,2.0,[22 24],109.0,119.0,111.0,139.0,73.0,118.0,119.0,191.0,133.0,156.0
23,124,5.0,0.0,2.0,[22 24],133.0,156.0,73.0,118.0,109.0,119.0,66.0,114.0,119.0,191.0
23,125,5.0,0.0,2.0,[22 24],119.0,191.0,109.0,119.0,133.0,156.0,106.0,119.0,66.0,114.0
23,126,5.0,0.0,2.0,[22 24],66.0,114.0,133.0,156.0,119.0,191.0,81.0,127.0,106.0,119.0
23,127,5.0,0.0,2.0,[22 24],106.0,119.0,119.0,191.0,66.0,114.0,57.0,122.0,81.0,127.0
23,128,5.0,0.0,2.0,[22 24],81.0,127.0,66.0,114.0,106.0,119.0,81.0,104.0,57.0,122.0
23,129,5.0,0.0,2.0,[22 24],57.0,122.0,106.0,119.0,81.0,127.0,70.0,129.0,81.0,104.0
23,130,5.0,0.0,2.0,[22 24],81.0,104.0,81.0,127.0,57.0,122.0,60.0,104.0,70.0,129.0
23,131,5.0,0.0,2.0,[22 24],70.0,129.0,57.0,122.0,81.0,104.0,52.0,66.0,60.0,104.0
23,132,5.0,0.0,2.0,[22 24],60.0,104.0,81.0,104.0,70.0,129.0,61.0,65.0,52.0,66.0
23,133,5.0,0.0,2.0,[22 24],52.0,66.0,70.0,129.0,60.0,104.0,53.0,90.0,61.0,65.0
23,134,5.0,0.0,2.0,[22 24],61.0,65.0,60.0,104.0,52.0,66.0,30.0,128.0,53.0,90.0
23,135,5.0,0.0,2.0,[22 24],53.0,90.0,52.0,66.0,61.0,65.0,11.0,63.0,30.0,128.0
23,136,5.0,0.0,2.0,[22 24],30.0,128.0,61.0,65.0,53.0,90.0,6.0,5.0,11.0,63.0
23,137,5.0,0.0,2.0,[22 24],11.0,63.0,53.0,90.0,30.0,128.0,1.0,40.0,6.0,5.0
23,138,5.0,0.0,2.0,[22 24],6.0,5.0,30.0,128.0,11.0,63.0,5.0,64.0,1.0,40.0
23,139,5.0,0.0,2.0,[22 24],1.0,40.0,11.0,63.0,6.0,5.0,1.0,37.0,5.0,64.0
23,140,5.0,0.0,2.0,[22 24],5.0,64.0,6.0,5.0,1.0,40.0,0.0,0.0,1.0,37.0
23,141,5.0,0.0,2.0,[22 24],1.0,37.0,1.0,40.0,5.0,64.0,0.0,0.0,0.0,0.0
23,142,5.0,0.0,2.0,[22 24],0.0,0.0,5.0,64.0,1.0,37.0,0.0,0.0,0.0,0.0
23,143,5.0,0.0,2.0,[22 24],0.0,0.0,1.0,37.0,0.0,0.0,0.0,0.0,0.0,0.0
24,0,5.0,0.0,2.0,[23 25],0.0,0.0,0.0,0.0,0.0,0.0,0.0,0.0,0.0,0.0
24,1,5.0,0.0,2.0,[23 25],0.0,0.0,0.0,0.0,0.0,0.0,1.0,1.0,0.0,0.0
24,2,5.0,0.0,2.0,[23 25],0.0,0.0,0.0,0.0,0.0,0.0,0.0,0.0,1.0,1.0
24,3,5.0,0.0,2.0,[23 25],1.0,1.0,0.0,0.0,0.0,0.0,0.0,0.0,0.0,0.0
24,4,5.0,0.0,2.0,[23 25],0.0,0.0,0.0,0.0,1.0,1.0,0.0,0.0,0.0,0.0
24,5,5.0,0.0,2.0,[23 25],0.0,0.0,1.0,1.0,0.0,0.0,0.0,0.0,0.0,0.0
24,6,5.0,0.0,2.0,[23 25],0.0,0.0,0.0,0.0,0.0,0.0,0.0,0.0,0.0,0.0
24,7,5.0,0.0,2.0,[23 25],0.0,0.0,0.0,0.0,0.0,0.0,0.0,0.0,0.0,0.0
24,8,5.0,0.0,2.0,[23 25],0.0,0.0,0.0,0.0,0.0,0.0,0.0,0.0,0.0,0.0
24,9,5.0,0.0,2.0,[23 25],0.0,0.0,0.0,0.0,0.0,0.0,0.0,0.0,0.0,0.0
24,10,5.0,0.0,2.0,[23 25],0.0,0.0,0.0,0.0,0.0,0.0,0.0,0.0,0.0,0.0
24,11,5.0,0.0,2.0,[23 25],0.0,0.0,0.0,0.0,0.0,0.0,0.0,0.0,0.0,0.0
24,12,5.0,0.0,2.0,[23 25],0.0,0.0,0.0,0.0,0.0,0.0,0.0,0.0,0.0,0.0
24,13,5.0,0.0,2.0,[23 25],0.0,0.0,0.0,0.0,0.0,0.0,0.0,0.0,0.0,0.0
24,14,5.0,0.0,2.0,[23 25],0.0,0.0,0.0,0.0,0.0,0.0,0.0,0.0,0.0,0.0
24,15,5.0,0.0,2.0,[23 25],0.0,0.0,0.0,0.0,0.0,0.0,0.0,0.0,0.0,0.0
24,16,5.0,0.0,2.0,[23 25],0.0,0.0,0.0,0.0,0.0,0.0,0.0,0.0,0.0,0.0
24,17,5.0,0.0,2.0,[23 25],0.0,0.0,0.0,0.0,0.0,0.0,0.0,0.0,0.0,0.0
24,18,5.0,0.0,2.0,[23 25],0.0,0.0,0.0,0.0,0.0,0.0,0.0,0.0,0.0,0.0
24,19,5.0,0.0,2.0,[23 25],0.0,0.0,0.0,0.0,0.0,0.0,0.0,0.0,0.0,0.0
24,20,5.0,0.0,2.0,[23 25],0.0,0.0,0.0,0.0,0.0,0.0,0.0,0.0,0.0,0.0
24,21,5.0,0.0,2.0,[23 25],0.0,0.0,0.0,0.0,0.0,0.0,0.0,0.0,0.0,0.0
24,22,5.0,0.0,2.0,[23 25],0.0,0.0,0.0,0.0,0.0,0.0,0.0,0.0,0.0,0.0
24,23,5.0,0.0,2.0,[23 25],0.0,0.0,0.0,0.0,0.0,0.0,0.0,0.0,0.0,0.0
24,24,5.0,0.0,2.0,[23 25],0.0,0.0,0.0,0.0,0.0,0.0,0.0,0.0,0.0,0.0
24,25,5.0,0.0,2.0,[23 25],0.0,0.0,0.0,0.0,0.0,0.0,0.0,0.0,0.0,0.0
24,26,5.0,0.0,2.0,[23 25],0.0,0.0,0.0,0.0,0.0,0.0,0.0,0.0,0.0,0.0
24,27,5.0,0.0,2.0,[23 25],0.0,0.0,0.0,0.0,0.0,0.0,0.0,0.0,0.0,0.0
24,28,5.0,0.0,2.0,[23 25],0.0,0.0,0.0,0.0,0.0,0.0,0.0,0.0,0.0,0.0
24,29,5.0,0.0,2.0,[23 25],0.0,0.0,0.0,0.0,0.0,0.0,0.0,0.0,0.0,0.0
24,30,5.0,0.0,2.0,[23 25],0.0,0.0,0.0,0.0,0.0,0.0,0.0,0.0,0.0,0.0
24,31,5.0,0.0,2.0,[23 25],0.0,0.0,0.0,0.0,0.0,0.0,0.0,0.0,0.0,0.0
24,32,5.0,0.0,2.0,[23 25],0.0,0.0,0.0,0.0,0.0,0.0,4.0,0.0,0.0,0.0
24,33,5.0,0.0,2.0,[23 25],0.0,0.0,0.0,0.0,0.0,0.0,27.0,0.0,4.0,0.0
24,34,5.0,0.0,2.0,[23 25],4.0,0.0,0.0,0.0,0.0,0.0,22.0,5.0,27.0,0.0
24,35,5.0,0.0,2.0,[23 25],27.0,0.0,0.0,0.0,4.0,0.0,37.0,2.0,22.0,5.0
24,36,5.0,0.0,2.0,[23 25],22.0,5.0,4.0,0.0,27.0,0.0,51.0,4.0,37.0,2.0
24,37,5.0,0.0,2.0,[23 25],37.0,2.0,27.0,0.0,22.0,5.0,67.0,36.0,51.0,4.0
24,38,5.0,0.0,2.0,[23 25],51.0,4.0,22.0,5.0,37.0,2.0,80.0,21.0,67.0,36.0
24,39,5.0,0.0,2.0,[23 25],67.0,36.0,37.0,2.0,51.0,4.0,137.0,62.0,80.0,21.0
24,40,5.0,0.0,2.0,[23 25],80.0,21.0,51.0,4.0,67.0,36.0,211.0,63.0,137.0,62.0
24,41,5.0,0.0,2.0,[23 25],137.0,62.0,67.0,36.0,80.0,21.0,377.0,60.0,211.0,63.0
24,42,5.0,0.0,2.0,[23 25],211.0,63.0,80.0,21.0,137.0,62.0,422.0,98.0,377.0,60.0
24,43,5.0,0.0,2.0,[23 25],377.0,60.0,137.0,62.0,211.0,63.0,436.0,164.0,422.0,98.0
24,44,5.0,0.0,2.0,[23 25],422.0,98.0,211.0,63.0,377.0,60.0,426.0,280.0,436.0,164.0
24,45,5.0,0.0,2.0,[23 25],436.0,164.0,377.0,60.0,422.0,98.0,438.0,199.0,426.0,280.0
24,46,5.0,0.0,2.0,[23 25],426.0,280.0,422.0,98.0,436.0,164.0,402.0,224.0,438.0,199.0
24,47,5.0,0.0,2.0,[23 25],438.0,199.0,436.0,164.0,426.0,280.0,455.0,381.0,402.0,224.0
24,48,5.0,0.0,2.0,[23 25],402.0,224.0,426.0,280.0,438.0,199.0,308.0,193.0,455.0,381.0
24,49,5.0,0.0,2.0,[23 25],455.0,381.0,438.0,199.0,402.0,224.0,300.0,200.0,308.0,193.0
24,50,5.0,0.0,2.0,[23 25],308.0,193.0,402.0,224.0,455.0,381.0,224.0,232.0,300.0,200.0
24,51,5.0,0.0,2.0,[23 25],300.0,200.0,455.0,381.0,308.0,193.0,187.0,160.0,224.0,232.0
24,52,5.0,0.0,2.0,[23 25],224.0,232.0,308.0,193.0,300.0,200.0,180.0,151.0,187.0,160.0
24,53,5.0,0.0,2.0,[23 25],187.0,160.0,300.0,200.0,224.0,232.0,172.0,110.0,180.0,151.0
24,54,5.0,0.0,2.0,[23 25],180.0,151.0,224.0,232.0,187.0,160.0,184.0,182.0,172.0,110.0
24,55,5.0,0.0,2.0,[23 25],172.0,110.0,187.0,160.0,180.0,151.0,167.0,86.0,184.0,182.0
24,56,5.0,0.0,2.0,[23 25],184.0,182.0,180.0,151.0,172.0,110.0,143.0,139.0,167.0,86.0
24,57,5.0,0.0,2.0,[23 25],167.0,86.0,172.0,110.0,184.0,182.0,118.0,125.0,143.0,139.0
24,58,5.0,0.0,2.0,[23 25],143.0,139.0,184.0,182.0,167.0,86.0,149.0,109.0,118.0,125.0
24,59,5.0,0.0,2.0,[23 25],118.0,125.0,167.0,86.0,143.0,139.0,127.0,118.0,149.0,109.0
24,60,5.0,0.0,2.0,[23 25],149.0,109.0,143.0,139.0,118.0,125.0,127.0,90.0,127.0,118.0
24,61,5.0,0.0,2.0,[23 25],127.0,118.0,118.0,125.0,149.0,109.0,130.0,60.0,127.0,90.0
24,62,5.0,0.0,2.0,[23 25],127.0,90.0,149.0,109.0,127.0,118.0,127.0,97.0,130.0,60.0
24,63,5.0,0.0,2.0,[23 25],130.0,60.0,127.0,118.0,127.0,90.0,83.0,116.0,127.0,97.0
24,64,5.0,0.0,2.0,[23 25],127.0,97.0,127.0,90.0,130.0,60.0,148.0,176.0,83.0,116.0
24,65,5.0,0.0,2.0,[23 25],83.0,116.0,130.0,60.0,127.0,97.0,146.0,106.0,148.0,176.0
24,66,5.0,0.0,2.0,[23 25],148.0,176.0,127.0,97.0,83.0,116.0,170.0,114.0,146.0,106.0
24,67,5.0,0.0,2.0,[23 25],146.0,106.0,83.0,116.0,148.0,176.0,144.0,76.0,170.0,114.0
24,68,5.0,0.0,2.0,[23 25],170.0,114.0,148.0,176.0,146.0,106.0,151.0,113.0,144.0,76.0
24,69,5.0,0.0,2.0,[23 25],144.0,76.0,146.0,106.0,170.0,114.0,174.0,83.0,151.0,113.0
24,70,5.0,0.0,2.0,[23 25],151.0,113.0,170.0,114.0,144.0,76.0,215.0,102.0,174.0,83.0
24,71,5.0,0.0,2.0,[23 25],174.0,83.0,144.0,76.0,151.0,113.0,228.0,113.0,215.0,102.0
24,72,5.0,0.0,2.0,[23 25],215.0,102.0,151.0,113.0,174.0,83.0,227.0,107.0,228.0,113.0
24,73,5.0,0.0,2.0,[23 25],228.0,113.0,174.0,83.0,215.0,102.0,210.0,97.0,227.0,107.0
24,74,5.0,0.0,2.0,[23 25],227.0,107.0,215.0,102.0,228.0,113.0,185.0,196.0,210.0,97.0
24,75,5.0,0.0,2.0,[23 25],210.0,97.0,228.0,113.0,227.0,107.0,237.0,129.0,185.0,196.0
24,76,5.0,0.0,2.0,[23 25],185.0,196.0,227.0,107.0,210.0,97.0,180.0,114.0,237.0,129.0
24,77,5.0,0.0,2.0,[23 25],237.0,129.0,210.0,97.0,185.0,196.0,190.0,140.0,180.0,114.0
24,78,5.0,0.0,2.0,[23 25],180.0,114.0,185.0,196.0,237.0,129.0,181.0,112.0,190.0,140.0
24,79,5.0,0.0,2.0,[23 25],190.0,140.0,237.0,129.0,180.0,114.0,214.0,126.0,181.0,112.0
24,80,5.0,0.0,2.0,[23 25],181.0,112.0,180.0,114.0,190.0,140.0,189.0,117.0,214.0,126.0
24,81,5.0,0.0,2.0,[23 25],214.0,126.0,190.0,140.0,181.0,112.0,209.0,125.0,189.0,117.0
24,82,5.0,0.0,2.0,[23 25],189.0,117.0,181.0,112.0,214.0,126.0,184.0,169.0,209.0,125.0
24,83,5.0,0.0,2.0,[23 25],209.0,125.0,214.0,126.0,189.0,117.0,179.0,135.0,184.0,169.0
24,84,5.0,0.0,2.0,[23 25],184.0,169.0,189.0,117.0,209.0,125.0,197.0,167.0,179.0,135.0
24,85,5.0,0.0,2.0,[23 25],179.0,135.0,209.0,125.0,184.0,169.0,195.0,146.0,197.0,167.0
24,86,5.0,0.0,2.0,[23 25],197.0,167.0,184.0,169.0,179.0,135.0,220.0,140.0,195.0,146.0
24,87,5.0,0.0,2.0,[23 25],195.0,146.0,179.0,135.0,197.0,167.0,228.0,143.0,220.0,140.0
24,88,5.0,0.0,2.0,[23 25],220.0,140.0,197.0,167.0,195.0,146.0,249.0,147.0,228.0,143.0
24,89,5.0,0.0,2.0,[23 25],228.0,143.0,195.0,146.0,220.0,140.0,300.0,146.0,249.0,147.0
24,90,5.0,0.0,2.0,[23 25],249.0,147.0,220.0,140.0,228.0,143.0,280.0,159.0,300.0,146.0
24,91,5.0,0.0,2.0,[23 25],300.0,146.0,228.0,143.0,249.0,147.0,297.0,154.0,280.0,159.0
24,92,5.0,0.0,2.0,[23 25],280.0,159.0,249.0,147.0,300.0,146.0,260.0,235.0,297.0,154.0
24,93,5.0,0.0,2.0,[23 25],297.0,154.0,300.0,146.0,280.0,159.0,294.0,268.0,260.0,235.0
24,94,5.0,0.0,2.0,[23 25],260.0,235.0,280.0,159.0,297.0,154.0,271.0,172.0,294.0,268.0
24,95,5.0,0.0,2.0,[23 25],294.0,268.0,297.0,154.0,260.0,235.0,258.0,230.0,271.0,172.0
24,96,5.0,0.0,2.0,[23 25],271.0,172.0,260.0,235.0,294.0,268.0,335.0,188.0,258.0,230.0
24,97,5.0,0.0,2.0,[23 25],258.0,230.0,294.0,268.0,271.0,172.0,333.0,212.0,335.0,188.0
24,98,5.0,0.0,2.0,[23 25],335.0,188.0,271.0,172.0,258.0,230.0,347.0,210.0,333.0,212.0
24,99,5.0,0.0,2.0,[23 25],333.0,212.0,258.0,230.0,335.0,188.0,445.0,136.0,347.0,210.0
24,100,5.0,0.0,2.0,[23 25],347.0,210.0,335.0,188.0,333.0,212.0,344.0,280.0,445.0,136.0
24,101,5.0,0.0,2.0,[23 25],445.0,136.0,333.0,212.0,347.0,210.0,381.0,165.0,344.0,280.0
24,102,5.0,0.0,2.0,[23 25],344.0,280.0,347.0,210.0,445.0,136.0,345.0,399.0,381.0,165.0
24,103,5.0,0.0,2.0,[23 25],381.0,165.0,445.0,136.0,344.0,280.0,347.0,242.0,345.0,399.0
24,104,5.0,0.0,2.0,[23 25],345.0,399.0,344.0,280.0,381.0,165.0,321.0,279.0,347.0,242.0
24,105,5.0,0.0,2.0,[23 25],347.0,242.0,381.0,165.0,345.0,399.0,320.0,458.0,321.0,279.0
24,106,5.0,0.0,2.0,[23 25],321.0,279.0,345.0,399.0,347.0,242.0,310.0,443.0,320.0,458.0
24,107,5.0,0.0,2.0,[23 25],320.0,458.0,347.0,242.0,321.0,279.0,306.0,336.0,310.0,443.0
24,108,5.0,0.0,2.0,[23 25],310.0,443.0,321.0,279.0,320.0,458.0,206.0,291.0,306.0,336.0
24,109,5.0,0.0,2.0,[23 25],306.0,336.0,320.0,458.0,310.0,443.0,260.0,466.0,206.0,291.0
24,110,5.0,0.0,2.0,[23 25],206.0,291.0,310.0,443.0,306.0,336.0,211.0,328.0,260.0,466.0
24,111,5.0,0.0,2.0,[23 25],260.0,466.0,306.0,336.0,206.0,291.0,212.0,284.0,211.0,328.0
24,112,5.0,0.0,2.0,[23 25],211.0,328.0,206.0,291.0,260.0,466.0,161.0,401.0,212.0,284.0
24,113,5.0,0.0,2.0,[23 25],212.0,284.0,260.0,466.0,211.0,328.0,152.0,224.0,161.0,401.0
24,114,5.0,0.0,2.0,[23 25],161.0,401.0,211.0,328.0,212.0,284.0,168.0,212.0,152.0,224.0
24,115,5.0,0.0,2.0,[23 25],152.0,224.0,212.0,284.0,161.0,401.0,157.0,327.0,168.0,212.0
24,116,5.0,0.0,2.0,[23 25],168.0,212.0,161.0,401.0,152.0,224.0,123.0,318.0,157.0,327.0
24,117,5.0,0.0,2.0,[23 25],157.0,327.0,152.0,224.0,168.0,212.0,145.0,194.0,123.0,318.0
24,118,5.0,0.0,2.0,[23 25],123.0,318.0,168.0,212.0,157.0,327.0,148.0,204.0,145.0,194.0
24,119,5.0,0.0,2.0,[23 25],145.0,194.0,157.0,327.0,123.0,318.0,142.0,180.0,148.0,204.0
24,120,5.0,0.0,2.0,[23 25],148.0,204.0,123.0,318.0,145.0,194.0,134.0,164.0,142.0,180.0
24,121,5.0,0.0,2.0,[23 25],142.0,180.0,145.0,194.0,148.0,204.0,148.0,208.0,134.0,164.0
24,122,5.0,0.0,2.0,[23 25],134.0,164.0,148.0,204.0,142.0,180.0,152.0,174.0,148.0,208.0
24,123,5.0,0.0,2.0,[23 25],148.0,208.0,142.0,180.0,134.0,164.0,115.0,235.0,152.0,174.0
24,124,5.0,0.0,2.0,[23 25],152.0,174.0,134.0,164.0,148.0,208.0,125.0,211.0,115.0,235.0
24,125,5.0,0.0,2.0,[23 25],115.0,235.0,148.0,208.0,152.0,174.0,129.0,165.0,125.0,211.0
24,126,5.0,0.0,2.0,[23 25],125.0,211.0,152.0,174.0,115.0,235.0,96.0,196.0,129.0,165.0
24,127,5.0,0.0,2.0,[23 25],129.0,165.0,115.0,235.0,125.0,211.0,98.0,263.0,96.0,196.0
24,128,5.0,0.0,2.0,[23 25],96.0,196.0,125.0,211.0,129.0,165.0,98.0,328.0,98.0,263.0
24,129,5.0,0.0,2.0,[23 25],98.0,263.0,129.0,165.0,96.0,196.0,104.0,198.0,98.0,328.0
24,130,5.0,0.0,2.0,[23 25],98.0,328.0,96.0,196.0,98.0,263.0,88.0,166.0,104.0,198.0
24,131,5.0,0.0,2.0,[23 25],104.0,198.0,98.0,263.0,98.0,328.0,84.0,129.0,88.0,166.0
24,132,5.0,0.0,2.0,[23 25],88.0,166.0,98.0,328.0,104.0,198.0,54.0,109.0,84.0,129.0
24,133,5.0,0.0,2.0,[23 25],84.0,129.0,104.0,198.0,88.0,166.0,58.0,89.0,54.0,109.0
24,134,5.0,0.0,2.0,[23 25],54.0,109.0,88.0,166.0,84.0,129.0,9.0,72.0,58.0,89.0
24,135,5.0,0.0,2.0,[23 25],58.0,89.0,84.0,129.0,54.0,109.0,8.0,54.0,9.0,72.0
24,136,5.0,0.0,2.0,[23 25],9.0,72.0,54.0,109.0,58.0,89.0,4.0,49.0,8.0,54.0
24,137,5.0,0.0,2.0,[23 25],8.0,54.0,58.0,89.0,9.0,72.0,8.0,76.0,4.0,49.0
24,138,5.0,0.0,2.0,[23 25],4.0,49.0,9.0,72.0,8.0,54.0,2.0,65.0,8.0,76.0
24,139,5.0,0.0,2.0,[23 25],8.0,76.0,8.0,54.0,4.0,49.0,1.0,23.0,2.0,65.0
24,140,5.0,0.0,2.0,[23 25],2.0,65.0,4.0,49.0,8.0,76.0,0.0,2.0,1.0,23.0
24,141,5.0,0.0,2.0,[23 25],1.0,23.0,8.0,76.0,2.0,65.0,0.0,0.0,0.0,2.0
24,142,5.0,0.0,2.0,[23 25],0.0,2.0,2.0,65.0,1.0,23.0,0.0,0.0,0.0,0.0
24,143,5.0,0.0,2.0,[23 25],0.0,0.0,1.0,23.0,0.0,2.0,0.0,0.0,0.0,0.0
25,0,5.0,0.0,2.0,[24 26],0.0,0.0,0.0,0.0,0.0,0.0,0.0,0.0,0.0,1.0
25,1,5.0,0.0,2.0,[24 26],0.0,1.0,0.0,0.0,0.0,0.0,0.0,0.0,0.0,0.0
25,2,5.0,0.0,2.0,[24 26],0.0,0.0,0.0,0.0,0.0,1.0,0.0,0.0,0.0,0.0
25,3,5.0,0.0,2.0,[24 26],0.0,0.0,0.0,1.0,0.0,0.0,0.0,0.0,0.0,0.0
25,4,5.0,0.0,2.0,[24 26],0.0,0.0,0.0,0.0,0.0,0.0,0.0,0.0,0.0,0.0
25,5,5.0,0.0,2.0,[24 26],0.0,0.0,0.0,0.0,0.0,0.0,0.0,0.0,0.0,0.0
25,6,5.0,0.0,2.0,[24 26],0.0,0.0,0.0,0.0,0.0,0.0,0.0,0.0,0.0,0.0
25,7,5.0,0.0,2.0,[24 26],0.0,0.0,0.0,0.0,0.0,0.0,0.0,0.0,0.0,0.0
25,8,5.0,0.0,2.0,[24 26],0.0,0.0,0.0,0.0,0.0,0.0,0.0,0.0,0.0,0.0
25,9,5.0,0.0,2.0,[24 26],0.0,0.0,0.0,0.0,0.0,0.0,0.0,0.0,0.0,0.0
25,10,5.0,0.0,2.0,[24 26],0.0,0.0,0.0,0.0,0.0,0.0,0.0,0.0,0.0,0.0
25,11,5.0,0.0,2.0,[24 26],0.0,0.0,0.0,0.0,0.0,0.0,0.0,0.0,0.0,0.0
25,12,5.0,0.0,2.0,[24 26],0.0,0.0,0.0,0.0,0.0,0.0,0.0,0.0,0.0,0.0
25,13,5.0,0.0,2.0,[24 26],0.0,0.0,0.0,0.0,0.0,0.0,0.0,0.0,0.0,0.0
25,14,5.0,0.0,2.0,[24 26],0.0,0.0,0.0,0.0,0.0,0.0,0.0,0.0,0.0,0.0
25,15,5.0,0.0,2.0,[24 26],0.0,0.0,0.0,0.0,0.0,0.0,0.0,0.0,0.0,0.0
25,16,5.0,0.0,2.0,[24 26],0.0,0.0,0.0,0.0,0.0,0.0,0.0,0.0,0.0,0.0
25,17,5.0,0.0,2.0,[24 26],0.0,0.0,0.0,0.0,0.0,0.0,0.0,0.0,0.0,0.0
25,18,5.0,0.0,2.0,[24 26],0.0,0.0,0.0,0.0,0.0,0.0,0.0,0.0,0.0,0.0
25,19,5.0,0.0,2.0,[24 26],0.0,0.0,0.0,0.0,0.0,0.0,0.0,0.0,0.0,0.0
25,20,5.0,0.0,2.0,[24 26],0.0,0.0,0.0,0.0,0.0,0.0,0.0,0.0,0.0,0.0
25,21,5.0,0.0,2.0,[24 26],0.0,0.0,0.0,0.0,0.0,0.0,0.0,0.0,0.0,0.0
25,22,5.0,0.0,2.0,[24 26],0.0,0.0,0.0,0.0,0.0,0.0,0.0,0.0,0.0,0.0
25,23,5.0,0.0,2.0,[24 26],0.0,0.0,0.0,0.0,0.0,0.0,0.0,0.0,0.0,0.0
25,24,5.0,0.0,2.0,[24 26],0.0,0.0,0.0,0.0,0.0,0.0,0.0,0.0,0.0,0.0
25,25,5.0,0.0,2.0,[24 26],0.0,0.0,0.0,0.0,0.0,0.0,0.0,0.0,0.0,0.0
25,26,5.0,0.0,2.0,[24 26],0.0,0.0,0.0,0.0,0.0,0.0,0.0,0.0,0.0,0.0
25,27,5.0,0.0,2.0,[24 26],0.0,0.0,0.0,0.0,0.0,0.0,0.0,0.0,0.0,0.0
25,28,5.0,0.0,2.0,[24 26],0.0,0.0,0.0,0.0,0.0,0.0,0.0,0.0,0.0,0.0
25,29,5.0,0.0,2.0,[24 26],0.0,0.0,0.0,0.0,0.0,0.0,0.0,0.0,0.0,0.0
25,30,5.0,0.0,2.0,[24 26],0.0,0.0,0.0,0.0,0.0,0.0,0.0,0.0,0.0,0.0
25,31,5.0,0.0,2.0,[24 26],0.0,0.0,0.0,0.0,0.0,0.0,6.0,2.0,0.0,0.0
25,32,5.0,0.0,2.0,[24 26],0.0,0.0,0.0,0.0,0.0,0.0,12.0,2.0,6.0,2.0
25,33,5.0,0.0,2.0,[24 26],6.0,2.0,0.0,0.0,0.0,0.0,30.0,3.0,12.0,2.0
25,34,5.0,0.0,2.0,[24 26],12.0,2.0,0.0,0.0,6.0,2.0,20.0,1.0,30.0,3.0
25,35,5.0,0.0,2.0,[24 26],30.0,3.0,6.0,2.0,12.0,2.0,79.0,7.0,20.0,1.0
25,36,5.0,0.0,2.0,[24 26],20.0,1.0,12.0,2.0,30.0,3.0,62.0,6.0,79.0,7.0
25,37,5.0,0.0,2.0,[24 26],79.0,7.0,30.0,3.0,20.0,1.0,84.0,18.0,62.0,6.0
25,38,5.0,0.0,2.0,[24 26],62.0,6.0,20.0,1.0,79.0,7.0,99.0,2.0,84.0,18.0
25,39,5.0,0.0,2.0,[24 26],84.0,18.0,79.0,7.0,62.0,6.0,109.0,29.0,99.0,2.0
25,40,5.0,0.0,2.0,[24 26],99.0,2.0,62.0,6.0,84.0,18.0,184.0,53.0,109.0,29.0
25,41,5.0,0.0,2.0,[24 26],109.0,29.0,84.0,18.0,99.0,2.0,224.0,113.0,184.0,53.0
25,42,5.0,0.0,2.0,[24 26],184.0,53.0,99.0,2.0,109.0,29.0,303.0,88.0,224.0,113.0
25,43,5.0,0.0,2.0,[24 26],224.0,113.0,109.0,29.0,184.0,53.0,375.0,89.0,303.0,88.0
25,44,5.0,0.0,2.0,[24 26],303.0,88.0,184.0,53.0,224.0,113.0,368.0,109.0,375.0,89.0
25,45,5.0,0.0,2.0,[24 26],375.0,89.0,224.0,113.0,303.0,88.0,470.0,238.0,368.0,109.0
25,46,5.0,0.0,2.0,[24 26],368.0,109.0,303.0,88.0,375.0,89.0,386.0,249.0,470.0,238.0
25,47,5.0,0.0,2.0,[24 26],470.0,238.0,375.0,89.0,368.0,109.0,320.0,240.0,386.0,249.0
25,48,5.0,0.0,2.0,[24 26],386.0,249.0,368.0,109.0,470.0,238.0,309.0,264.0,320.0,240.0
25,49,5.0,0.0,2.0,[24 26],320.0,240.0,470.0,238.0,386.0,249.0,259.0,629.0,309.0,264.0
25,50,5.0,0.0,2.0,[24 26],309.0,264.0,386.0,249.0,320.0,240.0,193.0,436.0,259.0,629.0
25,51,5.0,0.0,2.0,[24 26],259.0,629.0,320.0,240.0,309.0,264.0,178.0,224.0,193.0,436.0
25,52,5.0,0.0,2.0,[24 26],193.0,436.0,309.0,264.0,259.0,629.0,149.0,207.0,178.0,224.0
25,53,5.0,0.0,2.0,[24 26],178.0,224.0,259.0,629.0,193.0,436.0,148.0,113.0,149.0,207.0
25,54,5.0,0.0,2.0,[24 26],149.0,207.0,193.0,436.0,178.0,224.0,134.0,137.0,148.0,113.0
25,55,5.0,0.0,2.0,[24 26],148.0,113.0,178.0,224.0,149.0,207.0,108.0,209.0,134.0,137.0
25,56,5.0,0.0,2.0,[24 26],134.0,137.0,149.0,207.0,148.0,113.0,123.0,94.0,108.0,209.0
25,57,5.0,0.0,2.0,[24 26],108.0,209.0,148.0,113.0,134.0,137.0,114.0,107.0,123.0,94.0
25,58,5.0,0.0,2.0,[24 26],123.0,94.0,134.0,137.0,108.0,209.0,103.0,93.0,114.0,107.0
25,59,5.0,0.0,2.0,[24 26],114.0,107.0,108.0,209.0,123.0,94.0,113.0,52.0,103.0,93.0
25,60,5.0,0.0,2.0,[24 26],103.0,93.0,123.0,94.0,114.0,107.0,111.0,89.0,113.0,52.0
25,61,5.0,0.0,2.0,[24 26],113.0,52.0,114.0,107.0,103.0,93.0,110.0,67.0,111.0,89.0
25,62,5.0,0.0,2.0,[24 26],111.0,89.0,103.0,93.0,113.0,52.0,103.0,84.0,110.0,67.0
25,63,5.0,0.0,2.0,[24 26],110.0,67.0,113.0,52.0,111.0,89.0,123.0,100.0,103.0,84.0
25,64,5.0,0.0,2.0,[24 26],103.0,84.0,111.0,89.0,110.0,67.0,134.0,88.0,123.0,100.0
25,65,5.0,0.0,2.0,[24 26],123.0,100.0,110.0,67.0,103.0,84.0,119.0,66.0,134.0,88.0
25,66,5.0,0.0,2.0,[24 26],134.0,88.0,103.0,84.0,123.0,100.0,124.0,90.0,119.0,66.0
25,67,5.0,0.0,2.0,[24 26],119.0,66.0,123.0,100.0,134.0,88.0,144.0,70.0,124.0,90.0
25,68,5.0,0.0,2.0,[24 26],124.0,90.0,134.0,88.0,119.0,66.0,132.0,142.0,144.0,70.0
25,69,5.0,0.0,2.0,[24 26],144.0,70.0,119.0,66.0,124.0,90.0,165.0,90.0,132.0,142.0
25,70,5.0,0.0,2.0,[24 26],132.0,142.0,124.0,90.0,144.0,70.0,178.0,75.0,165.0,90.0
25,71,5.0,0.0,2.0,[24 26],165.0,90.0,144.0,70.0,132.0,142.0,208.0,111.0,178.0,75.0
25,72,5.0,0.0,2.0,[24 26],178.0,75.0,132.0,142.0,165.0,90.0,206.0,64.0,208.0,111.0
25,73,5.0,0.0,2.0,[24 26],208.0,111.0,165.0,90.0,178.0,75.0,216.0,107.0,206.0,64.0
25,74,5.0,0.0,2.0,[24 26],206.0,64.0,178.0,75.0,208.0,111.0,206.0,87.0,216.0,107.0
25,75,5.0,0.0,2.0,[24 26],216.0,107.0,208.0,111.0,206.0,64.0,185.0,92.0,206.0,87.0
25,76,5.0,0.0,2.0,[24 26],206.0,87.0,206.0,64.0,216.0,107.0,147.0,115.0,185.0,92.0
25,77,5.0,0.0,2.0,[24 26],185.0,92.0,216.0,107.0,206.0,87.0,185.0,196.0,147.0,115.0
25,78,5.0,0.0,2.0,[24 26],147.0,115.0,206.0,87.0,185.0,92.0,185.0,119.0,185.0,196.0
25,79,5.0,0.0,2.0,[24 26],185.0,196.0,185.0,92.0,147.0,115.0,179.0,118.0,185.0,119.0
25,80,5.0,0.0,2.0,[24 26],185.0,119.0,147.0,115.0,185.0,196.0,225.0,98.0,179.0,118.0
25,81,5.0,0.0,2.0,[24 26],179.0,118.0,185.0,196.0,185.0,119.0,188.0,105.0,225.0,98.0
25,82,5.0,0.0,2.0,[24 26],225.0,98.0,185.0,119.0,179.0,118.0,168.0,92.0,188.0,105.0
25,83,5.0,0.0,2.0,[24 26],188.0,105.0,179.0,118.0,225.0,98.0,202.0,118.0,168.0,92.0
25,84,5.0,0.0,2.0,[24 26],168.0,92.0,225.0,98.0,188.0,105.0,175.0,109.0,202.0,118.0
25,85,5.0,0.0,2.0,[24 26],202.0,118.0,188.0,105.0,168.0,92.0,194.0,121.0,175.0,109.0
25,86,5.0,0.0,2.0,[24 26],175.0,109.0,168.0,92.0,202.0,118.0,193.0,169.0,194.0,121.0
25,87,5.0,0.0,2.0,[24 26],194.0,121.0,202.0,118.0,175.0,109.0,217.0,132.0,193.0,169.0
25,88,5.0,0.0,2.0,[24 26],193.0,169.0,175.0,109.0,194.0,121.0,208.0,112.0,217.0,132.0
25,89,5.0,0.0,2.0,[24 26],217.0,132.0,194.0,121.0,193.0,169.0,259.0,103.0,208.0,112.0
25,90,5.0,0.0,2.0,[24 26],208.0,112.0,193.0,169.0,217.0,132.0,235.0,164.0,259.0,103.0
25,91,5.0,0.0,2.0,[24 26],259.0,103.0,217.0,132.0,208.0,112.0,168.0,130.0,235.0,164.0
25,92,5.0,0.0,2.0,[24 26],235.0,164.0,208.0,112.0,259.0,103.0,255.0,106.0,168.0,130.0
25,93,5.0,0.0,2.0,[24 26],168.0,130.0,259.0,103.0,235.0,164.0,244.0,167.0,255.0,106.0
25,94,5.0,0.0,2.0,[24 26],255.0,106.0,235.0,164.0,168.0,130.0,233.0,156.0,244.0,167.0
25,95,5.0,0.0,2.0,[24 26],244.0,167.0,168.0,130.0,255.0,106.0,271.0,188.0,233.0,156.0
25,96,5.0,0.0,2.0,[24 26],233.0,156.0,255.0,106.0,244.0,167.0,269.0,307.0,271.0,188.0
25,97,5.0,0.0,2.0,[24 26],271.0,188.0,244.0,167.0,233.0,156.0,276.0,223.0,269.0,307.0
25,98,5.0,0.0,2.0,[24 26],269.0,307.0,233.0,156.0,271.0,188.0,361.0,222.0,276.0,223.0
25,99,5.0,0.0,2.0,[24 26],276.0,223.0,271.0,188.0,269.0,307.0,373.0,192.0,361.0,222.0
25,100,5.0,0.0,2.0,[24 26],361.0,222.0,269.0,307.0,276.0,223.0,399.0,207.0,373.0,192.0
25,101,5.0,0.0,2.0,[24 26],373.0,192.0,276.0,223.0,361.0,222.0,323.0,190.0,399.0,207.0
25,102,5.0,0.0,2.0,[24 26],399.0,207.0,361.0,222.0,373.0,192.0,308.0,215.0,323.0,190.0
25,103,5.0,0.0,2.0,[24 26],323.0,190.0,373.0,192.0,399.0,207.0,293.0,184.0,308.0,215.0
25,104,5.0,0.0,2.0,[24 26],308.0,215.0,399.0,207.0,323.0,190.0,351.0,436.0,293.0,184.0
25,105,5.0,0.0,2.0,[24 26],293.0,184.0,323.0,190.0,308.0,215.0,362.0,237.0,351.0,436.0
25,106,5.0,0.0,2.0,[24 26],351.0,436.0,308.0,215.0,293.0,184.0,268.0,311.0,362.0,237.0
25,107,5.0,0.0,2.0,[24 26],362.0,237.0,293.0,184.0,351.0,436.0,389.0,388.0,268.0,311.0
25,108,5.0,0.0,2.0,[24 26],268.0,311.0,351.0,436.0,362.0,237.0,399.0,393.0,389.0,388.0
25,109,5.0,0.0,2.0,[24 26],389.0,388.0,362.0,237.0,268.0,311.0,323.0,309.0,399.0,393.0
25,110,5.0,0.0,2.0,[24 26],399.0,393.0,268.0,311.0,389.0,388.0,245.0,407.0,323.0,309.0
25,111,5.0,0.0,2.0,[24 26],323.0,309.0,389.0,388.0,399.0,393.0,203.0,368.0,245.0,407.0
25,112,5.0,0.0,2.0,[24 26],245.0,407.0,399.0,393.0,323.0,309.0,197.0,264.0,203.0,368.0
25,113,5.0,0.0,2.0,[24 26],203.0,368.0,323.0,309.0,245.0,407.0,161.0,403.0,197.0,264.0
25,114,5.0,0.0,2.0,[24 26],197.0,264.0,245.0,407.0,203.0,368.0,156.0,205.0,161.0,403.0
25,115,5.0,0.0,2.0,[24 26],161.0,403.0,203.0,368.0,197.0,264.0,150.0,171.0,156.0,205.0
25,116,5.0,0.0,2.0,[24 26],156.0,205.0,197.0,264.0,161.0,403.0,230.0,171.0,150.0,171.0
25,117,5.0,0.0,2.0,[24 26],150.0,171.0,161.0,403.0,156.0,205.0,154.0,212.0,230.0,171.0
25,118,5.0,0.0,2.0,[24 26],230.0,171.0,156.0,205.0,150.0,171.0,99.0,204.0,154.0,212.0
25,119,5.0,0.0,2.0,[24 26],154.0,212.0,150.0,171.0,230.0,171.0,118.0,457.0,99.0,204.0
25,120,5.0,0.0,2.0,[24 26],99.0,204.0,230.0,171.0,154.0,212.0,126.0,193.0,118.0,457.0
25,121,5.0,0.0,2.0,[24 26],118.0,457.0,154.0,212.0,99.0,204.0,103.0,187.0,126.0,193.0
25,122,5.0,0.0,2.0,[24 26],126.0,193.0,99.0,204.0,118.0,457.0,126.0,250.0,103.0,187.0
25,123,5.0,0.0,2.0,[24 26],103.0,187.0,118.0,457.0,126.0,193.0,109.0,218.0,126.0,250.0
25,124,5.0,0.0,2.0,[24 26],126.0,250.0,126.0,193.0,103.0,187.0,87.0,224.0,109.0,218.0
25,125,5.0,0.0,2.0,[24 26],109.0,218.0,103.0,187.0,126.0,250.0,109.0,194.0,87.0,224.0
25,126,5.0,0.0,2.0,[24 26],87.0,224.0,126.0,250.0,109.0,218.0,88.0,234.0,109.0,194.0
25,127,5.0,0.0,2.0,[24 26],109.0,194.0,109.0,218.0,87.0,224.0,84.0,190.0,88.0,234.0
25,128,5.0,0.0,2.0,[24 26],88.0,234.0,87.0,224.0,109.0,194.0,88.0,204.0,84.0,190.0
25,129,5.0,0.0,2.0,[24 26],84.0,190.0,109.0,194.0,88.0,234.0,64.0,182.0,88.0,204.0
25,130,5.0,0.0,2.0,[24 26],88.0,204.0,88.0,234.0,84.0,190.0,80.0,219.0,64.0,182.0
25,131,5.0,0.0,2.0,[24 26],64.0,182.0,84.0,190.0,88.0,204.0,61.0,263.0,80.0,219.0
25,132,5.0,0.0,2.0,[24 26],80.0,219.0,88.0,204.0,64.0,182.0,49.0,110.0,61.0,263.0
25,133,5.0,0.0,2.0,[24 26],61.0,263.0,64.0,182.0,80.0,219.0,36.0,74.0,49.0,110.0
25,134,5.0,0.0,2.0,[24 26],49.0,110.0,80.0,219.0,61.0,263.0,8.0,96.0,36.0,74.0
25,135,5.0,0.0,2.0,[24 26],36.0,74.0,61.0,263.0,49.0,110.0,4.0,83.0,8.0,96.0
25,136,5.0,0.0,2.0,[24 26],8.0,96.0,49.0,110.0,36.0,74.0,4.0,56.0,4.0,83.0
25,137,5.0,0.0,2.0,[24 26],4.0,83.0,36.0,74.0,8.0,96.0,0.0,60.0,4.0,56.0
25,138,5.0,0.0,2.0,[24 26],4.0,56.0,8.0,96.0,4.0,83.0,2.0,37.0,0.0,60.0
25,139,5.0,0.0,2.0,[24 26],0.0,60.0,4.0,83.0,4.0,56.0,1.0,4.0,2.0,37.0
25,140,5.0,0.0,2.0,[24 26],2.0,37.0,4.0,56.0,0.0,60.0,0.0,27.0,1.0,4.0
25,141,5.0,0.0,2.0,[24 26],1.0,4.0,0.0,60.0,2.0,37.0,0.0,0.0,0.0,27.0
25,142,5.0,0.0,2.0,[24 26],0.0,27.0,2.0,37.0,1.0,4.0,0.0,0.0,0.0,0.0
25,143,5.0,0.0,2.0,[24 26],0.0,0.0,1.0,4.0,0.0,27.0,0.0,0.0,0.0,0.0
26,0,5.0,0.0,2.0,[25 27],0.0,0.0,0.0,0.0,0.0,0.0,0.0,0.0,0.0,0.0
26,1,5.0,0.0,2.0,[25 27],0.0,0.0,0.0,0.0,0.0,0.0,0.0,0.0,0.0,0.0
26,2,5.0,0.0,2.0,[25 27],0.0,0.0,0.0,0.0,0.0,0.0,0.0,0.0,0.0,0.0
26,3,5.0,0.0,2.0,[25 27],0.0,0.0,0.0,0.0,0.0,0.0,0.0,0.0,0.0,0.0
26,4,5.0,0.0,2.0,[25 27],0.0,0.0,0.0,0.0,0.0,0.0,0.0,0.0,0.0,0.0
26,5,5.0,0.0,2.0,[25 27],0.0,0.0,0.0,0.0,0.0,0.0,0.0,0.0,0.0,0.0
26,6,5.0,0.0,2.0,[25 27],0.0,0.0,0.0,0.0,0.0,0.0,0.0,0.0,0.0,0.0
26,7,5.0,0.0,2.0,[25 27],0.0,0.0,0.0,0.0,0.0,0.0,0.0,0.0,0.0,0.0
26,8,5.0,0.0,2.0,[25 27],0.0,0.0,0.0,0.0,0.0,0.0,0.0,0.0,0.0,0.0
26,9,5.0,0.0,2.0,[25 27],0.0,0.0,0.0,0.0,0.0,0.0,0.0,0.0,0.0,0.0
26,10,5.0,0.0,2.0,[25 27],0.0,0.0,0.0,0.0,0.0,0.0,0.0,0.0,0.0,0.0
26,11,5.0,0.0,2.0,[25 27],0.0,0.0,0.0,0.0,0.0,0.0,0.0,0.0,0.0,0.0
26,12,5.0,0.0,2.0,[25 27],0.0,0.0,0.0,0.0,0.0,0.0,0.0,0.0,0.0,0.0
26,13,5.0,0.0,2.0,[25 27],0.0,0.0,0.0,0.0,0.0,0.0,0.0,0.0,0.0,0.0
26,14,5.0,0.0,2.0,[25 27],0.0,0.0,0.0,0.0,0.0,0.0,0.0,0.0,0.0,0.0
26,15,5.0,0.0,2.0,[25 27],0.0,0.0,0.0,0.0,0.0,0.0,0.0,0.0,0.0,0.0
26,16,5.0,0.0,2.0,[25 27],0.0,0.0,0.0,0.0,0.0,0.0,0.0,0.0,0.0,0.0
26,17,5.0,0.0,2.0,[25 27],0.0,0.0,0.0,0.0,0.0,0.0,0.0,0.0,0.0,0.0
26,18,5.0,0.0,2.0,[25 27],0.0,0.0,0.0,0.0,0.0,0.0,0.0,0.0,0.0,0.0
26,19,5.0,0.0,2.0,[25 27],0.0,0.0,0.0,0.0,0.0,0.0,0.0,0.0,0.0,0.0
26,20,5.0,0.0,2.0,[25 27],0.0,0.0,0.0,0.0,0.0,0.0,0.0,0.0,0.0,0.0
26,21,5.0,0.0,2.0,[25 27],0.0,0.0,0.0,0.0,0.0,0.0,0.0,0.0,0.0,0.0
26,22,5.0,0.0,2.0,[25 27],0.0,0.0,0.0,0.0,0.0,0.0,0.0,0.0,0.0,0.0
26,23,5.0,0.0,2.0,[25 27],0.0,0.0,0.0,0.0,0.0,0.0,0.0,0.0,0.0,0.0
26,24,5.0,0.0,2.0,[25 27],0.0,0.0,0.0,0.0,0.0,0.0,0.0,0.0,0.0,0.0
26,25,5.0,0.0,2.0,[25 27],0.0,0.0,0.0,0.0,0.0,0.0,0.0,0.0,0.0,0.0
26,26,5.0,0.0,2.0,[25 27],0.0,0.0,0.0,0.0,0.0,0.0,0.0,0.0,0.0,0.0
26,27,5.0,0.0,2.0,[25 27],0.0,0.0,0.0,0.0,0.0,0.0,0.0,0.0,0.0,0.0
26,28,5.0,0.0,2.0,[25 27],0.0,0.0,0.0,0.0,0.0,0.0,0.0,0.0,0.0,0.0
26,29,5.0,0.0,2.0,[25 27],0.0,0.0,0.0,0.0,0.0,0.0,0.0,0.0,0.0,0.0
26,30,5.0,0.0,2.0,[25 27],0.0,0.0,0.0,0.0,0.0,0.0,0.0,0.0,0.0,0.0
26,31,5.0,0.0,2.0,[25 27],0.0,0.0,0.0,0.0,0.0,0.0,0.0,0.0,0.0,0.0
26,32,5.0,0.0,2.0,[25 27],0.0,0.0,0.0,0.0,0.0,0.0,19.0,1.0,0.0,0.0
26,33,5.0,0.0,2.0,[25 27],0.0,0.0,0.0,0.0,0.0,0.0,25.0,1.0,19.0,1.0
26,34,5.0,0.0,2.0,[25 27],19.0,1.0,0.0,0.0,0.0,0.0,40.0,1.0,25.0,1.0
26,35,5.0,0.0,2.0,[25 27],25.0,1.0,0.0,0.0,19.0,1.0,45.0,0.0,40.0,1.0
26,36,5.0,0.0,2.0,[25 27],40.0,1.0,19.0,1.0,25.0,1.0,67.0,6.0,45.0,0.0
26,37,5.0,0.0,2.0,[25 27],45.0,0.0,25.0,1.0,40.0,1.0,82.0,5.0,67.0,6.0
26,38,5.0,0.0,2.0,[25 27],67.0,6.0,40.0,1.0,45.0,0.0,120.0,16.0,82.0,5.0
26,39,5.0,0.0,2.0,[25 27],82.0,5.0,45.0,0.0,67.0,6.0,136.0,23.0,120.0,16.0
26,40,5.0,0.0,2.0,[25 27],120.0,16.0,67.0,6.0,82.0,5.0,180.0,35.0,136.0,23.0
26,41,5.0,0.0,2.0,[25 27],136.0,23.0,82.0,5.0,120.0,16.0,206.0,28.0,180.0,35.0
26,42,5.0,0.0,2.0,[25 27],180.0,35.0,120.0,16.0,136.0,23.0,308.0,76.0,206.0,28.0
26,43,5.0,0.0,2.0,[25 27],206.0,28.0,136.0,23.0,180.0,35.0,375.0,124.0,308.0,76.0
26,44,5.0,0.0,2.0,[25 27],308.0,76.0,180.0,35.0,206.0,28.0,370.0,57.0,375.0,124.0
26,45,5.0,0.0,2.0,[25 27],375.0,124.0,206.0,28.0,308.0,76.0,330.0,77.0,370.0,57.0
26,46,5.0,0.0,2.0,[25 27],370.0,57.0,308.0,76.0,375.0,124.0,373.0,85.0,330.0,77.0
26,47,5.0,0.0,2.0,[25 27],330.0,77.0,375.0,124.0,370.0,57.0,326.0,220.0,373.0,85.0
26,48,5.0,0.0,2.0,[25 27],373.0,85.0,370.0,57.0,330.0,77.0,272.0,77.0,326.0,220.0
26,49,5.0,0.0,2.0,[25 27],326.0,220.0,330.0,77.0,373.0,85.0,309.0,105.0,272.0,77.0
26,50,5.0,0.0,2.0,[25 27],272.0,77.0,373.0,85.0,326.0,220.0,208.0,86.0,309.0,105.0
26,51,5.0,0.0,2.0,[25 27],309.0,105.0,326.0,220.0,272.0,77.0,153.0,156.0,208.0,86.0
26,52,5.0,0.0,2.0,[25 27],208.0,86.0,272.0,77.0,309.0,105.0,134.0,71.0,153.0,156.0
26,53,5.0,0.0,2.0,[25 27],153.0,156.0,309.0,105.0,208.0,86.0,95.0,58.0,134.0,71.0
26,54,5.0,0.0,2.0,[25 27],134.0,71.0,208.0,86.0,153.0,156.0,95.0,42.0,95.0,58.0
26,55,5.0,0.0,2.0,[25 27],95.0,58.0,153.0,156.0,134.0,71.0,109.0,37.0,95.0,42.0
26,56,5.0,0.0,2.0,[25 27],95.0,42.0,134.0,71.0,95.0,58.0,94.0,54.0,109.0,37.0
26,57,5.0,0.0,2.0,[25 27],109.0,37.0,95.0,58.0,95.0,42.0,65.0,36.0,94.0,54.0
26,58,5.0,0.0,2.0,[25 27],94.0,54.0,95.0,42.0,109.0,37.0,81.0,48.0,65.0,36.0
26,59,5.0,0.0,2.0,[25 27],65.0,36.0,109.0,37.0,94.0,54.0,70.0,19.0,81.0,48.0
26,60,5.0,0.0,2.0,[25 27],81.0,48.0,94.0,54.0,65.0,36.0,59.0,45.0,70.0,19.0
26,61,5.0,0.0,2.0,[25 27],70.0,19.0,65.0,36.0,81.0,48.0,66.0,41.0,59.0,45.0
26,62,5.0,0.0,2.0,[25 27],59.0,45.0,81.0,48.0,70.0,19.0,57.0,30.0,66.0,41.0
26,63,5.0,0.0,2.0,[25 27],66.0,41.0,70.0,19.0,59.0,45.0,59.0,42.0,57.0,30.0
26,64,5.0,0.0,2.0,[25 27],57.0,30.0,59.0,45.0,66.0,41.0,51.0,41.0,59.0,42.0
26,65,5.0,0.0,2.0,[25 27],59.0,42.0,66.0,41.0,57.0,30.0,62.0,26.0,51.0,41.0
26,66,5.0,0.0,2.0,[25 27],51.0,41.0,57.0,30.0,59.0,42.0,49.0,56.0,62.0,26.0
26,67,5.0,0.0,2.0,[25 27],62.0,26.0,59.0,42.0,51.0,41.0,70.0,23.0,49.0,56.0
26,68,5.0,0.0,2.0,[25 27],49.0,56.0,51.0,41.0,62.0,26.0,73.0,41.0,70.0,23.0
26,69,5.0,0.0,2.0,[25 27],70.0,23.0,62.0,26.0,49.0,56.0,77.0,44.0,73.0,41.0
26,70,5.0,0.0,2.0,[25 27],73.0,41.0,49.0,56.0,70.0,23.0,87.0,61.0,77.0,44.0
26,71,5.0,0.0,2.0,[25 27],77.0,44.0,70.0,23.0,73.0,41.0,80.0,53.0,87.0,61.0
26,72,5.0,0.0,2.0,[25 27],87.0,61.0,73.0,41.0,77.0,44.0,77.0,43.0,80.0,53.0
26,73,5.0,0.0,2.0,[25 27],80.0,53.0,77.0,44.0,87.0,61.0,77.0,53.0,77.0,43.0
26,74,5.0,0.0,2.0,[25 27],77.0,43.0,87.0,61.0,80.0,53.0,77.0,38.0,77.0,53.0
26,75,5.0,0.0,2.0,[25 27],77.0,53.0,80.0,53.0,77.0,43.0,69.0,42.0,77.0,38.0
26,76,5.0,0.0,2.0,[25 27],77.0,38.0,77.0,43.0,77.0,53.0,62.0,41.0,69.0,42.0
26,77,5.0,0.0,2.0,[25 27],69.0,42.0,77.0,53.0,77.0,38.0,74.0,47.0,62.0,41.0
26,78,5.0,0.0,2.0,[25 27],62.0,41.0,77.0,38.0,69.0,42.0,70.0,54.0,74.0,47.0
26,79,5.0,0.0,2.0,[25 27],74.0,47.0,69.0,42.0,62.0,41.0,78.0,62.0,70.0,54.0
26,80,5.0,0.0,2.0,[25 27],70.0,54.0,62.0,41.0,74.0,47.0,50.0,89.0,78.0,62.0
26,81,5.0,0.0,2.0,[25 27],78.0,62.0,74.0,47.0,70.0,54.0,44.0,55.0,50.0,89.0
26,82,5.0,0.0,2.0,[25 27],50.0,89.0,70.0,54.0,78.0,62.0,65.0,58.0,44.0,55.0
26,83,5.0,0.0,2.0,[25 27],44.0,55.0,78.0,62.0,50.0,89.0,61.0,50.0,65.0,58.0
26,84,5.0,0.0,2.0,[25 27],65.0,58.0,50.0,89.0,44.0,55.0,77.0,60.0,61.0,50.0
26,85,5.0,0.0,2.0,[25 27],61.0,50.0,44.0,55.0,65.0,58.0,63.0,54.0,77.0,60.0
26,86,5.0,0.0,2.0,[25 27],77.0,60.0,65.0,58.0,61.0,50.0,71.0,41.0,63.0,54.0
26,87,5.0,0.0,2.0,[25 27],63.0,54.0,61.0,50.0,77.0,60.0,92.0,66.0,71.0,41.0
26,88,5.0,0.0,2.0,[25 27],71.0,41.0,77.0,60.0,63.0,54.0,98.0,75.0,92.0,66.0
26,89,5.0,0.0,2.0,[25 27],92.0,66.0,63.0,54.0,71.0,41.0,126.0,160.0,98.0,75.0
26,90,5.0,0.0,2.0,[25 27],98.0,75.0,71.0,41.0,92.0,66.0,178.0,99.0,126.0,160.0
26,91,5.0,0.0,2.0,[25 27],126.0,160.0,92.0,66.0,98.0,75.0,234.0,56.0,178.0,99.0
26,92,5.0,0.0,2.0,[25 27],178.0,99.0,98.0,75.0,126.0,160.0,232.0,74.0,234.0,56.0
26,93,5.0,0.0,2.0,[25 27],234.0,56.0,126.0,160.0,178.0,99.0,244.0,101.0,232.0,74.0
26,94,5.0,0.0,2.0,[25 27],232.0,74.0,178.0,99.0,234.0,56.0,221.0,74.0,244.0,101.0
26,95,5.0,0.0,2.0,[25 27],244.0,101.0,234.0,56.0,232.0,74.0,202.0,88.0,221.0,74.0
26,96,5.0,0.0,2.0,[25 27],221.0,74.0,232.0,74.0,244.0,101.0,158.0,101.0,202.0,88.0
26,97,5.0,0.0,2.0,[25 27],202.0,88.0,244.0,101.0,221.0,74.0,131.0,133.0,158.0,101.0
26,98,5.0,0.0,2.0,[25 27],158.0,101.0,221.0,74.0,202.0,88.0,129.0,44.0,131.0,133.0
26,99,5.0,0.0,2.0,[25 27],131.0,133.0,202.0,88.0,158.0,101.0,130.0,218.0,129.0,44.0
26,100,5.0,0.0,2.0,[25 27],129.0,44.0,158.0,101.0,131.0,133.0,149.0,123.0,130.0,218.0
26,101,5.0,0.0,2.0,[25 27],130.0,218.0,131.0,133.0,129.0,44.0,173.0,95.0,149.0,123.0
26,102,5.0,0.0,2.0,[25 27],149.0,123.0,129.0,44.0,130.0,218.0,154.0,147.0,173.0,95.0
26,103,5.0,0.0,2.0,[25 27],173.0,95.0,130.0,218.0,149.0,123.0,141.0,137.0,154.0,147.0
26,104,5.0,0.0,2.0,[25 27],154.0,147.0,149.0,123.0,173.0,95.0,163.0,141.0,141.0,137.0
26,105,5.0,0.0,2.0,[25 27],141.0,137.0,173.0,95.0,154.0,147.0,177.0,314.0,163.0,141.0
26,106,5.0,0.0,2.0,[25 27],163.0,141.0,154.0,147.0,141.0,137.0,142.0,207.0,177.0,314.0
26,107,5.0,0.0,2.0,[25 27],177.0,314.0,141.0,137.0,163.0,141.0,100.0,186.0,142.0,207.0
26,108,5.0,0.0,2.0,[25 27],142.0,207.0,163.0,141.0,177.0,314.0,140.0,314.0,100.0,186.0
26,109,5.0,0.0,2.0,[25 27],100.0,186.0,177.0,314.0,142.0,207.0,131.0,299.0,140.0,314.0
26,110,5.0,0.0,2.0,[25 27],140.0,314.0,142.0,207.0,100.0,186.0,95.0,197.0,131.0,299.0
26,111,5.0,0.0,2.0,[25 27],131.0,299.0,100.0,186.0,140.0,314.0,103.0,276.0,95.0,197.0
26,112,5.0,0.0,2.0,[25 27],95.0,197.0,140.0,314.0,131.0,299.0,78.0,231.0,103.0,276.0
26,113,5.0,0.0,2.0,[25 27],103.0,276.0,131.0,299.0,95.0,197.0,93.0,159.0,78.0,231.0
26,114,5.0,0.0,2.0,[25 27],78.0,231.0,95.0,197.0,103.0,276.0,79.0,133.0,93.0,159.0
26,115,5.0,0.0,2.0,[25 27],93.0,159.0,103.0,276.0,78.0,231.0,64.0,240.0,79.0,133.0
26,116,5.0,0.0,2.0,[25 27],79.0,133.0,78.0,231.0,93.0,159.0,61.0,115.0,64.0,240.0
26,117,5.0,0.0,2.0,[25 27],64.0,240.0,93.0,159.0,79.0,133.0,59.0,133.0,61.0,115.0
26,118,5.0,0.0,2.0,[25 27],61.0,115.0,79.0,133.0,64.0,240.0,73.0,134.0,59.0,133.0
26,119,5.0,0.0,2.0,[25 27],59.0,133.0,64.0,240.0,61.0,115.0,78.0,119.0,73.0,134.0
26,120,5.0,0.0,2.0,[25 27],73.0,134.0,61.0,115.0,59.0,133.0,69.0,228.0,78.0,119.0
26,121,5.0,0.0,2.0,[25 27],78.0,119.0,59.0,133.0,73.0,134.0,72.0,47.0,69.0,228.0
26,122,5.0,0.0,2.0,[25 27],69.0,228.0,73.0,134.0,78.0,119.0,72.0,200.0,72.0,47.0
26,123,5.0,0.0,2.0,[25 27],72.0,47.0,78.0,119.0,69.0,228.0,66.0,151.0,72.0,200.0
26,124,5.0,0.0,2.0,[25 27],72.0,200.0,69.0,228.0,72.0,47.0,51.0,121.0,66.0,151.0
26,125,5.0,0.0,2.0,[25 27],66.0,151.0,72.0,47.0,72.0,200.0,50.0,130.0,51.0,121.0
26,126,5.0,0.0,2.0,[25 27],51.0,121.0,72.0,200.0,66.0,151.0,49.0,102.0,50.0,130.0
26,127,5.0,0.0,2.0,[25 27],50.0,130.0,66.0,151.0,51.0,121.0,38.0,121.0,49.0,102.0
26,128,5.0,0.0,2.0,[25 27],49.0,102.0,51.0,121.0,50.0,130.0,28.0,106.0,38.0,121.0
26,129,5.0,0.0,2.0,[25 27],38.0,121.0,50.0,130.0,49.0,102.0,26.0,102.0,28.0,106.0
26,130,5.0,0.0,2.0,[25 27],28.0,106.0,49.0,102.0,38.0,121.0,28.0,109.0,26.0,102.0
26,131,5.0,0.0,2.0,[25 27],26.0,102.0,38.0,121.0,28.0,106.0,17.0,103.0,28.0,109.0
26,132,5.0,0.0,2.0,[25 27],28.0,109.0,28.0,106.0,26.0,102.0,17.0,95.0,17.0,103.0
26,133,5.0,0.0,2.0,[25 27],17.0,103.0,26.0,102.0,28.0,109.0,6.0,113.0,17.0,95.0
26,134,5.0,0.0,2.0,[25 27],17.0,95.0,28.0,109.0,17.0,103.0,0.0,50.0,6.0,113.0
26,135,5.0,0.0,2.0,[25 27],6.0,113.0,17.0,103.0,17.0,95.0,2.0,46.0,0.0,50.0
26,136,5.0,0.0,2.0,[25 27],0.0,50.0,17.0,95.0,6.0,113.0,2.0,29.0,2.0,46.0
26,137,5.0,0.0,2.0,[25 27],2.0,46.0,6.0,113.0,0.0,50.0,2.0,52.0,2.0,29.0
26,138,5.0,0.0,2.0,[25 27],2.0,29.0,0.0,50.0,2.0,46.0,2.0,6.0,2.0,52.0
26,139,5.0,0.0,2.0,[25 27],2.0,52.0,2.0,46.0,2.0,29.0,3.0,54.0,2.0,6.0
26,140,5.0,0.0,2.0,[25 27],2.0,6.0,2.0,29.0,2.0,52.0,0.0,35.0,3.0,54.0
26,141,5.0,0.0,2.0,[25 27],3.0,54.0,2.0,52.0,2.0,6.0,0.0,0.0,0.0,35.0
26,142,5.0,0.0,2.0,[25 27],0.0,35.0,2.0,6.0,3.0,54.0,0.0,0.0,0.0,0.0
26,143,5.0,0.0,2.0,[25 27],0.0,0.0,3.0,54.0,0.0,35.0,0.0,0.0,0.0,0.0
27,0,5.0,0.0,1.0,[26],0.0,0.0,0.0,0.0,0.0,0.0,0.0,0.0,0.0,0.0
27,1,5.0,0.0,1.0,[26],0.0,0.0,0.0,0.0,0.0,0.0,0.0,0.0,0.0,0.0
27,2,5.0,0.0,1.0,[26],0.0,0.0,0.0,0.0,0.0,0.0,0.0,0.0,0.0,0.0
27,3,5.0,0.0,1.0,[26],0.0,0.0,0.0,0.0,0.0,0.0,0.0,0.0,0.0,0.0
27,4,5.0,0.0,1.0,[26],0.0,0.0,0.0,0.0,0.0,0.0,0.0,0.0,0.0,0.0
27,5,5.0,0.0,1.0,[26],0.0,0.0,0.0,0.0,0.0,0.0,0.0,0.0,0.0,0.0
27,6,5.0,0.0,1.0,[26],0.0,0.0,0.0,0.0,0.0,0.0,0.0,0.0,0.0,0.0
27,7,5.0,0.0,1.0,[26],0.0,0.0,0.0,0.0,0.0,0.0,0.0,0.0,0.0,0.0
27,8,5.0,0.0,1.0,[26],0.0,0.0,0.0,0.0,0.0,0.0,0.0,0.0,0.0,0.0
27,9,5.0,0.0,1.0,[26],0.0,0.0,0.0,0.0,0.0,0.0,0.0,0.0,0.0,0.0
27,10,5.0,0.0,1.0,[26],0.0,0.0,0.0,0.0,0.0,0.0,0.0,0.0,0.0,0.0
27,11,5.0,0.0,1.0,[26],0.0,0.0,0.0,0.0,0.0,0.0,0.0,0.0,0.0,0.0
27,12,5.0,0.0,1.0,[26],0.0,0.0,0.0,0.0,0.0,0.0,0.0,0.0,0.0,0.0
27,13,5.0,0.0,1.0,[26],0.0,0.0,0.0,0.0,0.0,0.0,0.0,0.0,0.0,0.0
27,14,5.0,0.0,1.0,[26],0.0,0.0,0.0,0.0,0.0,0.0,0.0,0.0,0.0,0.0
27,15,5.0,0.0,1.0,[26],0.0,0.0,0.0,0.0,0.0,0.0,0.0,0.0,0.0,0.0
27,16,5.0,0.0,1.0,[26],0.0,0.0,0.0,0.0,0.0,0.0,0.0,0.0,0.0,0.0
27,17,5.0,0.0,1.0,[26],0.0,0.0,0.0,0.0,0.0,0.0,0.0,0.0,0.0,0.0
27,18,5.0,0.0,1.0,[26],0.0,0.0,0.0,0.0,0.0,0.0,0.0,0.0,0.0,0.0
27,19,5.0,0.0,1.0,[26],0.0,0.0,0.0,0.0,0.0,0.0,0.0,0.0,0.0,0.0
27,20,5.0,0.0,1.0,[26],0.0,0.0,0.0,0.0,0.0,0.0,0.0,0.0,0.0,0.0
27,21,5.0,0.0,1.0,[26],0.0,0.0,0.0,0.0,0.0,0.0,0.0,0.0,0.0,0.0
27,22,5.0,0.0,1.0,[26],0.0,0.0,0.0,0.0,0.0,0.0,0.0,0.0,0.0,0.0
27,23,5.0,0.0,1.0,[26],0.0,0.0,0.0,0.0,0.0,0.0,0.0,0.0,0.0,0.0
27,24,5.0,0.0,1.0,[26],0.0,0.0,0.0,0.0,0.0,0.0,0.0,0.0,0.0,0.0
27,25,5.0,0.0,1.0,[26],0.0,0.0,0.0,0.0,0.0,0.0,0.0,0.0,0.0,0.0
27,26,5.0,0.0,1.0,[26],0.0,0.0,0.0,0.0,0.0,0.0,0.0,0.0,0.0,0.0
27,27,5.0,0.0,1.0,[26],0.0,0.0,0.0,0.0,0.0,0.0,0.0,0.0,0.0,0.0
27,28,5.0,0.0,1.0,[26],0.0,0.0,0.0,0.0,0.0,0.0,0.0,0.0,0.0,0.0
27,29,5.0,0.0,1.0,[26],0.0,0.0,0.0,0.0,0.0,0.0,0.0,0.0,0.0,0.0
27,30,5.0,0.0,1.0,[26],0.0,0.0,0.0,0.0,0.0,0.0,2.0,1.0,0.0,0.0
27,31,5.0,0.0,1.0,[26],0.0,0.0,0.0,0.0,0.0,0.0,2.0,3.0,2.0,1.0
27,32,5.0,0.0,1.0,[26],2.0,1.0,0.0,0.0,0.0,0.0,21.0,2.0,2.0,3.0
27,33,5.0,0.0,1.0,[26],2.0,3.0,0.0,0.0,2.0,1.0,31.0,2.0,21.0,2.0
27,34,5.0,0.0,1.0,[26],21.0,2.0,2.0,1.0,2.0,3.0,47.0,0.0,31.0,2.0
27,35,5.0,0.0,1.0,[26],31.0,2.0,2.0,3.0,21.0,2.0,52.0,0.0,47.0,0.0
27,36,5.0,0.0,1.0,[26],47.0,0.0,21.0,2.0,31.0,2.0,58.0,2.0,52.0,0.0
27,37,5.0,0.0,1.0,[26],52.0,0.0,31.0,2.0,47.0,0.0,88.0,3.0,58.0,2.0
27,38,5.0,0.0,1.0,[26],58.0,2.0,47.0,0.0,52.0,0.0,116.0,17.0,88.0,3.0
27,39,5.0,0.0,1.0,[26],88.0,3.0,52.0,0.0,58.0,2.0,144.0,6.0,116.0,17.0
27,40,5.0,0.0,1.0,[26],116.0,17.0,58.0,2.0,88.0,3.0,213.0,31.0,144.0,6.0
27,41,5.0,0.0,1.0,[26],144.0,6.0,88.0,3.0,116.0,17.0,293.0,25.0,213.0,31.0
27,42,5.0,0.0,1.0,[26],213.0,31.0,116.0,17.0,144.0,6.0,362.0,23.0,293.0,25.0
27,43,5.0,0.0,1.0,[26],293.0,25.0,144.0,6.0,213.0,31.0,452.0,50.0,362.0,23.0
27,44,5.0,0.0,1.0,[26],362.0,23.0,213.0,31.0,293.0,25.0,469.0,151.0,452.0,50.0
27,45,5.0,0.0,1.0,[26],452.0,50.0,293.0,25.0,362.0,23.0,486.0,68.0,469.0,151.0
27,46,5.0,0.0,1.0,[26],469.0,151.0,362.0,23.0,452.0,50.0,504.0,70.0,486.0,68.0
27,47,5.0,0.0,1.0,[26],486.0,68.0,452.0,50.0,469.0,151.0,426.0,99.0,504.0,70.0
27,48,5.0,0.0,1.0,[26],504.0,70.0,469.0,151.0,486.0,68.0,344.0,121.0,426.0,99.0
27,49,5.0,0.0,1.0,[26],426.0,99.0,486.0,68.0,504.0,70.0,351.0,48.0,344.0,121.0
27,50,5.0,0.0,1.0,[26],344.0,121.0,504.0,70.0,426.0,99.0,231.0,43.0,351.0,48.0
27,51,5.0,0.0,1.0,[26],351.0,48.0,426.0,99.0,344.0,121.0,162.0,48.0,231.0,43.0
27,52,5.0,0.0,1.0,[26],231.0,43.0,344.0,121.0,351.0,48.0,138.0,35.0,162.0,48.0
27,53,5.0,0.0,1.0,[26],162.0,48.0,351.0,48.0,231.0,43.0,124.0,20.0,138.0,35.0
27,54,5.0,0.0,1.0,[26],138.0,35.0,231.0,43.0,162.0,48.0,124.0,38.0,124.0,20.0
27,55,5.0,0.0,1.0,[26],124.0,20.0,162.0,48.0,138.0,35.0,101.0,21.0,124.0,38.0
27,56,5.0,0.0,1.0,[26],124.0,38.0,138.0,35.0,124.0,20.0,89.0,28.0,101.0,21.0
27,57,5.0,0.0,1.0,[26],101.0,21.0,124.0,20.0,124.0,38.0,68.0,45.0,89.0,28.0
27,58,5.0,0.0,1.0,[26],89.0,28.0,124.0,38.0,101.0,21.0,63.0,18.0,68.0,45.0
27,59,5.0,0.0,1.0,[26],68.0,45.0,101.0,21.0,89.0,28.0,73.0,34.0,63.0,18.0
27,60,5.0,0.0,1.0,[26],63.0,18.0,89.0,28.0,68.0,45.0,50.0,15.0,73.0,34.0
27,61,5.0,0.0,1.0,[26],73.0,34.0,68.0,45.0,63.0,18.0,51.0,18.0,50.0,15.0
27,62,5.0,0.0,1.0,[26],50.0,15.0,63.0,18.0,73.0,34.0,55.0,37.0,51.0,18.0
27,63,5.0,0.0,1.0,[26],51.0,18.0,73.0,34.0,50.0,15.0,52.0,36.0,55.0,37.0
27,64,5.0,0.0,1.0,[26],55.0,37.0,50.0,15.0,51.0,18.0,64.0,28.0,52.0,36.0
27,65,5.0,0.0,1.0,[26],52.0,36.0,51.0,18.0,55.0,37.0,43.0,35.0,64.0,28.0
27,66,5.0,0.0,1.0,[26],64.0,28.0,55.0,37.0,52.0,36.0,35.0,26.0,43.0,35.0
27,67,5.0,0.0,1.0,[26],43.0,35.0,52.0,36.0,64.0,28.0,52.0,28.0,35.0,26.0
27,68,5.0,0.0,1.0,[26],35.0,26.0,64.0,28.0,43.0,35.0,51.0,21.0,52.0,28.0
27,69,5.0,0.0,1.0,[26],52.0,28.0,43.0,35.0,35.0,26.0,77.0,32.0,51.0,21.0
27,70,5.0,0.0,1.0,[26],51.0,21.0,35.0,26.0,52.0,28.0,48.0,26.0,77.0,32.0
27,71,5.0,0.0,1.0,[26],77.0,32.0,52.0,28.0,51.0,21.0,60.0,35.0,48.0,26.0
27,72,5.0,0.0,1.0,[26],48.0,26.0,51.0,21.0,77.0,32.0,52.0,26.0,60.0,35.0
27,73,5.0,0.0,1.0,[26],60.0,35.0,77.0,32.0,48.0,26.0,57.0,78.0,52.0,26.0
27,74,5.0,0.0,1.0,[26],52.0,26.0,48.0,26.0,60.0,35.0,61.0,50.0,57.0,78.0
27,75,5.0,0.0,1.0,[26],57.0,78.0,60.0,35.0,52.0,26.0,60.0,37.0,61.0,50.0
27,76,5.0,0.0,1.0,[26],61.0,50.0,52.0,26.0,57.0,78.0,50.0,25.0,60.0,37.0
27,77,5.0,0.0,1.0,[26],60.0,37.0,57.0,78.0,61.0,50.0,74.0,37.0,50.0,25.0
27,78,5.0,0.0,1.0,[26],50.0,25.0,61.0,50.0,60.0,37.0,49.0,31.0,74.0,37.0
27,79,5.0,0.0,1.0,[26],74.0,37.0,60.0,37.0,50.0,25.0,59.0,42.0,49.0,31.0
27,80,5.0,0.0,1.0,[26],49.0,31.0,50.0,25.0,74.0,37.0,41.0,28.0,59.0,42.0
27,81,5.0,0.0,1.0,[26],59.0,42.0,74.0,37.0,49.0,31.0,49.0,43.0,41.0,28.0
27,82,5.0,0.0,1.0,[26],41.0,28.0,49.0,31.0,59.0,42.0,51.0,58.0,49.0,43.0
27,83,5.0,0.0,1.0,[26],49.0,43.0,59.0,42.0,41.0,28.0,49.0,57.0,51.0,58.0
27,84,5.0,0.0,1.0,[26],51.0,58.0,41.0,28.0,49.0,43.0,40.0,48.0,49.0,57.0
27,85,5.0,0.0,1.0,[26],49.0,57.0,49.0,43.0,51.0,58.0,52.0,40.0,40.0,48.0
27,86,5.0,0.0,1.0,[26],40.0,48.0,51.0,58.0,49.0,57.0,40.0,43.0,52.0,40.0
27,87,5.0,0.0,1.0,[26],52.0,40.0,49.0,57.0,40.0,48.0,38.0,40.0,40.0,43.0
27,88,5.0,0.0,1.0,[26],40.0,43.0,40.0,48.0,52.0,40.0,52.0,57.0,38.0,40.0
27,89,5.0,0.0,1.0,[26],38.0,40.0,52.0,40.0,40.0,43.0,51.0,61.0,52.0,57.0
27,90,5.0,0.0,1.0,[26],52.0,57.0,40.0,43.0,38.0,40.0,43.0,40.0,51.0,61.0
27,91,5.0,0.0,1.0,[26],51.0,61.0,38.0,40.0,52.0,57.0,59.0,95.0,43.0,40.0
27,92,5.0,0.0,1.0,[26],43.0,40.0,52.0,57.0,51.0,61.0,120.0,87.0,59.0,95.0
27,93,5.0,0.0,1.0,[26],59.0,95.0,51.0,61.0,43.0,40.0,83.0,84.0,120.0,87.0
27,94,5.0,0.0,1.0,[26],120.0,87.0,43.0,40.0,59.0,95.0,67.0,45.0,83.0,84.0
27,95,5.0,0.0,1.0,[26],83.0,84.0,59.0,95.0,120.0,87.0,47.0,88.0,67.0,45.0
27,96,5.0,0.0,1.0,[26],67.0,45.0,120.0,87.0,83.0,84.0,55.0,81.0,47.0,88.0
27,97,5.0,0.0,1.0,[26],47.0,88.0,83.0,84.0,67.0,45.0,62.0,79.0,55.0,81.0
27,98,5.0,0.0,1.0,[26],55.0,81.0,67.0,45.0,47.0,88.0,72.0,85.0,62.0,79.0
27,99,5.0,0.0,1.0,[26],62.0,79.0,47.0,88.0,55.0,81.0,71.0,97.0,72.0,85.0
27,100,5.0,0.0,1.0,[26],72.0,85.0,55.0,81.0,62.0,79.0,76.0,146.0,71.0,97.0
27,101,5.0,0.0,1.0,[26],71.0,97.0,62.0,79.0,72.0,85.0,125.0,151.0,76.0,146.0
27,102,5.0,0.0,1.0,[26],76.0,146.0,72.0,85.0,71.0,97.0,125.0,124.0,125.0,151.0
27,103,5.0,0.0,1.0,[26],125.0,151.0,71.0,97.0,76.0,146.0,133.0,127.0,125.0,124.0
27,104,5.0,0.0,1.0,[26],125.0,124.0,76.0,146.0,125.0,151.0,116.0,114.0,133.0,127.0
27,105,5.0,0.0,1.0,[26],133.0,127.0,125.0,151.0,125.0,124.0,119.0,133.0,116.0,114.0
27,106,5.0,0.0,1.0,[26],116.0,114.0,125.0,124.0,133.0,127.0,69.0,335.0,119.0,133.0
27,107,5.0,0.0,1.0,[26],119.0,133.0,133.0,127.0,116.0,114.0,74.0,226.0,69.0,335.0
27,108,5.0,0.0,1.0,[26],69.0,335.0,116.0,114.0,119.0,133.0,70.0,224.0,74.0,226.0
27,109,5.0,0.0,1.0,[26],74.0,226.0,119.0,133.0,69.0,335.0,62.0,339.0,70.0,224.0
27,110,5.0,0.0,1.0,[26],70.0,224.0,69.0,335.0,74.0,226.0,76.0,279.0,62.0,339.0
27,111,5.0,0.0,1.0,[26],62.0,339.0,74.0,226.0,70.0,224.0,45.0,185.0,76.0,279.0
27,112,5.0,0.0,1.0,[26],76.0,279.0,70.0,224.0,62.0,339.0,65.0,315.0,45.0,185.0
27,113,5.0,0.0,1.0,[26],45.0,185.0,62.0,339.0,76.0,279.0,60.0,239.0,65.0,315.0
27,114,5.0,0.0,1.0,[26],65.0,315.0,76.0,279.0,45.0,185.0,46.0,158.0,60.0,239.0
27,115,5.0,0.0,1.0,[26],60.0,239.0,45.0,185.0,65.0,315.0,37.0,135.0,46.0,158.0
27,116,5.0,0.0,1.0,[26],46.0,158.0,65.0,315.0,60.0,239.0,29.0,246.0,37.0,135.0
27,117,5.0,0.0,1.0,[26],37.0,135.0,60.0,239.0,46.0,158.0,44.0,134.0,29.0,246.0
27,118,5.0,0.0,1.0,[26],29.0,246.0,46.0,158.0,37.0,135.0,26.0,125.0,44.0,134.0
27,119,5.0,0.0,1.0,[26],44.0,134.0,37.0,135.0,29.0,246.0,36.0,141.0,26.0,125.0
27,120,5.0,0.0,1.0,[26],26.0,125.0,29.0,246.0,44.0,134.0,31.0,129.0,36.0,141.0
27,121,5.0,0.0,1.0,[26],36.0,141.0,44.0,134.0,26.0,125.0,37.0,120.0,31.0,129.0
27,122,5.0,0.0,1.0,[26],31.0,129.0,26.0,125.0,36.0,141.0,26.0,159.0,37.0,120.0
27,123,5.0,0.0,1.0,[26],37.0,120.0,36.0,141.0,31.0,129.0,31.0,153.0,26.0,159.0
27,124,5.0,0.0,1.0,[26],26.0,159.0,31.0,129.0,37.0,120.0,24.0,211.0,31.0,153.0
27,125,5.0,0.0,1.0,[26],31.0,153.0,37.0,120.0,26.0,159.0,20.0,165.0,24.0,211.0
27,126,5.0,0.0,1.0,[26],24.0,211.0,26.0,159.0,31.0,153.0,19.0,150.0,20.0,165.0
27,127,5.0,0.0,1.0,[26],20.0,165.0,31.0,153.0,24.0,211.0,14.0,134.0,19.0,150.0
27,128,5.0,0.0,1.0,[26],19.0,150.0,24.0,211.0,20.0,165.0,16.0,156.0,14.0,134.0
27,129,5.0,0.0,1.0,[26],14.0,134.0,20.0,165.0,19.0,150.0,18.0,119.0,16.0,156.0
27,130,5.0,0.0,1.0,[26],16.0,156.0,19.0,150.0,14.0,134.0,7.0,117.0,18.0,119.0
27,131,5.0,0.0,1.0,[26],18.0,119.0,14.0,134.0,16.0,156.0,17.0,104.0,7.0,117.0
27,132,5.0,0.0,1.0,[26],7.0,117.0,16.0,156.0,18.0,119.0,6.0,69.0,17.0,104.0
27,133,5.0,0.0,1.0,[26],17.0,104.0,18.0,119.0,7.0,117.0,2.0,96.0,6.0,69.0
27,134,5.0,0.0,1.0,[26],6.0,69.0,7.0,117.0,17.0,104.0,0.0,62.0,2.0,96.0
27,135,5.0,0.0,1.0,[26],2.0,96.0,17.0,104.0,6.0,69.0,0.0,103.0,0.0,62.0
27,136,5.0,0.0,1.0,[26],0.0,62.0,6.0,69.0,2.0,96.0,0.0,88.0,0.0,103.0
27,137,5.0,0.0,1.0,[26],0.0,103.0,2.0,96.0,0.0,62.0,0.0,3.0,0.0,88.0
27,138,5.0,0.0,1.0,[26],0.0,88.0,0.0,62.0,0.0,103.0,0.0,47.0,0.0,3.0
27,139,5.0,0.0,1.0,[26],0.0,3.0,0.0,103.0,0.0,88.0,0.0,54.0,0.0,47.0
27,140,5.0,0.0,1.0,[26],0.0,47.0,0.0,88.0,0.0,3.0,0.0,47.0,0.0,54.0
27,141,5.0,0.0,1.0,[26],0.0,54.0,0.0,3.0,0.0,47.0,0.0,0.0,0.0,47.0
27,142,5.0,0.0,1.0,[26],0.0,47.0,0.0,47.0,0.0,54.0,0.0,0.0,0.0,0.0
27,143,5.0,0.0,1.0,[26],0.0,0.0,0.0,54.0,0.0,47.0,0.0,0.0,0.0,0.0
28,0,5.0,0.0,2.0,[20 29],0.0,0.0,0.0,0.0,0.0,0.0,0.0,0.0,0.0,0.0
28,1,5.0,0.0,2.0,[20 29],0.0,0.0,0.0,0.0,0.0,0.0,0.0,0.0,0.0,0.0
28,2,5.0,0.0,2.0,[20 29],0.0,0.0,0.0,0.0,0.0,0.0,0.0,0.0,0.0,0.0
28,3,5.0,0.0,2.0,[20 29],0.0,0.0,0.0,0.0,0.0,0.0,0.0,0.0,0.0,0.0
28,4,5.0,0.0,2.0,[20 29],0.0,0.0,0.0,0.0,0.0,0.0,0.0,0.0,0.0,0.0
28,5,5.0,0.0,2.0,[20 29],0.0,0.0,0.0,0.0,0.0,0.0,0.0,0.0,0.0,0.0
28,6,5.0,0.0,2.0,[20 29],0.0,0.0,0.0,0.0,0.0,0.0,0.0,0.0,0.0,0.0
28,7,5.0,0.0,2.0,[20 29],0.0,0.0,0.0,0.0,0.0,0.0,0.0,0.0,0.0,0.0
28,8,5.0,0.0,2.0,[20 29],0.0,0.0,0.0,0.0,0.0,0.0,0.0,0.0,0.0,0.0
28,9,5.0,0.0,2.0,[20 29],0.0,0.0,0.0,0.0,0.0,0.0,0.0,0.0,0.0,0.0
28,10,5.0,0.0,2.0,[20 29],0.0,0.0,0.0,0.0,0.0,0.0,0.0,0.0,0.0,0.0
28,11,5.0,0.0,2.0,[20 29],0.0,0.0,0.0,0.0,0.0,0.0,0.0,0.0,0.0,0.0
28,12,5.0,0.0,2.0,[20 29],0.0,0.0,0.0,0.0,0.0,0.0,0.0,0.0,0.0,0.0
28,13,5.0,0.0,2.0,[20 29],0.0,0.0,0.0,0.0,0.0,0.0,0.0,0.0,0.0,0.0
28,14,5.0,0.0,2.0,[20 29],0.0,0.0,0.0,0.0,0.0,0.0,0.0,0.0,0.0,0.0
28,15,5.0,0.0,2.0,[20 29],0.0,0.0,0.0,0.0,0.0,0.0,0.0,0.0,0.0,0.0
28,16,5.0,0.0,2.0,[20 29],0.0,0.0,0.0,0.0,0.0,0.0,0.0,0.0,0.0,0.0
28,17,5.0,0.0,2.0,[20 29],0.0,0.0,0.0,0.0,0.0,0.0,0.0,0.0,0.0,0.0
28,18,5.0,0.0,2.0,[20 29],0.0,0.0,0.0,0.0,0.0,0.0,0.0,0.0,0.0,0.0
28,19,5.0,0.0,2.0,[20 29],0.0,0.0,0.0,0.0,0.0,0.0,0.0,0.0,0.0,0.0
28,20,5.0,0.0,2.0,[20 29],0.0,0.0,0.0,0.0,0.0,0.0,0.0,0.0,0.0,0.0
28,21,5.0,0.0,2.0,[20 29],0.0,0.0,0.0,0.0,0.0,0.0,0.0,0.0,0.0,0.0
28,22,5.0,0.0,2.0,[20 29],0.0,0.0,0.0,0.0,0.0,0.0,0.0,0.0,0.0,0.0
28,23,5.0,0.0,2.0,[20 29],0.0,0.0,0.0,0.0,0.0,0.0,0.0,0.0,0.0,0.0
28,24,5.0,0.0,2.0,[20 29],0.0,0.0,0.0,0.0,0.0,0.0,0.0,0.0,0.0,0.0
28,25,5.0,0.0,2.0,[20 29],0.0,0.0,0.0,0.0,0.0,0.0,0.0,0.0,0.0,0.0
28,26,5.0,0.0,2.0,[20 29],0.0,0.0,0.0,0.0,0.0,0.0,0.0,0.0,0.0,0.0
28,27,5.0,0.0,2.0,[20 29],0.0,0.0,0.0,0.0,0.0,0.0,0.0,0.0,0.0,0.0
28,28,5.0,0.0,2.0,[20 29],0.0,0.0,0.0,0.0,0.0,0.0,0.0,0.0,0.0,0.0
28,29,5.0,0.0,2.0,[20 29],0.0,0.0,0.0,0.0,0.0,0.0,0.0,0.0,0.0,0.0
28,30,5.0,0.0,2.0,[20 29],0.0,0.0,0.0,0.0,0.0,0.0,0.0,0.0,0.0,0.0
28,31,5.0,0.0,2.0,[20 29],0.0,0.0,0.0,0.0,0.0,0.0,0.0,0.0,0.0,0.0
28,32,5.0,0.0,2.0,[20 29],0.0,0.0,0.0,0.0,0.0,0.0,0.0,0.0,0.0,0.0
28,33,5.0,0.0,2.0,[20 29],0.0,0.0,0.0,0.0,0.0,0.0,0.0,0.0,0.0,0.0
28,34,5.0,0.0,2.0,[20 29],0.0,0.0,0.0,0.0,0.0,0.0,14.0,0.0,0.0,0.0
28,35,5.0,0.0,2.0,[20 29],0.0,0.0,0.0,0.0,0.0,0.0,28.0,6.0,14.0,0.0
28,36,5.0,0.0,2.0,[20 29],14.0,0.0,0.0,0.0,0.0,0.0,42.0,8.0,28.0,6.0
28,37,5.0,0.0,2.0,[20 29],28.0,6.0,0.0,0.0,14.0,0.0,53.0,10.0,42.0,8.0
28,38,5.0,0.0,2.0,[20 29],42.0,8.0,14.0,0.0,28.0,6.0,85.0,38.0,53.0,10.0
28,39,5.0,0.0,2.0,[20 29],53.0,10.0,28.0,6.0,42.0,8.0,56.0,28.0,85.0,38.0
28,40,5.0,0.0,2.0,[20 29],85.0,38.0,42.0,8.0,53.0,10.0,73.0,49.0,56.0,28.0
28,41,5.0,0.0,2.0,[20 29],56.0,28.0,53.0,10.0,85.0,38.0,103.0,59.0,73.0,49.0
28,42,5.0,0.0,2.0,[20 29],73.0,49.0,85.0,38.0,56.0,28.0,139.0,71.0,103.0,59.0
28,43,5.0,0.0,2.0,[20 29],103.0,59.0,56.0,28.0,73.0,49.0,163.0,32.0,139.0,71.0
28,44,5.0,0.0,2.0,[20 29],139.0,71.0,73.0,49.0,103.0,59.0,158.0,20.0,163.0,32.0
28,45,5.0,0.0,2.0,[20 29],163.0,32.0,103.0,59.0,139.0,71.0,199.0,20.0,158.0,20.0
28,46,5.0,0.0,2.0,[20 29],158.0,20.0,139.0,71.0,163.0,32.0,220.0,43.0,199.0,20.0
28,47,5.0,0.0,2.0,[20 29],199.0,20.0,163.0,32.0,158.0,20.0,173.0,31.0,220.0,43.0
28,48,5.0,0.0,2.0,[20 29],220.0,43.0,158.0,20.0,199.0,20.0,158.0,33.0,173.0,31.0
28,49,5.0,0.0,2.0,[20 29],173.0,31.0,199.0,20.0,220.0,43.0,157.0,32.0,158.0,33.0
28,50,5.0,0.0,2.0,[20 29],158.0,33.0,220.0,43.0,173.0,31.0,132.0,48.0,157.0,32.0
28,51,5.0,0.0,2.0,[20 29],157.0,32.0,173.0,31.0,158.0,33.0,92.0,54.0,132.0,48.0
28,52,5.0,0.0,2.0,[20 29],132.0,48.0,158.0,33.0,157.0,32.0,65.0,40.0,92.0,54.0
28,53,5.0,0.0,2.0,[20 29],92.0,54.0,157.0,32.0,132.0,48.0,85.0,25.0,65.0,40.0
28,54,5.0,0.0,2.0,[20 29],65.0,40.0,132.0,48.0,92.0,54.0,72.0,12.0,85.0,25.0
28,55,5.0,0.0,2.0,[20 29],85.0,25.0,92.0,54.0,65.0,40.0,57.0,17.0,72.0,12.0
28,56,5.0,0.0,2.0,[20 29],72.0,12.0,65.0,40.0,85.0,25.0,50.0,28.0,57.0,17.0
28,57,5.0,0.0,2.0,[20 29],57.0,17.0,85.0,25.0,72.0,12.0,29.0,17.0,50.0,28.0
28,58,5.0,0.0,2.0,[20 29],50.0,28.0,72.0,12.0,57.0,17.0,36.0,20.0,29.0,17.0
28,59,5.0,0.0,2.0,[20 29],29.0,17.0,57.0,17.0,50.0,28.0,44.0,10.0,36.0,20.0
28,60,5.0,0.0,2.0,[20 29],36.0,20.0,50.0,28.0,29.0,17.0,40.0,21.0,44.0,10.0
28,61,5.0,0.0,2.0,[20 29],44.0,10.0,29.0,17.0,36.0,20.0,27.0,16.0,40.0,21.0
28,62,5.0,0.0,2.0,[20 29],40.0,21.0,36.0,20.0,44.0,10.0,29.0,18.0,27.0,16.0
28,63,5.0,0.0,2.0,[20 29],27.0,16.0,44.0,10.0,40.0,21.0,19.0,18.0,29.0,18.0
28,64,5.0,0.0,2.0,[20 29],29.0,18.0,40.0,21.0,27.0,16.0,23.0,24.0,19.0,18.0
28,65,5.0,0.0,2.0,[20 29],19.0,18.0,27.0,16.0,29.0,18.0,19.0,22.0,23.0,24.0
28,66,5.0,0.0,2.0,[20 29],23.0,24.0,29.0,18.0,19.0,18.0,33.0,16.0,19.0,22.0
28,67,5.0,0.0,2.0,[20 29],19.0,22.0,19.0,18.0,23.0,24.0,21.0,15.0,33.0,16.0
28,68,5.0,0.0,2.0,[20 29],33.0,16.0,23.0,24.0,19.0,22.0,28.0,15.0,21.0,15.0
28,69,5.0,0.0,2.0,[20 29],21.0,15.0,19.0,22.0,33.0,16.0,26.0,27.0,28.0,15.0
28,70,5.0,0.0,2.0,[20 29],28.0,15.0,33.0,16.0,21.0,15.0,21.0,27.0,26.0,27.0
28,71,5.0,0.0,2.0,[20 29],26.0,27.0,21.0,15.0,28.0,15.0,38.0,21.0,21.0,27.0
28,72,5.0,0.0,2.0,[20 29],21.0,27.0,28.0,15.0,26.0,27.0,40.0,30.0,38.0,21.0
28,73,5.0,0.0,2.0,[20 29],38.0,21.0,26.0,27.0,21.0,27.0,26.0,17.0,40.0,30.0
28,74,5.0,0.0,2.0,[20 29],40.0,30.0,21.0,27.0,38.0,21.0,23.0,11.0,26.0,17.0
28,75,5.0,0.0,2.0,[20 29],26.0,17.0,38.0,21.0,40.0,30.0,28.0,19.0,23.0,11.0
28,76,5.0,0.0,2.0,[20 29],23.0,11.0,40.0,30.0,26.0,17.0,22.0,18.0,28.0,19.0
28,77,5.0,0.0,2.0,[20 29],28.0,19.0,26.0,17.0,23.0,11.0,25.0,10.0,22.0,18.0
28,78,5.0,0.0,2.0,[20 29],22.0,18.0,23.0,11.0,28.0,19.0,24.0,19.0,25.0,10.0
28,79,5.0,0.0,2.0,[20 29],25.0,10.0,28.0,19.0,22.0,18.0,17.0,16.0,24.0,19.0
28,80,5.0,0.0,2.0,[20 29],24.0,19.0,22.0,18.0,25.0,10.0,22.0,39.0,17.0,16.0
28,81,5.0,0.0,2.0,[20 29],17.0,16.0,25.0,10.0,24.0,19.0,21.0,30.0,22.0,39.0
28,82,5.0,0.0,2.0,[20 29],22.0,39.0,24.0,19.0,17.0,16.0,10.0,12.0,21.0,30.0
28,83,5.0,0.0,2.0,[20 29],21.0,30.0,17.0,16.0,22.0,39.0,24.0,12.0,10.0,12.0
28,84,5.0,0.0,2.0,[20 29],10.0,12.0,22.0,39.0,21.0,30.0,28.0,22.0,24.0,12.0
28,85,5.0,0.0,2.0,[20 29],24.0,12.0,21.0,30.0,10.0,12.0,24.0,33.0,28.0,22.0
28,86,5.0,0.0,2.0,[20 29],28.0,22.0,10.0,12.0,24.0,12.0,32.0,26.0,24.0,33.0
28,87,5.0,0.0,2.0,[20 29],24.0,33.0,24.0,12.0,28.0,22.0,34.0,22.0,32.0,26.0
28,88,5.0,0.0,2.0,[20 29],32.0,26.0,28.0,22.0,24.0,33.0,24.0,34.0,34.0,22.0
28,89,5.0,0.0,2.0,[20 29],34.0,22.0,24.0,33.0,32.0,26.0,26.0,39.0,24.0,34.0
28,90,5.0,0.0,2.0,[20 29],24.0,34.0,32.0,26.0,34.0,22.0,41.0,41.0,26.0,39.0
28,91,5.0,0.0,2.0,[20 29],26.0,39.0,34.0,22.0,24.0,34.0,67.0,32.0,41.0,41.0
28,92,5.0,0.0,2.0,[20 29],41.0,41.0,24.0,34.0,26.0,39.0,49.0,26.0,67.0,32.0
28,93,5.0,0.0,2.0,[20 29],67.0,32.0,26.0,39.0,41.0,41.0,41.0,51.0,49.0,26.0
28,94,5.0,0.0,2.0,[20 29],49.0,26.0,41.0,41.0,67.0,32.0,38.0,47.0,41.0,51.0
28,95,5.0,0.0,2.0,[20 29],41.0,51.0,67.0,32.0,49.0,26.0,49.0,32.0,38.0,47.0
28,96,5.0,0.0,2.0,[20 29],38.0,47.0,49.0,26.0,41.0,51.0,36.0,42.0,49.0,32.0
28,97,5.0,0.0,2.0,[20 29],49.0,32.0,41.0,51.0,38.0,47.0,32.0,43.0,36.0,42.0
28,98,5.0,0.0,2.0,[20 29],36.0,42.0,38.0,47.0,49.0,32.0,36.0,73.0,32.0,43.0
28,99,5.0,0.0,2.0,[20 29],32.0,43.0,49.0,32.0,36.0,42.0,37.0,56.0,36.0,73.0
28,100,5.0,0.0,2.0,[20 29],36.0,73.0,36.0,42.0,32.0,43.0,49.0,48.0,37.0,56.0
28,101,5.0,0.0,2.0,[20 29],37.0,56.0,32.0,43.0,36.0,73.0,109.0,92.0,49.0,48.0
28,102,5.0,0.0,2.0,[20 29],49.0,48.0,36.0,73.0,37.0,56.0,74.0,56.0,109.0,92.0
28,103,5.0,0.0,2.0,[20 29],109.0,92.0,37.0,56.0,49.0,48.0,41.0,57.0,74.0,56.0
28,104,5.0,0.0,2.0,[20 29],74.0,56.0,49.0,48.0,109.0,92.0,28.0,134.0,41.0,57.0
28,105,5.0,0.0,2.0,[20 29],41.0,57.0,109.0,92.0,74.0,56.0,43.0,111.0,28.0,134.0
28,106,5.0,0.0,2.0,[20 29],28.0,134.0,74.0,56.0,41.0,57.0,41.0,111.0,43.0,111.0
28,107,5.0,0.0,2.0,[20 29],43.0,111.0,41.0,57.0,28.0,134.0,41.0,91.0,41.0,111.0
28,108,5.0,0.0,2.0,[20 29],41.0,111.0,28.0,134.0,43.0,111.0,53.0,185.0,41.0,91.0
28,109,5.0,0.0,2.0,[20 29],41.0,91.0,43.0,111.0,41.0,111.0,26.0,98.0,53.0,185.0
28,110,5.0,0.0,2.0,[20 29],53.0,185.0,41.0,111.0,41.0,91.0,36.0,112.0,26.0,98.0
28,111,5.0,0.0,2.0,[20 29],26.0,98.0,41.0,91.0,53.0,185.0,33.0,163.0,36.0,112.0
28,112,5.0,0.0,2.0,[20 29],36.0,112.0,53.0,185.0,26.0,98.0,30.0,89.0,33.0,163.0
28,113,5.0,0.0,2.0,[20 29],33.0,163.0,26.0,98.0,36.0,112.0,28.0,60.0,30.0,89.0
28,114,5.0,0.0,2.0,[20 29],30.0,89.0,36.0,112.0,33.0,163.0,17.0,106.0,28.0,60.0
28,115,5.0,0.0,2.0,[20 29],28.0,60.0,33.0,163.0,30.0,89.0,30.0,72.0,17.0,106.0
28,116,5.0,0.0,2.0,[20 29],17.0,106.0,30.0,89.0,28.0,60.0,10.0,48.0,30.0,72.0
28,117,5.0,0.0,2.0,[20 29],30.0,72.0,28.0,60.0,17.0,106.0,21.0,53.0,10.0,48.0
28,118,5.0,0.0,2.0,[20 29],10.0,48.0,17.0,106.0,30.0,72.0,13.0,76.0,21.0,53.0
28,119,5.0,0.0,2.0,[20 29],21.0,53.0,30.0,72.0,10.0,48.0,16.0,58.0,13.0,76.0
28,120,5.0,0.0,2.0,[20 29],13.0,76.0,10.0,48.0,21.0,53.0,9.0,52.0,16.0,58.0
28,121,5.0,0.0,2.0,[20 29],16.0,58.0,21.0,53.0,13.0,76.0,15.0,50.0,9.0,52.0
28,122,5.0,0.0,2.0,[20 29],9.0,52.0,13.0,76.0,16.0,58.0,11.0,69.0,15.0,50.0
28,123,5.0,0.0,2.0,[20 29],15.0,50.0,16.0,58.0,9.0,52.0,18.0,78.0,11.0,69.0
28,124,5.0,0.0,2.0,[20 29],11.0,69.0,9.0,52.0,15.0,50.0,9.0,52.0,18.0,78.0
28,125,5.0,0.0,2.0,[20 29],18.0,78.0,15.0,50.0,11.0,69.0,19.0,72.0,9.0,52.0
28,126,5.0,0.0,2.0,[20 29],9.0,52.0,11.0,69.0,18.0,78.0,11.0,78.0,19.0,72.0
28,127,5.0,0.0,2.0,[20 29],19.0,72.0,18.0,78.0,9.0,52.0,11.0,51.0,11.0,78.0
28,128,5.0,0.0,2.0,[20 29],11.0,78.0,9.0,52.0,19.0,72.0,8.0,64.0,11.0,51.0
28,129,5.0,0.0,2.0,[20 29],11.0,51.0,19.0,72.0,11.0,78.0,7.0,37.0,8.0,64.0
28,130,5.0,0.0,2.0,[20 29],8.0,64.0,11.0,78.0,11.0,51.0,16.0,50.0,7.0,37.0
28,131,5.0,0.0,2.0,[20 29],7.0,37.0,11.0,51.0,8.0,64.0,4.0,27.0,16.0,50.0
28,132,5.0,0.0,2.0,[20 29],16.0,50.0,8.0,64.0,7.0,37.0,9.0,44.0,4.0,27.0
28,133,5.0,0.0,2.0,[20 29],4.0,27.0,7.0,37.0,16.0,50.0,5.0,39.0,9.0,44.0
28,134,5.0,0.0,2.0,[20 29],9.0,44.0,16.0,50.0,4.0,27.0,5.0,61.0,5.0,39.0
28,135,5.0,0.0,2.0,[20 29],5.0,39.0,4.0,27.0,9.0,44.0,3.0,34.0,5.0,61.0
28,136,5.0,0.0,2.0,[20 29],5.0,61.0,9.0,44.0,5.0,39.0,4.0,3.0,3.0,34.0
28,137,5.0,0.0,2.0,[20 29],3.0,34.0,5.0,39.0,5.0,61.0,2.0,33.0,4.0,3.0
28,138,5.0,0.0,2.0,[20 29],4.0,3.0,5.0,61.0,3.0,34.0,3.0,31.0,2.0,33.0
28,139,5.0,0.0,2.0,[20 29],2.0,33.0,3.0,34.0,4.0,3.0,0.0,0.0,3.0,31.0
28,140,5.0,0.0,2.0,[20 29],3.0,31.0,4.0,3.0,2.0,33.0,0.0,10.0,0.0,0.0
28,141,5.0,0.0,2.0,[20 29],0.0,0.0,2.0,33.0,3.0,31.0,0.0,0.0,0.0,10.0
28,142,5.0,0.0,2.0,[20 29],0.0,10.0,3.0,31.0,0.0,0.0,0.0,0.0,0.0,0.0
28,143,5.0,0.0,2.0,[20 29],0.0,0.0,0.0,0.0,0.0,10.0,0.0,0.0,0.0,0.0
29,0,5.0,0.0,2.0,[28 30],0.0,0.0,0.0,0.0,0.0,0.0,0.0,0.0,0.0,0.0
29,1,5.0,0.0,2.0,[28 30],0.0,0.0,0.0,0.0,0.0,0.0,0.0,0.0,0.0,0.0
29,2,5.0,0.0,2.0,[28 30],0.0,0.0,0.0,0.0,0.0,0.0,0.0,0.0,0.0,0.0
29,3,5.0,0.0,2.0,[28 30],0.0,0.0,0.0,0.0,0.0,0.0,0.0,0.0,0.0,0.0
29,4,5.0,0.0,2.0,[28 30],0.0,0.0,0.0,0.0,0.0,0.0,0.0,0.0,0.0,0.0
29,5,5.0,0.0,2.0,[28 30],0.0,0.0,0.0,0.0,0.0,0.0,0.0,0.0,0.0,0.0
29,6,5.0,0.0,2.0,[28 30],0.0,0.0,0.0,0.0,0.0,0.0,0.0,0.0,0.0,0.0
29,7,5.0,0.0,2.0,[28 30],0.0,0.0,0.0,0.0,0.0,0.0,0.0,0.0,0.0,0.0
29,8,5.0,0.0,2.0,[28 30],0.0,0.0,0.0,0.0,0.0,0.0,0.0,0.0,0.0,0.0
29,9,5.0,0.0,2.0,[28 30],0.0,0.0,0.0,0.0,0.0,0.0,0.0,0.0,0.0,0.0
29,10,5.0,0.0,2.0,[28 30],0.0,0.0,0.0,0.0,0.0,0.0,0.0,0.0,0.0,0.0
29,11,5.0,0.0,2.0,[28 30],0.0,0.0,0.0,0.0,0.0,0.0,0.0,0.0,0.0,0.0
29,12,5.0,0.0,2.0,[28 30],0.0,0.0,0.0,0.0,0.0,0.0,0.0,0.0,0.0,0.0
29,13,5.0,0.0,2.0,[28 30],0.0,0.0,0.0,0.0,0.0,0.0,0.0,0.0,0.0,0.0
29,14,5.0,0.0,2.0,[28 30],0.0,0.0,0.0,0.0,0.0,0.0,0.0,0.0,0.0,0.0
29,15,5.0,0.0,2.0,[28 30],0.0,0.0,0.0,0.0,0.0,0.0,0.0,0.0,0.0,0.0
29,16,5.0,0.0,2.0,[28 30],0.0,0.0,0.0,0.0,0.0,0.0,0.0,0.0,0.0,0.0
29,17,5.0,0.0,2.0,[28 30],0.0,0.0,0.0,0.0,0.0,0.0,0.0,0.0,0.0,0.0
29,18,5.0,0.0,2.0,[28 30],0.0,0.0,0.0,0.0,0.0,0.0,0.0,0.0,0.0,0.0
29,19,5.0,0.0,2.0,[28 30],0.0,0.0,0.0,0.0,0.0,0.0,0.0,0.0,0.0,0.0
29,20,5.0,0.0,2.0,[28 30],0.0,0.0,0.0,0.0,0.0,0.0,0.0,0.0,0.0,0.0
29,21,5.0,0.0,2.0,[28 30],0.0,0.0,0.0,0.0,0.0,0.0,0.0,0.0,0.0,0.0
29,22,5.0,0.0,2.0,[28 30],0.0,0.0,0.0,0.0,0.0,0.0,0.0,0.0,0.0,0.0
29,23,5.0,0.0,2.0,[28 30],0.0,0.0,0.0,0.0,0.0,0.0,0.0,0.0,0.0,0.0
29,24,5.0,0.0,2.0,[28 30],0.0,0.0,0.0,0.0,0.0,0.0,0.0,0.0,0.0,0.0
29,25,5.0,0.0,2.0,[28 30],0.0,0.0,0.0,0.0,0.0,0.0,0.0,0.0,0.0,0.0
29,26,5.0,0.0,2.0,[28 30],0.0,0.0,0.0,0.0,0.0,0.0,0.0,0.0,0.0,0.0
29,27,5.0,0.0,2.0,[28 30],0.0,0.0,0.0,0.0,0.0,0.0,0.0,0.0,0.0,0.0
29,28,5.0,0.0,2.0,[28 30],0.0,0.0,0.0,0.0,0.0,0.0,0.0,0.0,0.0,0.0
29,29,5.0,0.0,2.0,[28 30],0.0,0.0,0.0,0.0,0.0,0.0,0.0,0.0,0.0,0.0
29,30,5.0,0.0,2.0,[28 30],0.0,0.0,0.0,0.0,0.0,0.0,1.0,0.0,0.0,0.0
29,31,5.0,0.0,2.0,[28 30],0.0,0.0,0.0,0.0,0.0,0.0,0.0,0.0,1.0,0.0
29,32,5.0,0.0,2.0,[28 30],1.0,0.0,0.0,0.0,0.0,0.0,1.0,0.0,0.0,0.0
29,33,5.0,0.0,2.0,[28 30],0.0,0.0,0.0,0.0,1.0,0.0,17.0,0.0,1.0,0.0
29,34,5.0,0.0,2.0,[28 30],1.0,0.0,1.0,0.0,0.0,0.0,30.0,0.0,17.0,0.0
29,35,5.0,0.0,2.0,[28 30],17.0,0.0,0.0,0.0,1.0,0.0,62.0,1.0,30.0,0.0
29,36,5.0,0.0,2.0,[28 30],30.0,0.0,1.0,0.0,17.0,0.0,53.0,16.0,62.0,1.0
29,37,5.0,0.0,2.0,[28 30],62.0,1.0,17.0,0.0,30.0,0.0,80.0,11.0,53.0,16.0
29,38,5.0,0.0,2.0,[28 30],53.0,16.0,30.0,0.0,62.0,1.0,91.0,10.0,80.0,11.0
29,39,5.0,0.0,2.0,[28 30],80.0,11.0,62.0,1.0,53.0,16.0,115.0,14.0,91.0,10.0
29,40,5.0,0.0,2.0,[28 30],91.0,10.0,53.0,16.0,80.0,11.0,126.0,31.0,115.0,14.0
29,41,5.0,0.0,2.0,[28 30],115.0,14.0,80.0,11.0,91.0,10.0,187.0,8.0,126.0,31.0
29,42,5.0,0.0,2.0,[28 30],126.0,31.0,91.0,10.0,115.0,14.0,210.0,25.0,187.0,8.0
29,43,5.0,0.0,2.0,[28 30],187.0,8.0,115.0,14.0,126.0,31.0,312.0,15.0,210.0,25.0
29,44,5.0,0.0,2.0,[28 30],210.0,25.0,126.0,31.0,187.0,8.0,315.0,52.0,312.0,15.0
29,45,5.0,0.0,2.0,[28 30],312.0,15.0,187.0,8.0,210.0,25.0,308.0,49.0,315.0,52.0
29,46,5.0,0.0,2.0,[28 30],315.0,52.0,210.0,25.0,312.0,15.0,335.0,55.0,308.0,49.0
29,47,5.0,0.0,2.0,[28 30],308.0,49.0,312.0,15.0,315.0,52.0,301.0,94.0,335.0,55.0
29,48,5.0,0.0,2.0,[28 30],335.0,55.0,315.0,52.0,308.0,49.0,262.0,86.0,301.0,94.0
29,49,5.0,0.0,2.0,[28 30],301.0,94.0,308.0,49.0,335.0,55.0,271.0,57.0,262.0,86.0
29,50,5.0,0.0,2.0,[28 30],262.0,86.0,335.0,55.0,301.0,94.0,195.0,63.0,271.0,57.0
29,51,5.0,0.0,2.0,[28 30],271.0,57.0,301.0,94.0,262.0,86.0,160.0,42.0,195.0,63.0
29,52,5.0,0.0,2.0,[28 30],195.0,63.0,262.0,86.0,271.0,57.0,162.0,49.0,160.0,42.0
29,53,5.0,0.0,2.0,[28 30],160.0,42.0,271.0,57.0,195.0,63.0,123.0,48.0,162.0,49.0
29,54,5.0,0.0,2.0,[28 30],162.0,49.0,195.0,63.0,160.0,42.0,109.0,79.0,123.0,48.0
29,55,5.0,0.0,2.0,[28 30],123.0,48.0,160.0,42.0,162.0,49.0,94.0,42.0,109.0,79.0
29,56,5.0,0.0,2.0,[28 30],109.0,79.0,162.0,49.0,123.0,48.0,84.0,53.0,94.0,42.0
29,57,5.0,0.0,2.0,[28 30],94.0,42.0,123.0,48.0,109.0,79.0,62.0,56.0,84.0,53.0
29,58,5.0,0.0,2.0,[28 30],84.0,53.0,109.0,79.0,94.0,42.0,77.0,80.0,62.0,56.0
29,59,5.0,0.0,2.0,[28 30],62.0,56.0,94.0,42.0,84.0,53.0,76.0,44.0,77.0,80.0
29,60,5.0,0.0,2.0,[28 30],77.0,80.0,84.0,53.0,62.0,56.0,72.0,44.0,76.0,44.0
29,61,5.0,0.0,2.0,[28 30],76.0,44.0,62.0,56.0,77.0,80.0,72.0,39.0,72.0,44.0
29,62,5.0,0.0,2.0,[28 30],72.0,44.0,77.0,80.0,76.0,44.0,67.0,38.0,72.0,39.0
29,63,5.0,0.0,2.0,[28 30],72.0,39.0,76.0,44.0,72.0,44.0,52.0,62.0,67.0,38.0
29,64,5.0,0.0,2.0,[28 30],67.0,38.0,72.0,44.0,72.0,39.0,65.0,62.0,52.0,62.0
29,65,5.0,0.0,2.0,[28 30],52.0,62.0,72.0,39.0,67.0,38.0,58.0,69.0,65.0,62.0
29,66,5.0,0.0,2.0,[28 30],65.0,62.0,67.0,38.0,52.0,62.0,58.0,86.0,58.0,69.0
29,67,5.0,0.0,2.0,[28 30],58.0,69.0,52.0,62.0,65.0,62.0,65.0,69.0,58.0,86.0
29,68,5.0,0.0,2.0,[28 30],58.0,86.0,65.0,62.0,58.0,69.0,74.0,29.0,65.0,69.0
29,69,5.0,0.0,2.0,[28 30],65.0,69.0,58.0,69.0,58.0,86.0,55.0,76.0,74.0,29.0
29,70,5.0,0.0,2.0,[28 30],74.0,29.0,58.0,86.0,65.0,69.0,68.0,63.0,55.0,76.0
29,71,5.0,0.0,2.0,[28 30],55.0,76.0,65.0,69.0,74.0,29.0,82.0,70.0,68.0,63.0
29,72,5.0,0.0,2.0,[28 30],68.0,63.0,74.0,29.0,55.0,76.0,75.0,59.0,82.0,70.0
29,73,5.0,0.0,2.0,[28 30],82.0,70.0,55.0,76.0,68.0,63.0,70.0,69.0,75.0,59.0
29,74,5.0,0.0,2.0,[28 30],75.0,59.0,68.0,63.0,82.0,70.0,95.0,108.0,70.0,69.0
29,75,5.0,0.0,2.0,[28 30],70.0,69.0,82.0,70.0,75.0,59.0,89.0,67.0,95.0,108.0
29,76,5.0,0.0,2.0,[28 30],95.0,108.0,75.0,59.0,70.0,69.0,71.0,75.0,89.0,67.0
29,77,5.0,0.0,2.0,[28 30],89.0,67.0,70.0,69.0,95.0,108.0,88.0,71.0,71.0,75.0
29,78,5.0,0.0,2.0,[28 30],71.0,75.0,95.0,108.0,89.0,67.0,68.0,50.0,88.0,71.0
29,79,5.0,0.0,2.0,[28 30],88.0,71.0,89.0,67.0,71.0,75.0,73.0,73.0,68.0,50.0
29,80,5.0,0.0,2.0,[28 30],68.0,50.0,71.0,75.0,88.0,71.0,86.0,54.0,73.0,73.0
29,81,5.0,0.0,2.0,[28 30],73.0,73.0,88.0,71.0,68.0,50.0,70.0,54.0,86.0,54.0
29,82,5.0,0.0,2.0,[28 30],86.0,54.0,68.0,50.0,73.0,73.0,68.0,61.0,70.0,54.0
29,83,5.0,0.0,2.0,[28 30],70.0,54.0,73.0,73.0,86.0,54.0,91.0,54.0,68.0,61.0
29,84,5.0,0.0,2.0,[28 30],68.0,61.0,86.0,54.0,70.0,54.0,84.0,101.0,91.0,54.0
29,85,5.0,0.0,2.0,[28 30],91.0,54.0,70.0,54.0,68.0,61.0,151.0,85.0,84.0,101.0
29,86,5.0,0.0,2.0,[28 30],84.0,101.0,68.0,61.0,91.0,54.0,156.0,78.0,151.0,85.0
29,87,5.0,0.0,2.0,[28 30],151.0,85.0,91.0,54.0,84.0,101.0,133.0,79.0,156.0,78.0
29,88,5.0,0.0,2.0,[28 30],156.0,78.0,84.0,101.0,151.0,85.0,118.0,74.0,133.0,79.0
29,89,5.0,0.0,2.0,[28 30],133.0,79.0,151.0,85.0,156.0,78.0,88.0,108.0,118.0,74.0
29,90,5.0,0.0,2.0,[28 30],118.0,74.0,156.0,78.0,133.0,79.0,71.0,118.0,88.0,108.0
29,91,5.0,0.0,2.0,[28 30],88.0,108.0,133.0,79.0,118.0,74.0,72.0,91.0,71.0,118.0
29,92,5.0,0.0,2.0,[28 30],71.0,118.0,118.0,74.0,88.0,108.0,71.0,124.0,72.0,91.0
29,93,5.0,0.0,2.0,[28 30],72.0,91.0,88.0,108.0,71.0,118.0,66.0,126.0,71.0,124.0
29,94,5.0,0.0,2.0,[28 30],71.0,124.0,71.0,118.0,72.0,91.0,55.0,193.0,66.0,126.0
29,95,5.0,0.0,2.0,[28 30],66.0,126.0,72.0,91.0,71.0,124.0,70.0,104.0,55.0,193.0
29,96,5.0,0.0,2.0,[28 30],55.0,193.0,71.0,124.0,66.0,126.0,58.0,111.0,70.0,104.0
29,97,5.0,0.0,2.0,[28 30],70.0,104.0,66.0,126.0,55.0,193.0,61.0,115.0,58.0,111.0
29,98,5.0,0.0,2.0,[28 30],58.0,111.0,55.0,193.0,70.0,104.0,106.0,107.0,61.0,115.0
29,99,5.0,0.0,2.0,[28 30],61.0,115.0,70.0,104.0,58.0,111.0,81.0,99.0,106.0,107.0
29,100,5.0,0.0,2.0,[28 30],106.0,107.0,58.0,111.0,61.0,115.0,105.0,125.0,81.0,99.0
29,101,5.0,0.0,2.0,[28 30],81.0,99.0,61.0,115.0,106.0,107.0,81.0,98.0,105.0,125.0
29,102,5.0,0.0,2.0,[28 30],105.0,125.0,106.0,107.0,81.0,99.0,112.0,158.0,81.0,98.0
29,103,5.0,0.0,2.0,[28 30],81.0,98.0,81.0,99.0,105.0,125.0,80.0,240.0,112.0,158.0
29,104,5.0,0.0,2.0,[28 30],112.0,158.0,105.0,125.0,81.0,98.0,93.0,157.0,80.0,240.0
29,105,5.0,0.0,2.0,[28 30],80.0,240.0,81.0,98.0,112.0,158.0,99.0,169.0,93.0,157.0
29,106,5.0,0.0,2.0,[28 30],93.0,157.0,112.0,158.0,80.0,240.0,74.0,280.0,99.0,169.0
29,107,5.0,0.0,2.0,[28 30],99.0,169.0,80.0,240.0,93.0,157.0,111.0,201.0,74.0,280.0
29,108,5.0,0.0,2.0,[28 30],74.0,280.0,93.0,157.0,99.0,169.0,77.0,164.0,111.0,201.0
29,109,5.0,0.0,2.0,[28 30],111.0,201.0,99.0,169.0,74.0,280.0,82.0,366.0,77.0,164.0
29,110,5.0,0.0,2.0,[28 30],77.0,164.0,74.0,280.0,111.0,201.0,73.0,205.0,82.0,366.0
29,111,5.0,0.0,2.0,[28 30],82.0,366.0,111.0,201.0,77.0,164.0,71.0,167.0,73.0,205.0
29,112,5.0,0.0,2.0,[28 30],73.0,205.0,77.0,164.0,82.0,366.0,71.0,287.0,71.0,167.0
29,113,5.0,0.0,2.0,[28 30],71.0,167.0,82.0,366.0,73.0,205.0,73.0,152.0,71.0,287.0
29,114,5.0,0.0,2.0,[28 30],71.0,287.0,73.0,205.0,71.0,167.0,42.0,129.0,73.0,152.0
29,115,5.0,0.0,2.0,[28 30],73.0,152.0,71.0,167.0,71.0,287.0,62.0,153.0,42.0,129.0
29,116,5.0,0.0,2.0,[28 30],42.0,129.0,71.0,287.0,73.0,152.0,52.0,211.0,62.0,153.0
29,117,5.0,0.0,2.0,[28 30],62.0,153.0,73.0,152.0,42.0,129.0,63.0,95.0,52.0,211.0
29,118,5.0,0.0,2.0,[28 30],52.0,211.0,42.0,129.0,62.0,153.0,51.0,98.0,63.0,95.0
29,119,5.0,0.0,2.0,[28 30],63.0,95.0,62.0,153.0,52.0,211.0,43.0,73.0,51.0,98.0
29,120,5.0,0.0,2.0,[28 30],51.0,98.0,52.0,211.0,63.0,95.0,50.0,91.0,43.0,73.0
29,121,5.0,0.0,2.0,[28 30],43.0,73.0,63.0,95.0,51.0,98.0,51.0,117.0,50.0,91.0
29,122,5.0,0.0,2.0,[28 30],50.0,91.0,51.0,98.0,43.0,73.0,54.0,82.0,51.0,117.0
29,123,5.0,0.0,2.0,[28 30],51.0,117.0,43.0,73.0,50.0,91.0,37.0,106.0,54.0,82.0
29,124,5.0,0.0,2.0,[28 30],54.0,82.0,50.0,91.0,51.0,117.0,58.0,106.0,37.0,106.0
29,125,5.0,0.0,2.0,[28 30],37.0,106.0,51.0,117.0,54.0,82.0,47.0,82.0,58.0,106.0
29,126,5.0,0.0,2.0,[28 30],58.0,106.0,54.0,82.0,37.0,106.0,58.0,99.0,47.0,82.0
29,127,5.0,0.0,2.0,[28 30],47.0,82.0,37.0,106.0,58.0,106.0,59.0,94.0,58.0,99.0
29,128,5.0,0.0,2.0,[28 30],58.0,99.0,58.0,106.0,47.0,82.0,45.0,109.0,59.0,94.0
29,129,5.0,0.0,2.0,[28 30],59.0,94.0,47.0,82.0,58.0,99.0,36.0,64.0,45.0,109.0
29,130,5.0,0.0,2.0,[28 30],45.0,109.0,58.0,99.0,59.0,94.0,39.0,69.0,36.0,64.0
29,131,5.0,0.0,2.0,[28 30],36.0,64.0,59.0,94.0,45.0,109.0,32.0,65.0,39.0,69.0
29,132,5.0,0.0,2.0,[28 30],39.0,69.0,45.0,109.0,36.0,64.0,22.0,85.0,32.0,65.0
29,133,5.0,0.0,2.0,[28 30],32.0,65.0,36.0,64.0,39.0,69.0,31.0,53.0,22.0,85.0
29,134,5.0,0.0,2.0,[28 30],22.0,85.0,39.0,69.0,32.0,65.0,19.0,59.0,31.0,53.0
29,135,5.0,0.0,2.0,[28 30],31.0,53.0,32.0,65.0,22.0,85.0,2.0,70.0,19.0,59.0
29,136,5.0,0.0,2.0,[28 30],19.0,59.0,22.0,85.0,31.0,53.0,0.0,31.0,2.0,70.0
29,137,5.0,0.0,2.0,[28 30],2.0,70.0,31.0,53.0,19.0,59.0,3.0,44.0,0.0,31.0
29,138,5.0,0.0,2.0,[28 30],0.0,31.0,19.0,59.0,2.0,70.0,2.0,47.0,3.0,44.0
29,139,5.0,0.0,2.0,[28 30],3.0,44.0,2.0,70.0,0.0,31.0,0.0,0.0,2.0,47.0
29,140,5.0,0.0,2.0,[28 30],2.0,47.0,0.0,31.0,3.0,44.0,0.0,25.0,0.0,0.0
29,141,5.0,0.0,2.0,[28 30],0.0,0.0,3.0,44.0,2.0,47.0,0.0,0.0,0.0,25.0
29,142,5.0,0.0,2.0,[28 30],0.0,25.0,2.0,47.0,0.0,0.0,0.0,0.0,0.0,0.0
29,143,5.0,0.0,2.0,[28 30],0.0,0.0,0.0,0.0,0.0,25.0,0.0,0.0,0.0,0.0
30,0,5.0,0.0,2.0,[29 31],0.0,1.0,0.0,0.0,0.0,0.0,0.0,0.0,0.0,0.0
30,1,5.0,0.0,2.0,[29 31],0.0,0.0,0.0,0.0,0.0,1.0,0.0,0.0,0.0,0.0
30,2,5.0,0.0,2.0,[29 31],0.0,0.0,0.0,1.0,0.0,0.0,4.0,1.0,0.0,0.0
30,3,5.0,0.0,2.0,[29 31],0.0,0.0,0.0,0.0,0.0,0.0,0.0,3.0,4.0,1.0
30,4,5.0,0.0,2.0,[29 31],4.0,1.0,0.0,0.0,0.0,0.0,0.0,0.0,0.0,3.0
30,5,5.0,0.0,2.0,[29 31],0.0,3.0,0.0,0.0,4.0,1.0,0.0,0.0,0.0,0.0
30,6,5.0,0.0,2.0,[29 31],0.0,0.0,4.0,1.0,0.0,3.0,0.0,0.0,0.0,0.0
30,7,5.0,0.0,2.0,[29 31],0.0,0.0,0.0,3.0,0.0,0.0,0.0,0.0,0.0,0.0
30,8,5.0,0.0,2.0,[29 31],0.0,0.0,0.0,0.0,0.0,0.0,0.0,0.0,0.0,0.0
30,9,5.0,0.0,2.0,[29 31],0.0,0.0,0.0,0.0,0.0,0.0,0.0,0.0,0.0,0.0
30,10,5.0,0.0,2.0,[29 31],0.0,0.0,0.0,0.0,0.0,0.0,0.0,0.0,0.0,0.0
30,11,5.0,0.0,2.0,[29 31],0.0,0.0,0.0,0.0,0.0,0.0,0.0,0.0,0.0,0.0
30,12,5.0,0.0,2.0,[29 31],0.0,0.0,0.0,0.0,0.0,0.0,0.0,0.0,0.0,0.0
30,13,5.0,0.0,2.0,[29 31],0.0,0.0,0.0,0.0,0.0,0.0,0.0,0.0,0.0,0.0
30,14,5.0,0.0,2.0,[29 31],0.0,0.0,0.0,0.0,0.0,0.0,0.0,0.0,0.0,0.0
30,15,5.0,0.0,2.0,[29 31],0.0,0.0,0.0,0.0,0.0,0.0,0.0,0.0,0.0,0.0
30,16,5.0,0.0,2.0,[29 31],0.0,0.0,0.0,0.0,0.0,0.0,0.0,0.0,0.0,0.0
30,17,5.0,0.0,2.0,[29 31],0.0,0.0,0.0,0.0,0.0,0.0,0.0,0.0,0.0,0.0
30,18,5.0,0.0,2.0,[29 31],0.0,0.0,0.0,0.0,0.0,0.0,0.0,0.0,0.0,0.0
30,19,5.0,0.0,2.0,[29 31],0.0,0.0,0.0,0.0,0.0,0.0,0.0,0.0,0.0,0.0
30,20,5.0,0.0,2.0,[29 31],0.0,0.0,0.0,0.0,0.0,0.0,0.0,0.0,0.0,0.0
30,21,5.0,0.0,2.0,[29 31],0.0,0.0,0.0,0.0,0.0,0.0,0.0,0.0,0.0,0.0
30,22,5.0,0.0,2.0,[29 31],0.0,0.0,0.0,0.0,0.0,0.0,0.0,0.0,0.0,0.0
30,23,5.0,0.0,2.0,[29 31],0.0,0.0,0.0,0.0,0.0,0.0,0.0,0.0,0.0,0.0
30,24,5.0,0.0,2.0,[29 31],0.0,0.0,0.0,0.0,0.0,0.0,0.0,0.0,0.0,0.0
30,25,5.0,0.0,2.0,[29 31],0.0,0.0,0.0,0.0,0.0,0.0,0.0,0.0,0.0,0.0
30,26,5.0,0.0,2.0,[29 31],0.0,0.0,0.0,0.0,0.0,0.0,1.0,1.0,0.0,0.0
30,27,5.0,0.0,2.0,[29 31],0.0,0.0,0.0,0.0,0.0,0.0,1.0,1.0,1.0,1.0
30,28,5.0,0.0,2.0,[29 31],1.0,1.0,0.0,0.0,0.0,0.0,0.0,0.0,1.0,1.0
30,29,5.0,0.0,2.0,[29 31],1.0,1.0,0.0,0.0,1.0,1.0,0.0,0.0,0.0,0.0
30,30,5.0,0.0,2.0,[29 31],0.0,0.0,1.0,1.0,1.0,1.0,0.0,0.0,0.0,0.0
30,31,5.0,0.0,2.0,[29 31],0.0,0.0,1.0,1.0,0.0,0.0,0.0,0.0,0.0,0.0
30,32,5.0,0.0,2.0,[29 31],0.0,0.0,0.0,0.0,0.0,0.0,0.0,0.0,0.0,0.0
30,33,5.0,0.0,2.0,[29 31],0.0,0.0,0.0,0.0,0.0,0.0,13.0,2.0,0.0,0.0
30,34,5.0,0.0,2.0,[29 31],0.0,0.0,0.0,0.0,0.0,0.0,37.0,2.0,13.0,2.0
30,35,5.0,0.0,2.0,[29 31],13.0,2.0,0.0,0.0,0.0,0.0,56.0,0.0,37.0,2.0
30,36,5.0,0.0,2.0,[29 31],37.0,2.0,0.0,0.0,13.0,2.0,61.0,9.0,56.0,0.0
30,37,5.0,0.0,2.0,[29 31],56.0,0.0,13.0,2.0,37.0,2.0,80.0,3.0,61.0,9.0
30,38,5.0,0.0,2.0,[29 31],61.0,9.0,37.0,2.0,56.0,0.0,81.0,4.0,80.0,3.0
30,39,5.0,0.0,2.0,[29 31],80.0,3.0,56.0,0.0,61.0,9.0,119.0,26.0,81.0,4.0
30,40,5.0,0.0,2.0,[29 31],81.0,4.0,61.0,9.0,80.0,3.0,129.0,14.0,119.0,26.0
30,41,5.0,0.0,2.0,[29 31],119.0,26.0,80.0,3.0,81.0,4.0,148.0,44.0,129.0,14.0
30,42,5.0,0.0,2.0,[29 31],129.0,14.0,81.0,4.0,119.0,26.0,196.0,47.0,148.0,44.0
30,43,5.0,0.0,2.0,[29 31],148.0,44.0,119.0,26.0,129.0,14.0,266.0,48.0,196.0,47.0
30,44,5.0,0.0,2.0,[29 31],196.0,47.0,129.0,14.0,148.0,44.0,257.0,68.0,266.0,48.0
30,45,5.0,0.0,2.0,[29 31],266.0,48.0,148.0,44.0,196.0,47.0,326.0,95.0,257.0,68.0
30,46,5.0,0.0,2.0,[29 31],257.0,68.0,196.0,47.0,266.0,48.0,299.0,119.0,326.0,95.0
30,47,5.0,0.0,2.0,[29 31],326.0,95.0,266.0,48.0,257.0,68.0,280.0,120.0,299.0,119.0
30,48,5.0,0.0,2.0,[29 31],299.0,119.0,257.0,68.0,326.0,95.0,216.0,124.0,280.0,120.0
30,49,5.0,0.0,2.0,[29 31],280.0,120.0,326.0,95.0,299.0,119.0,198.0,116.0,216.0,124.0
30,50,5.0,0.0,2.0,[29 31],216.0,124.0,299.0,119.0,280.0,120.0,145.0,96.0,198.0,116.0
30,51,5.0,0.0,2.0,[29 31],198.0,116.0,280.0,120.0,216.0,124.0,117.0,79.0,145.0,96.0
30,52,5.0,0.0,2.0,[29 31],145.0,96.0,216.0,124.0,198.0,116.0,95.0,65.0,117.0,79.0
30,53,5.0,0.0,2.0,[29 31],117.0,79.0,198.0,116.0,145.0,96.0,87.0,52.0,95.0,65.0
30,54,5.0,0.0,2.0,[29 31],95.0,65.0,145.0,96.0,117.0,79.0,72.0,52.0,87.0,52.0
30,55,5.0,0.0,2.0,[29 31],87.0,52.0,117.0,79.0,95.0,65.0,60.0,55.0,72.0,52.0
30,56,5.0,0.0,2.0,[29 31],72.0,52.0,95.0,65.0,87.0,52.0,61.0,44.0,60.0,55.0
30,57,5.0,0.0,2.0,[29 31],60.0,55.0,87.0,52.0,72.0,52.0,54.0,56.0,61.0,44.0
30,58,5.0,0.0,2.0,[29 31],61.0,44.0,72.0,52.0,60.0,55.0,54.0,38.0,54.0,56.0
30,59,5.0,0.0,2.0,[29 31],54.0,56.0,60.0,55.0,61.0,44.0,63.0,23.0,54.0,38.0
30,60,5.0,0.0,2.0,[29 31],54.0,38.0,61.0,44.0,54.0,56.0,58.0,57.0,63.0,23.0
30,61,5.0,0.0,2.0,[29 31],63.0,23.0,54.0,56.0,54.0,38.0,64.0,33.0,58.0,57.0
30,62,5.0,0.0,2.0,[29 31],58.0,57.0,54.0,38.0,63.0,23.0,54.0,55.0,64.0,33.0
30,63,5.0,0.0,2.0,[29 31],64.0,33.0,63.0,23.0,58.0,57.0,52.0,35.0,54.0,55.0
30,64,5.0,0.0,2.0,[29 31],54.0,55.0,58.0,57.0,64.0,33.0,48.0,33.0,52.0,35.0
30,65,5.0,0.0,2.0,[29 31],52.0,35.0,64.0,33.0,54.0,55.0,49.0,35.0,48.0,33.0
30,66,5.0,0.0,2.0,[29 31],48.0,33.0,54.0,55.0,52.0,35.0,33.0,39.0,49.0,35.0
30,67,5.0,0.0,2.0,[29 31],49.0,35.0,52.0,35.0,48.0,33.0,43.0,38.0,33.0,39.0
30,68,5.0,0.0,2.0,[29 31],33.0,39.0,48.0,33.0,49.0,35.0,46.0,53.0,43.0,38.0
30,69,5.0,0.0,2.0,[29 31],43.0,38.0,49.0,35.0,33.0,39.0,37.0,33.0,46.0,53.0
30,70,5.0,0.0,2.0,[29 31],46.0,53.0,33.0,39.0,43.0,38.0,40.0,40.0,37.0,33.0
30,71,5.0,0.0,2.0,[29 31],37.0,33.0,43.0,38.0,46.0,53.0,57.0,32.0,40.0,40.0
30,72,5.0,0.0,2.0,[29 31],40.0,40.0,46.0,53.0,37.0,33.0,56.0,39.0,57.0,32.0
30,73,5.0,0.0,2.0,[29 31],57.0,32.0,37.0,33.0,40.0,40.0,67.0,37.0,56.0,39.0
30,74,5.0,0.0,2.0,[29 31],56.0,39.0,40.0,40.0,57.0,32.0,75.0,32.0,67.0,37.0
30,75,5.0,0.0,2.0,[29 31],67.0,37.0,57.0,32.0,56.0,39.0,48.0,36.0,75.0,32.0
30,76,5.0,0.0,2.0,[29 31],75.0,32.0,56.0,39.0,67.0,37.0,52.0,36.0,48.0,36.0
30,77,5.0,0.0,2.0,[29 31],48.0,36.0,67.0,37.0,75.0,32.0,47.0,39.0,52.0,36.0
30,78,5.0,0.0,2.0,[29 31],52.0,36.0,75.0,32.0,48.0,36.0,35.0,76.0,47.0,39.0
30,79,5.0,0.0,2.0,[29 31],47.0,39.0,48.0,36.0,52.0,36.0,45.0,47.0,35.0,76.0
30,80,5.0,0.0,2.0,[29 31],35.0,76.0,52.0,36.0,47.0,39.0,63.0,42.0,45.0,47.0
30,81,5.0,0.0,2.0,[29 31],45.0,47.0,47.0,39.0,35.0,76.0,43.0,43.0,63.0,42.0
30,82,5.0,0.0,2.0,[29 31],63.0,42.0,35.0,76.0,45.0,47.0,53.0,39.0,43.0,43.0
30,83,5.0,0.0,2.0,[29 31],43.0,43.0,45.0,47.0,63.0,42.0,43.0,29.0,53.0,39.0
30,84,5.0,0.0,2.0,[29 31],53.0,39.0,63.0,42.0,43.0,43.0,43.0,39.0,43.0,29.0
30,85,5.0,0.0,2.0,[29 31],43.0,29.0,43.0,43.0,53.0,39.0,75.0,47.0,43.0,39.0
30,86,5.0,0.0,2.0,[29 31],43.0,39.0,53.0,39.0,43.0,29.0,65.0,70.0,75.0,47.0
30,87,5.0,0.0,2.0,[29 31],75.0,47.0,43.0,29.0,43.0,39.0,71.0,68.0,65.0,70.0
30,88,5.0,0.0,2.0,[29 31],65.0,70.0,43.0,39.0,75.0,47.0,91.0,46.0,71.0,68.0
30,89,5.0,0.0,2.0,[29 31],71.0,68.0,75.0,47.0,65.0,70.0,69.0,60.0,91.0,46.0
30,90,5.0,0.0,2.0,[29 31],91.0,46.0,65.0,70.0,71.0,68.0,65.0,45.0,69.0,60.0
30,91,5.0,0.0,2.0,[29 31],69.0,60.0,71.0,68.0,91.0,46.0,48.0,64.0,65.0,45.0
30,92,5.0,0.0,2.0,[29 31],65.0,45.0,91.0,46.0,69.0,60.0,62.0,66.0,48.0,64.0
30,93,5.0,0.0,2.0,[29 31],48.0,64.0,69.0,60.0,65.0,45.0,57.0,52.0,62.0,66.0
30,94,5.0,0.0,2.0,[29 31],62.0,66.0,65.0,45.0,48.0,64.0,62.0,99.0,57.0,52.0
30,95,5.0,0.0,2.0,[29 31],57.0,52.0,48.0,64.0,62.0,66.0,54.0,63.0,62.0,99.0
30,96,5.0,0.0,2.0,[29 31],62.0,99.0,62.0,66.0,57.0,52.0,48.0,117.0,54.0,63.0
30,97,5.0,0.0,2.0,[29 31],54.0,63.0,57.0,52.0,62.0,99.0,59.0,92.0,48.0,117.0
30,98,5.0,0.0,2.0,[29 31],48.0,117.0,62.0,99.0,54.0,63.0,54.0,65.0,59.0,92.0
30,99,5.0,0.0,2.0,[29 31],59.0,92.0,54.0,63.0,48.0,117.0,53.0,63.0,54.0,65.0
30,100,5.0,0.0,2.0,[29 31],54.0,65.0,48.0,117.0,59.0,92.0,72.0,84.0,53.0,63.0
30,101,5.0,0.0,2.0,[29 31],53.0,63.0,59.0,92.0,54.0,65.0,61.0,72.0,72.0,84.0
30,102,5.0,0.0,2.0,[29 31],72.0,84.0,54.0,65.0,53.0,63.0,81.0,127.0,61.0,72.0
30,103,5.0,0.0,2.0,[29 31],61.0,72.0,53.0,63.0,72.0,84.0,68.0,120.0,81.0,127.0
30,104,5.0,0.0,2.0,[29 31],81.0,127.0,72.0,84.0,61.0,72.0,133.0,159.0,68.0,120.0
30,105,5.0,0.0,2.0,[29 31],68.0,120.0,61.0,72.0,81.0,127.0,146.0,143.0,133.0,159.0
30,106,5.0,0.0,2.0,[29 31],133.0,159.0,81.0,127.0,68.0,120.0,88.0,128.0,146.0,143.0
30,107,5.0,0.0,2.0,[29 31],146.0,143.0,68.0,120.0,133.0,159.0,112.0,241.0,88.0,128.0
30,108,5.0,0.0,2.0,[29 31],88.0,128.0,133.0,159.0,146.0,143.0,73.0,168.0,112.0,241.0
30,109,5.0,0.0,2.0,[29 31],112.0,241.0,146.0,143.0,88.0,128.0,60.0,158.0,73.0,168.0
30,110,5.0,0.0,2.0,[29 31],73.0,168.0,88.0,128.0,112.0,241.0,64.0,226.0,60.0,158.0
30,111,5.0,0.0,2.0,[29 31],60.0,158.0,112.0,241.0,73.0,168.0,50.0,201.0,64.0,226.0
30,112,5.0,0.0,2.0,[29 31],64.0,226.0,73.0,168.0,60.0,158.0,38.0,113.0,50.0,201.0
30,113,5.0,0.0,2.0,[29 31],50.0,201.0,60.0,158.0,64.0,226.0,33.0,182.0,38.0,113.0
30,114,5.0,0.0,2.0,[29 31],38.0,113.0,64.0,226.0,50.0,201.0,47.0,121.0,33.0,182.0
30,115,5.0,0.0,2.0,[29 31],33.0,182.0,50.0,201.0,38.0,113.0,37.0,104.0,47.0,121.0
30,116,5.0,0.0,2.0,[29 31],47.0,121.0,38.0,113.0,33.0,182.0,40.0,94.0,37.0,104.0
30,117,5.0,0.0,2.0,[29 31],37.0,104.0,33.0,182.0,47.0,121.0,34.0,136.0,40.0,94.0
30,118,5.0,0.0,2.0,[29 31],40.0,94.0,47.0,121.0,37.0,104.0,32.0,56.0,34.0,136.0
30,119,5.0,0.0,2.0,[29 31],34.0,136.0,37.0,104.0,40.0,94.0,43.0,155.0,32.0,56.0
30,120,5.0,0.0,2.0,[29 31],32.0,56.0,40.0,94.0,34.0,136.0,43.0,52.0,43.0,155.0
30,121,5.0,0.0,2.0,[29 31],43.0,155.0,34.0,136.0,32.0,56.0,37.0,64.0,43.0,52.0
30,122,5.0,0.0,2.0,[29 31],43.0,52.0,32.0,56.0,43.0,155.0,41.0,71.0,37.0,64.0
30,123,5.0,0.0,2.0,[29 31],37.0,64.0,43.0,155.0,43.0,52.0,40.0,72.0,41.0,71.0
30,124,5.0,0.0,2.0,[29 31],41.0,71.0,43.0,52.0,37.0,64.0,38.0,82.0,40.0,72.0
30,125,5.0,0.0,2.0,[29 31],40.0,72.0,37.0,64.0,41.0,71.0,26.0,73.0,38.0,82.0
30,126,5.0,0.0,2.0,[29 31],38.0,82.0,41.0,71.0,40.0,72.0,33.0,90.0,26.0,73.0
30,127,5.0,0.0,2.0,[29 31],26.0,73.0,40.0,72.0,38.0,82.0,33.0,67.0,33.0,90.0
30,128,5.0,0.0,2.0,[29 31],33.0,90.0,38.0,82.0,26.0,73.0,17.0,69.0,33.0,67.0
30,129,5.0,0.0,2.0,[29 31],33.0,67.0,26.0,73.0,33.0,90.0,21.0,59.0,17.0,69.0
30,130,5.0,0.0,2.0,[29 31],17.0,69.0,33.0,90.0,33.0,67.0,18.0,61.0,21.0,59.0
30,131,5.0,0.0,2.0,[29 31],21.0,59.0,33.0,67.0,17.0,69.0,21.0,106.0,18.0,61.0
30,132,5.0,0.0,2.0,[29 31],18.0,61.0,17.0,69.0,21.0,59.0,18.0,56.0,21.0,106.0
30,133,5.0,0.0,2.0,[29 31],21.0,106.0,21.0,59.0,18.0,61.0,18.0,55.0,18.0,56.0
30,134,5.0,0.0,2.0,[29 31],18.0,56.0,18.0,61.0,21.0,106.0,5.0,33.0,18.0,55.0
30,135,5.0,0.0,2.0,[29 31],18.0,55.0,21.0,106.0,18.0,56.0,5.0,58.0,5.0,33.0
30,136,5.0,0.0,2.0,[29 31],5.0,33.0,18.0,56.0,18.0,55.0,5.0,41.0,5.0,58.0
30,137,5.0,0.0,2.0,[29 31],5.0,58.0,18.0,55.0,5.0,33.0,1.0,27.0,5.0,41.0
30,138,5.0,0.0,2.0,[29 31],5.0,41.0,5.0,33.0,5.0,58.0,0.0,5.0,1.0,27.0
30,139,5.0,0.0,2.0,[29 31],1.0,27.0,5.0,58.0,5.0,41.0,0.0,31.0,0.0,5.0
30,140,5.0,0.0,2.0,[29 31],0.0,5.0,5.0,41.0,1.0,27.0,2.0,2.0,0.0,31.0
30,141,5.0,0.0,2.0,[29 31],0.0,31.0,1.0,27.0,0.0,5.0,0.0,19.0,2.0,2.0
30,142,5.0,0.0,2.0,[29 31],2.0,2.0,0.0,5.0,0.0,31.0,0.0,0.0,0.0,19.0
30,143,5.0,0.0,2.0,[29 31],0.0,19.0,0.0,31.0,2.0,2.0,0.0,0.0,0.0,0.0
31,0,5.0,0.0,2.0,[30 32],0.0,1.0,0.0,0.0,0.0,0.0,0.0,0.0,0.0,0.0
31,1,5.0,0.0,2.0,[30 32],0.0,0.0,0.0,0.0,0.0,1.0,0.0,0.0,0.0,0.0
31,2,5.0,0.0,2.0,[30 32],0.0,0.0,0.0,1.0,0.0,0.0,11.0,1.0,0.0,0.0
31,3,5.0,0.0,2.0,[30 32],0.0,0.0,0.0,0.0,0.0,0.0,0.0,0.0,11.0,1.0
31,4,5.0,0.0,2.0,[30 32],11.0,1.0,0.0,0.0,0.0,0.0,0.0,0.0,0.0,0.0
31,5,5.0,0.0,2.0,[30 32],0.0,0.0,0.0,0.0,11.0,1.0,0.0,0.0,0.0,0.0
31,6,5.0,0.0,2.0,[30 32],0.0,0.0,11.0,1.0,0.0,0.0,0.0,0.0,0.0,0.0
31,7,5.0,0.0,2.0,[30 32],0.0,0.0,0.0,0.0,0.0,0.0,0.0,0.0,0.0,0.0
31,8,5.0,0.0,2.0,[30 32],0.0,0.0,0.0,0.0,0.0,0.0,0.0,0.0,0.0,0.0
31,9,5.0,0.0,2.0,[30 32],0.0,0.0,0.0,0.0,0.0,0.0,0.0,0.0,0.0,0.0
31,10,5.0,0.0,2.0,[30 32],0.0,0.0,0.0,0.0,0.0,0.0,0.0,0.0,0.0,0.0
31,11,5.0,0.0,2.0,[30 32],0.0,0.0,0.0,0.0,0.0,0.0,0.0,0.0,0.0,0.0
31,12,5.0,0.0,2.0,[30 32],0.0,0.0,0.0,0.0,0.0,0.0,0.0,2.0,0.0,0.0
31,13,5.0,0.0,2.0,[30 32],0.0,0.0,0.0,0.0,0.0,0.0,0.0,0.0,0.0,2.0
31,14,5.0,0.0,2.0,[30 32],0.0,2.0,0.0,0.0,0.0,0.0,0.0,0.0,0.0,0.0
31,15,5.0,0.0,2.0,[30 32],0.0,0.0,0.0,0.0,0.0,2.0,0.0,3.0,0.0,0.0
31,16,5.0,0.0,2.0,[30 32],0.0,0.0,0.0,2.0,0.0,0.0,0.0,0.0,0.0,3.0
31,17,5.0,0.0,2.0,[30 32],0.0,3.0,0.0,0.0,0.0,0.0,0.0,0.0,0.0,0.0
31,18,5.0,0.0,2.0,[30 32],0.0,0.0,0.0,0.0,0.0,3.0,0.0,0.0,0.0,0.0
31,19,5.0,0.0,2.0,[30 32],0.0,0.0,0.0,3.0,0.0,0.0,0.0,1.0,0.0,0.0
31,20,5.0,0.0,2.0,[30 32],0.0,0.0,0.0,0.0,0.0,0.0,0.0,0.0,0.0,1.0
31,21,5.0,0.0,2.0,[30 32],0.0,1.0,0.0,0.0,0.0,0.0,0.0,0.0,0.0,0.0
31,22,5.0,0.0,2.0,[30 32],0.0,0.0,0.0,0.0,0.0,1.0,0.0,0.0,0.0,0.0
31,23,5.0,0.0,2.0,[30 32],0.0,0.0,0.0,1.0,0.0,0.0,2.0,2.0,0.0,0.0
31,24,5.0,0.0,2.0,[30 32],0.0,0.0,0.0,0.0,0.0,0.0,0.0,0.0,2.0,2.0
31,25,5.0,0.0,2.0,[30 32],2.0,2.0,0.0,0.0,0.0,0.0,0.0,0.0,0.0,0.0
31,26,5.0,0.0,2.0,[30 32],0.0,0.0,0.0,0.0,2.0,2.0,0.0,0.0,0.0,0.0
31,27,5.0,0.0,2.0,[30 32],0.0,0.0,2.0,2.0,0.0,0.0,0.0,0.0,0.0,0.0
31,28,5.0,0.0,2.0,[30 32],0.0,0.0,0.0,0.0,0.0,0.0,0.0,0.0,0.0,0.0
31,29,5.0,0.0,2.0,[30 32],0.0,0.0,0.0,0.0,0.0,0.0,0.0,0.0,0.0,0.0
31,30,5.0,0.0,2.0,[30 32],0.0,0.0,0.0,0.0,0.0,0.0,0.0,0.0,0.0,0.0
31,31,5.0,0.0,2.0,[30 32],0.0,0.0,0.0,0.0,0.0,0.0,0.0,1.0,0.0,0.0
31,32,5.0,0.0,2.0,[30 32],0.0,0.0,0.0,0.0,0.0,0.0,0.0,0.0,0.0,1.0
31,33,5.0,0.0,2.0,[30 32],0.0,1.0,0.0,0.0,0.0,0.0,13.0,2.0,0.0,0.0
31,34,5.0,0.0,2.0,[30 32],0.0,0.0,0.0,0.0,0.0,1.0,18.0,2.0,13.0,2.0
31,35,5.0,0.0,2.0,[30 32],13.0,2.0,0.0,1.0,0.0,0.0,21.0,0.0,18.0,2.0
31,36,5.0,0.0,2.0,[30 32],18.0,2.0,0.0,0.0,13.0,2.0,27.0,6.0,21.0,0.0
31,37,5.0,0.0,2.0,[30 32],21.0,0.0,13.0,2.0,18.0,2.0,25.0,13.0,27.0,6.0
31,38,5.0,0.0,2.0,[30 32],27.0,6.0,18.0,2.0,21.0,0.0,52.0,11.0,25.0,13.0
31,39,5.0,0.0,2.0,[30 32],25.0,13.0,21.0,0.0,27.0,6.0,72.0,18.0,52.0,11.0
31,40,5.0,0.0,2.0,[30 32],52.0,11.0,27.0,6.0,25.0,13.0,72.0,12.0,72.0,18.0
31,41,5.0,0.0,2.0,[30 32],72.0,18.0,25.0,13.0,52.0,11.0,102.0,21.0,72.0,12.0
31,42,5.0,0.0,2.0,[30 32],72.0,12.0,52.0,11.0,72.0,18.0,181.0,13.0,102.0,21.0
31,43,5.0,0.0,2.0,[30 32],102.0,21.0,72.0,18.0,72.0,12.0,168.0,34.0,181.0,13.0
31,44,5.0,0.0,2.0,[30 32],181.0,13.0,72.0,12.0,102.0,21.0,211.0,45.0,168.0,34.0
31,45,5.0,0.0,2.0,[30 32],168.0,34.0,102.0,21.0,181.0,13.0,222.0,35.0,211.0,45.0
31,46,5.0,0.0,2.0,[30 32],211.0,45.0,181.0,13.0,168.0,34.0,204.0,35.0,222.0,35.0
31,47,5.0,0.0,2.0,[30 32],222.0,35.0,168.0,34.0,211.0,45.0,139.0,58.0,204.0,35.0
31,48,5.0,0.0,2.0,[30 32],204.0,35.0,211.0,45.0,222.0,35.0,119.0,29.0,139.0,58.0
31,49,5.0,0.0,2.0,[30 32],139.0,58.0,222.0,35.0,204.0,35.0,119.0,36.0,119.0,29.0
31,50,5.0,0.0,2.0,[30 32],119.0,29.0,204.0,35.0,139.0,58.0,83.0,39.0,119.0,36.0
31,51,5.0,0.0,2.0,[30 32],119.0,36.0,139.0,58.0,119.0,29.0,70.0,40.0,83.0,39.0
31,52,5.0,0.0,2.0,[30 32],83.0,39.0,119.0,29.0,119.0,36.0,54.0,42.0,70.0,40.0
31,53,5.0,0.0,2.0,[30 32],70.0,40.0,119.0,36.0,83.0,39.0,42.0,23.0,54.0,42.0
31,54,5.0,0.0,2.0,[30 32],54.0,42.0,83.0,39.0,70.0,40.0,41.0,20.0,42.0,23.0
31,55,5.0,0.0,2.0,[30 32],42.0,23.0,70.0,40.0,54.0,42.0,43.0,20.0,41.0,20.0
31,56,5.0,0.0,2.0,[30 32],41.0,20.0,54.0,42.0,42.0,23.0,27.0,48.0,43.0,20.0
31,57,5.0,0.0,2.0,[30 32],43.0,20.0,42.0,23.0,41.0,20.0,36.0,17.0,27.0,48.0
31,58,5.0,0.0,2.0,[30 32],27.0,48.0,41.0,20.0,43.0,20.0,27.0,25.0,36.0,17.0
31,59,5.0,0.0,2.0,[30 32],36.0,17.0,43.0,20.0,27.0,48.0,59.0,19.0,27.0,25.0
31,60,5.0,0.0,2.0,[30 32],27.0,25.0,27.0,48.0,36.0,17.0,29.0,21.0,59.0,19.0
31,61,5.0,0.0,2.0,[30 32],59.0,19.0,36.0,17.0,27.0,25.0,19.0,36.0,29.0,21.0
31,62,5.0,0.0,2.0,[30 32],29.0,21.0,27.0,25.0,59.0,19.0,30.0,17.0,19.0,36.0
31,63,5.0,0.0,2.0,[30 32],19.0,36.0,59.0,19.0,29.0,21.0,28.0,29.0,30.0,17.0
31,64,5.0,0.0,2.0,[30 32],30.0,17.0,29.0,21.0,19.0,36.0,21.0,15.0,28.0,29.0
31,65,5.0,0.0,2.0,[30 32],28.0,29.0,19.0,36.0,30.0,17.0,28.0,17.0,21.0,15.0
31,66,5.0,0.0,2.0,[30 32],21.0,15.0,30.0,17.0,28.0,29.0,29.0,17.0,28.0,17.0
31,67,5.0,0.0,2.0,[30 32],28.0,17.0,28.0,29.0,21.0,15.0,27.0,8.0,29.0,17.0
31,68,5.0,0.0,2.0,[30 32],29.0,17.0,21.0,15.0,28.0,17.0,26.0,19.0,27.0,8.0
31,69,5.0,0.0,2.0,[30 32],27.0,8.0,28.0,17.0,29.0,17.0,27.0,21.0,26.0,19.0
31,70,5.0,0.0,2.0,[30 32],26.0,19.0,29.0,17.0,27.0,8.0,10.0,23.0,27.0,21.0
31,71,5.0,0.0,2.0,[30 32],27.0,21.0,27.0,8.0,26.0,19.0,26.0,25.0,10.0,23.0
31,72,5.0,0.0,2.0,[30 32],10.0,23.0,26.0,19.0,27.0,21.0,34.0,36.0,26.0,25.0
31,73,5.0,0.0,2.0,[30 32],26.0,25.0,27.0,21.0,10.0,23.0,25.0,29.0,34.0,36.0
31,74,5.0,0.0,2.0,[30 32],34.0,36.0,10.0,23.0,26.0,25.0,21.0,27.0,25.0,29.0
31,75,5.0,0.0,2.0,[30 32],25.0,29.0,26.0,25.0,34.0,36.0,15.0,22.0,21.0,27.0
31,76,5.0,0.0,2.0,[30 32],21.0,27.0,34.0,36.0,25.0,29.0,29.0,23.0,15.0,22.0
31,77,5.0,0.0,2.0,[30 32],15.0,22.0,25.0,29.0,21.0,27.0,47.0,32.0,29.0,23.0
31,78,5.0,0.0,2.0,[30 32],29.0,23.0,21.0,27.0,15.0,22.0,37.0,23.0,47.0,32.0
31,79,5.0,0.0,2.0,[30 32],47.0,32.0,15.0,22.0,29.0,23.0,21.0,22.0,37.0,23.0
31,80,5.0,0.0,2.0,[30 32],37.0,23.0,29.0,23.0,47.0,32.0,57.0,22.0,21.0,22.0
31,81,5.0,0.0,2.0,[30 32],21.0,22.0,47.0,32.0,37.0,23.0,27.0,37.0,57.0,22.0
31,82,5.0,0.0,2.0,[30 32],57.0,22.0,37.0,23.0,21.0,22.0,18.0,13.0,27.0,37.0
31,83,5.0,0.0,2.0,[30 32],27.0,37.0,21.0,22.0,57.0,22.0,30.0,15.0,18.0,13.0
31,84,5.0,0.0,2.0,[30 32],18.0,13.0,57.0,22.0,27.0,37.0,56.0,15.0,30.0,15.0
31,85,5.0,0.0,2.0,[30 32],30.0,15.0,27.0,37.0,18.0,13.0,14.0,24.0,56.0,15.0
31,86,5.0,0.0,2.0,[30 32],56.0,15.0,18.0,13.0,30.0,15.0,23.0,29.0,14.0,24.0
31,87,5.0,0.0,2.0,[30 32],14.0,24.0,30.0,15.0,56.0,15.0,60.0,40.0,23.0,29.0
31,88,5.0,0.0,2.0,[30 32],23.0,29.0,56.0,15.0,14.0,24.0,14.0,38.0,60.0,40.0
31,89,5.0,0.0,2.0,[30 32],60.0,40.0,14.0,24.0,23.0,29.0,16.0,32.0,14.0,38.0
31,90,5.0,0.0,2.0,[30 32],14.0,38.0,23.0,29.0,60.0,40.0,16.0,62.0,16.0,32.0
31,91,5.0,0.0,2.0,[30 32],16.0,32.0,60.0,40.0,14.0,38.0,30.0,32.0,16.0,62.0
31,92,5.0,0.0,2.0,[30 32],16.0,62.0,14.0,38.0,16.0,32.0,24.0,43.0,30.0,32.0
31,93,5.0,0.0,2.0,[30 32],30.0,32.0,16.0,32.0,16.0,62.0,14.0,35.0,24.0,43.0
31,94,5.0,0.0,2.0,[30 32],24.0,43.0,16.0,62.0,30.0,32.0,21.0,49.0,14.0,35.0
31,95,5.0,0.0,2.0,[30 32],14.0,35.0,30.0,32.0,24.0,43.0,59.0,37.0,21.0,49.0
31,96,5.0,0.0,2.0,[30 32],21.0,49.0,24.0,43.0,14.0,35.0,41.0,39.0,59.0,37.0
31,97,5.0,0.0,2.0,[30 32],59.0,37.0,14.0,35.0,21.0,49.0,24.0,51.0,41.0,39.0
31,98,5.0,0.0,2.0,[30 32],41.0,39.0,21.0,49.0,59.0,37.0,43.0,48.0,24.0,51.0
31,99,5.0,0.0,2.0,[30 32],24.0,51.0,59.0,37.0,41.0,39.0,12.0,89.0,43.0,48.0
31,100,5.0,0.0,2.0,[30 32],43.0,48.0,41.0,39.0,24.0,51.0,20.0,57.0,12.0,89.0
31,101,5.0,0.0,2.0,[30 32],12.0,89.0,24.0,51.0,43.0,48.0,32.0,70.0,20.0,57.0
31,102,5.0,0.0,2.0,[30 32],20.0,57.0,43.0,48.0,12.0,89.0,43.0,75.0,32.0,70.0
31,103,5.0,0.0,2.0,[30 32],32.0,70.0,12.0,89.0,20.0,57.0,45.0,82.0,43.0,75.0
31,104,5.0,0.0,2.0,[30 32],43.0,75.0,20.0,57.0,32.0,70.0,84.0,66.0,45.0,82.0
31,105,5.0,0.0,2.0,[30 32],45.0,82.0,32.0,70.0,43.0,75.0,56.0,171.0,84.0,66.0
31,106,5.0,0.0,2.0,[30 32],84.0,66.0,43.0,75.0,45.0,82.0,46.0,107.0,56.0,171.0
31,107,5.0,0.0,2.0,[30 32],56.0,171.0,45.0,82.0,84.0,66.0,38.0,107.0,46.0,107.0
31,108,5.0,0.0,2.0,[30 32],46.0,107.0,84.0,66.0,56.0,171.0,55.0,129.0,38.0,107.0
31,109,5.0,0.0,2.0,[30 32],38.0,107.0,56.0,171.0,46.0,107.0,46.0,120.0,55.0,129.0
31,110,5.0,0.0,2.0,[30 32],55.0,129.0,46.0,107.0,38.0,107.0,23.0,91.0,46.0,120.0
31,111,5.0,0.0,2.0,[30 32],46.0,120.0,38.0,107.0,55.0,129.0,50.0,110.0,23.0,91.0
31,112,5.0,0.0,2.0,[30 32],23.0,91.0,55.0,129.0,46.0,120.0,16.0,147.0,50.0,110.0
31,113,5.0,0.0,2.0,[30 32],50.0,110.0,46.0,120.0,23.0,91.0,38.0,76.0,16.0,147.0
31,114,5.0,0.0,2.0,[30 32],16.0,147.0,23.0,91.0,50.0,110.0,11.0,58.0,38.0,76.0
31,115,5.0,0.0,2.0,[30 32],38.0,76.0,50.0,110.0,16.0,147.0,21.0,89.0,11.0,58.0
31,116,5.0,0.0,2.0,[30 32],11.0,58.0,16.0,147.0,38.0,76.0,37.0,56.0,21.0,89.0
31,117,5.0,0.0,2.0,[30 32],21.0,89.0,38.0,76.0,11.0,58.0,44.0,66.0,37.0,56.0
31,118,5.0,0.0,2.0,[30 32],37.0,56.0,11.0,58.0,21.0,89.0,10.0,58.0,44.0,66.0
31,119,5.0,0.0,2.0,[30 32],44.0,66.0,21.0,89.0,37.0,56.0,59.0,52.0,10.0,58.0
31,120,5.0,0.0,2.0,[30 32],10.0,58.0,37.0,56.0,44.0,66.0,20.0,35.0,59.0,52.0
31,121,5.0,0.0,2.0,[30 32],59.0,52.0,44.0,66.0,10.0,58.0,18.0,59.0,20.0,35.0
31,122,5.0,0.0,2.0,[30 32],20.0,35.0,10.0,58.0,59.0,52.0,17.0,64.0,18.0,59.0
31,123,5.0,0.0,2.0,[30 32],18.0,59.0,59.0,52.0,20.0,35.0,18.0,59.0,17.0,64.0
31,124,5.0,0.0,2.0,[30 32],17.0,64.0,20.0,35.0,18.0,59.0,3.0,46.0,18.0,59.0
31,125,5.0,0.0,2.0,[30 32],18.0,59.0,18.0,59.0,17.0,64.0,38.0,35.0,3.0,46.0
31,126,5.0,0.0,2.0,[30 32],3.0,46.0,17.0,64.0,18.0,59.0,27.0,41.0,38.0,35.0
31,127,5.0,0.0,2.0,[30 32],38.0,35.0,18.0,59.0,3.0,46.0,10.0,39.0,27.0,41.0
31,128,5.0,0.0,2.0,[30 32],27.0,41.0,3.0,46.0,38.0,35.0,12.0,38.0,10.0,39.0
31,129,5.0,0.0,2.0,[30 32],10.0,39.0,38.0,35.0,27.0,41.0,9.0,46.0,12.0,38.0
31,130,5.0,0.0,2.0,[30 32],12.0,38.0,27.0,41.0,10.0,39.0,4.0,48.0,9.0,46.0
31,131,5.0,0.0,2.0,[30 32],9.0,46.0,10.0,39.0,12.0,38.0,6.0,27.0,4.0,48.0
31,132,5.0,0.0,2.0,[30 32],4.0,48.0,12.0,38.0,9.0,46.0,2.0,31.0,6.0,27.0
31,133,5.0,0.0,2.0,[30 32],6.0,27.0,9.0,46.0,4.0,48.0,7.0,34.0,2.0,31.0
31,134,5.0,0.0,2.0,[30 32],2.0,31.0,4.0,48.0,6.0,27.0,3.0,39.0,7.0,34.0
31,135,5.0,0.0,2.0,[30 32],7.0,34.0,6.0,27.0,2.0,31.0,1.0,36.0,3.0,39.0
31,136,5.0,0.0,2.0,[30 32],3.0,39.0,2.0,31.0,7.0,34.0,5.0,31.0,1.0,36.0
31,137,5.0,0.0,2.0,[30 32],1.0,36.0,7.0,34.0,3.0,39.0,0.0,1.0,5.0,31.0
31,138,5.0,0.0,2.0,[30 32],5.0,31.0,3.0,39.0,1.0,36.0,2.0,25.0,0.0,1.0
31,139,5.0,0.0,2.0,[30 32],0.0,1.0,1.0,36.0,5.0,31.0,0.0,12.0,2.0,25.0
31,140,5.0,0.0,2.0,[30 32],2.0,25.0,5.0,31.0,0.0,1.0,2.0,0.0,0.0,12.0
31,141,5.0,0.0,2.0,[30 32],0.0,12.0,0.0,1.0,2.0,25.0,4.0,8.0,2.0,0.0
31,142,5.0,0.0,2.0,[30 32],2.0,0.0,2.0,25.0,0.0,12.0,0.0,0.0,4.0,8.0
31,143,5.0,0.0,2.0,[30 32],4.0,8.0,0.0,12.0,2.0,0.0,0.0,0.0,0.0,0.0
32,0,5.0,0.0,2.0,[31 33],0.0,0.0,0.0,0.0,0.0,0.0,2.0,0.0,0.0,0.0
32,1,5.0,0.0,2.0,[31 33],0.0,0.0,0.0,0.0,0.0,0.0,0.0,2.0,2.0,0.0
32,2,5.0,0.0,2.0,[31 33],2.0,0.0,0.0,0.0,0.0,0.0,3.0,1.0,0.0,2.0
32,3,5.0,0.0,2.0,[31 33],0.0,2.0,0.0,0.0,2.0,0.0,0.0,0.0,3.0,1.0
32,4,5.0,0.0,2.0,[31 33],3.0,1.0,2.0,0.0,0.0,2.0,1.0,1.0,0.0,0.0
32,5,5.0,0.0,2.0,[31 33],0.0,0.0,0.0,2.0,3.0,1.0,0.0,3.0,1.0,1.0
32,6,5.0,0.0,2.0,[31 33],1.0,1.0,3.0,1.0,0.0,0.0,0.0,0.0,0.0,3.0
32,7,5.0,0.0,2.0,[31 33],0.0,3.0,0.0,0.0,1.0,1.0,0.0,0.0,0.0,0.0
32,8,5.0,0.0,2.0,[31 33],0.0,0.0,1.0,1.0,0.0,3.0,0.0,0.0,0.0,0.0
32,9,5.0,0.0,2.0,[31 33],0.0,0.0,0.0,3.0,0.0,0.0,0.0,0.0,0.0,0.0
32,10,5.0,0.0,2.0,[31 33],0.0,0.0,0.0,0.0,0.0,0.0,0.0,1.0,0.0,0.0
32,11,5.0,0.0,2.0,[31 33],0.0,0.0,0.0,0.0,0.0,0.0,0.0,0.0,0.0,1.0
32,12,5.0,0.0,2.0,[31 33],0.0,1.0,0.0,0.0,0.0,0.0,0.0,0.0,0.0,0.0
32,13,5.0,0.0,2.0,[31 33],0.0,0.0,0.0,0.0,0.0,1.0,0.0,0.0,0.0,0.0
32,14,5.0,0.0,2.0,[31 33],0.0,0.0,0.0,1.0,0.0,0.0,0.0,0.0,0.0,0.0
32,15,5.0,0.0,2.0,[31 33],0.0,0.0,0.0,0.0,0.0,0.0,0.0,0.0,0.0,0.0
32,16,5.0,0.0,2.0,[31 33],0.0,0.0,0.0,0.0,0.0,0.0,0.0,0.0,0.0,0.0
32,17,5.0,0.0,2.0,[31 33],0.0,0.0,0.0,0.0,0.0,0.0,0.0,0.0,0.0,0.0
32,18,5.0,0.0,2.0,[31 33],0.0,0.0,0.0,0.0,0.0,0.0,0.0,0.0,0.0,0.0
32,19,5.0,0.0,2.0,[31 33],0.0,0.0,0.0,0.0,0.0,0.0,0.0,0.0,0.0,0.0
32,20,5.0,0.0,2.0,[31 33],0.0,0.0,0.0,0.0,0.0,0.0,0.0,0.0,0.0,0.0
32,21,5.0,0.0,2.0,[31 33],0.0,0.0,0.0,0.0,0.0,0.0,0.0,0.0,0.0,0.0
32,22,5.0,0.0,2.0,[31 33],0.0,0.0,0.0,0.0,0.0,0.0,0.0,0.0,0.0,0.0
32,23,5.0,0.0,2.0,[31 33],0.0,0.0,0.0,0.0,0.0,0.0,1.0,0.0,0.0,0.0
32,24,5.0,0.0,2.0,[31 33],0.0,0.0,0.0,0.0,0.0,0.0,0.0,1.0,1.0,0.0
32,25,5.0,0.0,2.0,[31 33],1.0,0.0,0.0,0.0,0.0,0.0,0.0,0.0,0.0,1.0
32,26,5.0,0.0,2.0,[31 33],0.0,1.0,0.0,0.0,1.0,0.0,0.0,0.0,0.0,0.0
32,27,5.0,0.0,2.0,[31 33],0.0,0.0,1.0,0.0,0.0,1.0,0.0,0.0,0.0,0.0
32,28,5.0,0.0,2.0,[31 33],0.0,0.0,0.0,1.0,0.0,0.0,0.0,0.0,0.0,0.0
32,29,5.0,0.0,2.0,[31 33],0.0,0.0,0.0,0.0,0.0,0.0,0.0,0.0,0.0,0.0
32,30,5.0,0.0,2.0,[31 33],0.0,0.0,0.0,0.0,0.0,0.0,0.0,0.0,0.0,0.0
32,31,5.0,0.0,2.0,[31 33],0.0,0.0,0.0,0.0,0.0,0.0,0.0,0.0,0.0,0.0
32,32,5.0,0.0,2.0,[31 33],0.0,0.0,0.0,0.0,0.0,0.0,2.0,0.0,0.0,0.0
32,33,5.0,0.0,2.0,[31 33],0.0,0.0,0.0,0.0,0.0,0.0,23.0,0.0,2.0,0.0
32,34,5.0,0.0,2.0,[31 33],2.0,0.0,0.0,0.0,0.0,0.0,26.0,0.0,23.0,0.0
32,35,5.0,0.0,2.0,[31 33],23.0,0.0,0.0,0.0,2.0,0.0,28.0,1.0,26.0,0.0
32,36,5.0,0.0,2.0,[31 33],26.0,0.0,2.0,0.0,23.0,0.0,50.0,13.0,28.0,1.0
32,37,5.0,0.0,2.0,[31 33],28.0,1.0,23.0,0.0,26.0,0.0,70.0,15.0,50.0,13.0
32,38,5.0,0.0,2.0,[31 33],50.0,13.0,26.0,0.0,28.0,1.0,68.0,5.0,70.0,15.0
32,39,5.0,0.0,2.0,[31 33],70.0,15.0,28.0,1.0,50.0,13.0,106.0,26.0,68.0,5.0
32,40,5.0,0.0,2.0,[31 33],68.0,5.0,50.0,13.0,70.0,15.0,166.0,15.0,106.0,26.0
32,41,5.0,0.0,2.0,[31 33],106.0,26.0,70.0,15.0,68.0,5.0,177.0,13.0,166.0,15.0
32,42,5.0,0.0,2.0,[31 33],166.0,15.0,68.0,5.0,106.0,26.0,279.0,30.0,177.0,13.0
32,43,5.0,0.0,2.0,[31 33],177.0,13.0,106.0,26.0,166.0,15.0,339.0,16.0,279.0,30.0
32,44,5.0,0.0,2.0,[31 33],279.0,30.0,166.0,15.0,177.0,13.0,338.0,40.0,339.0,16.0
32,45,5.0,0.0,2.0,[31 33],339.0,16.0,177.0,13.0,279.0,30.0,372.0,40.0,338.0,40.0
32,46,5.0,0.0,2.0,[31 33],338.0,40.0,279.0,30.0,339.0,16.0,389.0,45.0,372.0,40.0
32,47,5.0,0.0,2.0,[31 33],372.0,40.0,339.0,16.0,338.0,40.0,392.0,34.0,389.0,45.0
32,48,5.0,0.0,2.0,[31 33],389.0,45.0,338.0,40.0,372.0,40.0,319.0,103.0,392.0,34.0
32,49,5.0,0.0,2.0,[31 33],392.0,34.0,372.0,40.0,389.0,45.0,224.0,54.0,319.0,103.0
32,50,5.0,0.0,2.0,[31 33],319.0,103.0,389.0,45.0,392.0,34.0,181.0,64.0,224.0,54.0
32,51,5.0,0.0,2.0,[31 33],224.0,54.0,392.0,34.0,319.0,103.0,151.0,90.0,181.0,64.0
32,52,5.0,0.0,2.0,[31 33],181.0,64.0,319.0,103.0,224.0,54.0,134.0,53.0,151.0,90.0
32,53,5.0,0.0,2.0,[31 33],151.0,90.0,224.0,54.0,181.0,64.0,122.0,42.0,134.0,53.0
32,54,5.0,0.0,2.0,[31 33],134.0,53.0,181.0,64.0,151.0,90.0,92.0,62.0,122.0,42.0
32,55,5.0,0.0,2.0,[31 33],122.0,42.0,151.0,90.0,134.0,53.0,97.0,52.0,92.0,62.0
32,56,5.0,0.0,2.0,[31 33],92.0,62.0,134.0,53.0,122.0,42.0,77.0,54.0,97.0,52.0
32,57,5.0,0.0,2.0,[31 33],97.0,52.0,122.0,42.0,92.0,62.0,78.0,58.0,77.0,54.0
32,58,5.0,0.0,2.0,[31 33],77.0,54.0,92.0,62.0,97.0,52.0,49.0,29.0,78.0,58.0
32,59,5.0,0.0,2.0,[31 33],78.0,58.0,97.0,52.0,77.0,54.0,65.0,42.0,49.0,29.0
32,60,5.0,0.0,2.0,[31 33],49.0,29.0,77.0,54.0,78.0,58.0,75.0,38.0,65.0,42.0
32,61,5.0,0.0,2.0,[31 33],65.0,42.0,78.0,58.0,49.0,29.0,43.0,33.0,75.0,38.0
32,62,5.0,0.0,2.0,[31 33],75.0,38.0,49.0,29.0,65.0,42.0,46.0,35.0,43.0,33.0
32,63,5.0,0.0,2.0,[31 33],43.0,33.0,65.0,42.0,75.0,38.0,59.0,27.0,46.0,35.0
32,64,5.0,0.0,2.0,[31 33],46.0,35.0,75.0,38.0,43.0,33.0,45.0,39.0,59.0,27.0
32,65,5.0,0.0,2.0,[31 33],59.0,27.0,43.0,33.0,46.0,35.0,48.0,38.0,45.0,39.0
32,66,5.0,0.0,2.0,[31 33],45.0,39.0,46.0,35.0,59.0,27.0,54.0,48.0,48.0,38.0
32,67,5.0,0.0,2.0,[31 33],48.0,38.0,59.0,27.0,45.0,39.0,49.0,30.0,54.0,48.0
32,68,5.0,0.0,2.0,[31 33],54.0,48.0,45.0,39.0,48.0,38.0,63.0,39.0,49.0,30.0
32,69,5.0,0.0,2.0,[31 33],49.0,30.0,48.0,38.0,54.0,48.0,48.0,29.0,63.0,39.0
32,70,5.0,0.0,2.0,[31 33],63.0,39.0,54.0,48.0,49.0,30.0,57.0,45.0,48.0,29.0
32,71,5.0,0.0,2.0,[31 33],48.0,29.0,49.0,30.0,63.0,39.0,58.0,47.0,57.0,45.0
32,72,5.0,0.0,2.0,[31 33],57.0,45.0,63.0,39.0,48.0,29.0,71.0,38.0,58.0,47.0
32,73,5.0,0.0,2.0,[31 33],58.0,47.0,48.0,29.0,57.0,45.0,70.0,37.0,71.0,38.0
32,74,5.0,0.0,2.0,[31 33],71.0,38.0,57.0,45.0,58.0,47.0,63.0,67.0,70.0,37.0
32,75,5.0,0.0,2.0,[31 33],70.0,37.0,58.0,47.0,71.0,38.0,77.0,47.0,63.0,67.0
32,76,5.0,0.0,2.0,[31 33],63.0,67.0,71.0,38.0,70.0,37.0,45.0,40.0,77.0,47.0
32,77,5.0,0.0,2.0,[31 33],77.0,47.0,70.0,37.0,63.0,67.0,55.0,59.0,45.0,40.0
32,78,5.0,0.0,2.0,[31 33],45.0,40.0,63.0,67.0,77.0,47.0,59.0,47.0,55.0,59.0
32,79,5.0,0.0,2.0,[31 33],55.0,59.0,77.0,47.0,45.0,40.0,48.0,53.0,59.0,47.0
32,80,5.0,0.0,2.0,[31 33],59.0,47.0,45.0,40.0,55.0,59.0,58.0,34.0,48.0,53.0
32,81,5.0,0.0,2.0,[31 33],48.0,53.0,55.0,59.0,59.0,47.0,49.0,37.0,58.0,34.0
32,82,5.0,0.0,2.0,[31 33],58.0,34.0,59.0,47.0,48.0,53.0,44.0,36.0,49.0,37.0
32,83,5.0,0.0,2.0,[31 33],49.0,37.0,48.0,53.0,58.0,34.0,61.0,37.0,44.0,36.0
32,84,5.0,0.0,2.0,[31 33],44.0,36.0,58.0,34.0,49.0,37.0,59.0,80.0,61.0,37.0
32,85,5.0,0.0,2.0,[31 33],61.0,37.0,49.0,37.0,44.0,36.0,52.0,59.0,59.0,80.0
32,86,5.0,0.0,2.0,[31 33],59.0,80.0,44.0,36.0,61.0,37.0,58.0,53.0,52.0,59.0
32,87,5.0,0.0,2.0,[31 33],52.0,59.0,61.0,37.0,59.0,80.0,54.0,45.0,58.0,53.0
32,88,5.0,0.0,2.0,[31 33],58.0,53.0,59.0,80.0,52.0,59.0,59.0,51.0,54.0,45.0
32,89,5.0,0.0,2.0,[31 33],54.0,45.0,52.0,59.0,58.0,53.0,63.0,50.0,59.0,51.0
32,90,5.0,0.0,2.0,[31 33],59.0,51.0,58.0,53.0,54.0,45.0,51.0,49.0,63.0,50.0
32,91,5.0,0.0,2.0,[31 33],63.0,50.0,54.0,45.0,59.0,51.0,47.0,52.0,51.0,49.0
32,92,5.0,0.0,2.0,[31 33],51.0,49.0,59.0,51.0,63.0,50.0,68.0,94.0,47.0,52.0
32,93,5.0,0.0,2.0,[31 33],47.0,52.0,63.0,50.0,51.0,49.0,74.0,77.0,68.0,94.0
32,94,5.0,0.0,2.0,[31 33],68.0,94.0,51.0,49.0,47.0,52.0,51.0,68.0,74.0,77.0
32,95,5.0,0.0,2.0,[31 33],74.0,77.0,47.0,52.0,68.0,94.0,77.0,78.0,51.0,68.0
32,96,5.0,0.0,2.0,[31 33],51.0,68.0,68.0,94.0,74.0,77.0,76.0,59.0,77.0,78.0
32,97,5.0,0.0,2.0,[31 33],77.0,78.0,74.0,77.0,51.0,68.0,65.0,76.0,76.0,59.0
32,98,5.0,0.0,2.0,[31 33],76.0,59.0,51.0,68.0,77.0,78.0,71.0,63.0,65.0,76.0
32,99,5.0,0.0,2.0,[31 33],65.0,76.0,77.0,78.0,76.0,59.0,74.0,82.0,71.0,63.0
32,100,5.0,0.0,2.0,[31 33],71.0,63.0,76.0,59.0,65.0,76.0,86.0,63.0,74.0,82.0
32,101,5.0,0.0,2.0,[31 33],74.0,82.0,65.0,76.0,71.0,63.0,95.0,120.0,86.0,63.0
32,102,5.0,0.0,2.0,[31 33],86.0,63.0,71.0,63.0,74.0,82.0,88.0,179.0,95.0,120.0
32,103,5.0,0.0,2.0,[31 33],95.0,120.0,74.0,82.0,86.0,63.0,70.0,103.0,88.0,179.0
32,104,5.0,0.0,2.0,[31 33],88.0,179.0,86.0,63.0,95.0,120.0,94.0,159.0,70.0,103.0
32,105,5.0,0.0,2.0,[31 33],70.0,103.0,95.0,120.0,88.0,179.0,79.0,156.0,94.0,159.0
32,106,5.0,0.0,2.0,[31 33],94.0,159.0,88.0,179.0,70.0,103.0,59.0,232.0,79.0,156.0
32,107,5.0,0.0,2.0,[31 33],79.0,156.0,70.0,103.0,94.0,159.0,94.0,293.0,59.0,232.0
32,108,5.0,0.0,2.0,[31 33],59.0,232.0,94.0,159.0,79.0,156.0,58.0,215.0,94.0,293.0
32,109,5.0,0.0,2.0,[31 33],94.0,293.0,79.0,156.0,59.0,232.0,62.0,232.0,58.0,215.0
32,110,5.0,0.0,2.0,[31 33],58.0,215.0,59.0,232.0,94.0,293.0,67.0,285.0,62.0,232.0
32,111,5.0,0.0,2.0,[31 33],62.0,232.0,94.0,293.0,58.0,215.0,45.0,185.0,67.0,285.0
32,112,5.0,0.0,2.0,[31 33],67.0,285.0,58.0,215.0,62.0,232.0,54.0,242.0,45.0,185.0
32,113,5.0,0.0,2.0,[31 33],45.0,185.0,62.0,232.0,67.0,285.0,47.0,273.0,54.0,242.0
32,114,5.0,0.0,2.0,[31 33],54.0,242.0,67.0,285.0,45.0,185.0,39.0,132.0,47.0,273.0
32,115,5.0,0.0,2.0,[31 33],47.0,273.0,45.0,185.0,54.0,242.0,37.0,147.0,39.0,132.0
32,116,5.0,0.0,2.0,[31 33],39.0,132.0,54.0,242.0,47.0,273.0,34.0,242.0,37.0,147.0
32,117,5.0,0.0,2.0,[31 33],37.0,147.0,47.0,273.0,39.0,132.0,18.0,117.0,34.0,242.0
32,118,5.0,0.0,2.0,[31 33],34.0,242.0,39.0,132.0,37.0,147.0,34.0,94.0,18.0,117.0
32,119,5.0,0.0,2.0,[31 33],18.0,117.0,37.0,147.0,34.0,242.0,58.0,95.0,34.0,94.0
32,120,5.0,0.0,2.0,[31 33],34.0,94.0,34.0,242.0,18.0,117.0,49.0,110.0,58.0,95.0
32,121,5.0,0.0,2.0,[31 33],58.0,95.0,18.0,117.0,34.0,94.0,33.0,90.0,49.0,110.0
32,122,5.0,0.0,2.0,[31 33],49.0,110.0,34.0,94.0,58.0,95.0,43.0,139.0,33.0,90.0
32,123,5.0,0.0,2.0,[31 33],33.0,90.0,58.0,95.0,49.0,110.0,45.0,89.0,43.0,139.0
32,124,5.0,0.0,2.0,[31 33],43.0,139.0,49.0,110.0,33.0,90.0,48.0,97.0,45.0,89.0
32,125,5.0,0.0,2.0,[31 33],45.0,89.0,33.0,90.0,43.0,139.0,27.0,123.0,48.0,97.0
32,126,5.0,0.0,2.0,[31 33],48.0,97.0,43.0,139.0,45.0,89.0,19.0,66.0,27.0,123.0
32,127,5.0,0.0,2.0,[31 33],27.0,123.0,45.0,89.0,48.0,97.0,20.0,102.0,19.0,66.0
32,128,5.0,0.0,2.0,[31 33],19.0,66.0,48.0,97.0,27.0,123.0,22.0,183.0,20.0,102.0
32,129,5.0,0.0,2.0,[31 33],20.0,102.0,27.0,123.0,19.0,66.0,20.0,97.0,22.0,183.0
32,130,5.0,0.0,2.0,[31 33],22.0,183.0,19.0,66.0,20.0,102.0,43.0,90.0,20.0,97.0
32,131,5.0,0.0,2.0,[31 33],20.0,97.0,20.0,102.0,22.0,183.0,33.0,102.0,43.0,90.0
32,132,5.0,0.0,2.0,[31 33],43.0,90.0,22.0,183.0,20.0,97.0,14.0,58.0,33.0,102.0
32,133,5.0,0.0,2.0,[31 33],33.0,102.0,20.0,97.0,43.0,90.0,12.0,71.0,14.0,58.0
32,134,5.0,0.0,2.0,[31 33],14.0,58.0,43.0,90.0,33.0,102.0,3.0,49.0,12.0,71.0
32,135,5.0,0.0,2.0,[31 33],12.0,71.0,33.0,102.0,14.0,58.0,1.0,53.0,3.0,49.0
32,136,5.0,0.0,2.0,[31 33],3.0,49.0,14.0,58.0,12.0,71.0,1.0,60.0,1.0,53.0
32,137,5.0,0.0,2.0,[31 33],1.0,53.0,12.0,71.0,3.0,49.0,1.0,48.0,1.0,60.0
32,138,5.0,0.0,2.0,[31 33],1.0,60.0,3.0,49.0,1.0,53.0,1.0,45.0,1.0,48.0
32,139,5.0,0.0,2.0,[31 33],1.0,48.0,1.0,53.0,1.0,60.0,3.0,33.0,1.0,45.0
32,140,5.0,0.0,2.0,[31 33],1.0,45.0,1.0,60.0,1.0,48.0,0.0,1.0,3.0,33.0
32,141,5.0,0.0,2.0,[31 33],3.0,33.0,1.0,48.0,1.0,45.0,1.0,29.0,0.0,1.0
32,142,5.0,0.0,2.0,[31 33],0.0,1.0,1.0,45.0,3.0,33.0,0.0,0.0,1.0,29.0
32,143,5.0,0.0,2.0,[31 33],1.0,29.0,3.0,33.0,0.0,1.0,0.0,0.0,0.0,0.0
33,0,5.0,0.0,1.0,[32],0.0,2.0,0.0,0.0,0.0,0.0,0.0,0.0,0.0,0.0
33,1,5.0,0.0,1.0,[32],0.0,0.0,0.0,0.0,0.0,2.0,0.0,0.0,0.0,0.0
33,2,5.0,0.0,1.0,[32],0.0,0.0,0.0,2.0,0.0,0.0,0.0,0.0,0.0,0.0
33,3,5.0,0.0,1.0,[32],0.0,0.0,0.0,0.0,0.0,0.0,0.0,0.0,0.0,0.0
33,4,5.0,0.0,1.0,[32],0.0,0.0,0.0,0.0,0.0,0.0,0.0,0.0,0.0,0.0
33,5,5.0,0.0,1.0,[32],0.0,0.0,0.0,0.0,0.0,0.0,0.0,0.0,0.0,0.0
33,6,5.0,0.0,1.0,[32],0.0,0.0,0.0,0.0,0.0,0.0,0.0,0.0,0.0,0.0
33,7,5.0,0.0,1.0,[32],0.0,0.0,0.0,0.0,0.0,0.0,0.0,0.0,0.0,0.0
33,8,5.0,0.0,1.0,[32],0.0,0.0,0.0,0.0,0.0,0.0,0.0,0.0,0.0,0.0
33,9,5.0,0.0,1.0,[32],0.0,0.0,0.0,0.0,0.0,0.0,0.0,0.0,0.0,0.0
33,10,5.0,0.0,1.0,[32],0.0,0.0,0.0,0.0,0.0,0.0,0.0,0.0,0.0,0.0
33,11,5.0,0.0,1.0,[32],0.0,0.0,0.0,0.0,0.0,0.0,0.0,0.0,0.0,0.0
33,12,5.0,0.0,1.0,[32],0.0,0.0,0.0,0.0,0.0,0.0,0.0,0.0,0.0,0.0
33,13,5.0,0.0,1.0,[32],0.0,0.0,0.0,0.0,0.0,0.0,0.0,0.0,0.0,0.0
33,14,5.0,0.0,1.0,[32],0.0,0.0,0.0,0.0,0.0,0.0,0.0,0.0,0.0,0.0
33,15,5.0,0.0,1.0,[32],0.0,0.0,0.0,0.0,0.0,0.0,0.0,0.0,0.0,0.0
33,16,5.0,0.0,1.0,[32],0.0,0.0,0.0,0.0,0.0,0.0,0.0,0.0,0.0,0.0
33,17,5.0,0.0,1.0,[32],0.0,0.0,0.0,0.0,0.0,0.0,0.0,0.0,0.0,0.0
33,18,5.0,0.0,1.0,[32],0.0,0.0,0.0,0.0,0.0,0.0,0.0,0.0,0.0,0.0
33,19,5.0,0.0,1.0,[32],0.0,0.0,0.0,0.0,0.0,0.0,0.0,0.0,0.0,0.0
33,20,5.0,0.0,1.0,[32],0.0,0.0,0.0,0.0,0.0,0.0,0.0,0.0,0.0,0.0
33,21,5.0,0.0,1.0,[32],0.0,0.0,0.0,0.0,0.0,0.0,0.0,0.0,0.0,0.0
33,22,5.0,0.0,1.0,[32],0.0,0.0,0.0,0.0,0.0,0.0,0.0,0.0,0.0,0.0
33,23,5.0,0.0,1.0,[32],0.0,0.0,0.0,0.0,0.0,0.0,0.0,0.0,0.0,0.0
33,24,5.0,0.0,1.0,[32],0.0,0.0,0.0,0.0,0.0,0.0,0.0,0.0,0.0,0.0
33,25,5.0,0.0,1.0,[32],0.0,0.0,0.0,0.0,0.0,0.0,0.0,0.0,0.0,0.0
33,26,5.0,0.0,1.0,[32],0.0,0.0,0.0,0.0,0.0,0.0,0.0,0.0,0.0,0.0
33,27,5.0,0.0,1.0,[32],0.0,0.0,0.0,0.0,0.0,0.0,0.0,0.0,0.0,0.0
33,28,5.0,0.0,1.0,[32],0.0,0.0,0.0,0.0,0.0,0.0,0.0,0.0,0.0,0.0
33,29,5.0,0.0,1.0,[32],0.0,0.0,0.0,0.0,0.0,0.0,0.0,0.0,0.0,0.0
33,30,5.0,0.0,1.0,[32],0.0,0.0,0.0,0.0,0.0,0.0,0.0,0.0,0.0,0.0
33,31,5.0,0.0,1.0,[32],0.0,0.0,0.0,0.0,0.0,0.0,6.0,0.0,0.0,0.0
33,32,5.0,0.0,1.0,[32],0.0,0.0,0.0,0.0,0.0,0.0,26.0,1.0,6.0,0.0
33,33,5.0,0.0,1.0,[32],6.0,0.0,0.0,0.0,0.0,0.0,65.0,0.0,26.0,1.0
33,34,5.0,0.0,1.0,[32],26.0,1.0,0.0,0.0,6.0,0.0,75.0,0.0,65.0,0.0
33,35,5.0,0.0,1.0,[32],65.0,0.0,6.0,0.0,26.0,1.0,96.0,0.0,75.0,0.0
33,36,5.0,0.0,1.0,[32],75.0,0.0,26.0,1.0,65.0,0.0,169.0,11.0,96.0,0.0
33,37,5.0,0.0,1.0,[32],96.0,0.0,65.0,0.0,75.0,0.0,165.0,34.0,169.0,11.0
33,38,5.0,0.0,1.0,[32],169.0,11.0,75.0,0.0,96.0,0.0,358.0,37.0,165.0,34.0
33,39,5.0,0.0,1.0,[32],165.0,34.0,96.0,0.0,169.0,11.0,343.0,3.0,358.0,37.0
33,40,5.0,0.0,1.0,[32],358.0,37.0,169.0,11.0,165.0,34.0,514.0,92.0,343.0,3.0
33,41,5.0,0.0,1.0,[32],343.0,3.0,165.0,34.0,358.0,37.0,590.0,102.0,514.0,92.0
33,42,5.0,0.0,1.0,[32],514.0,92.0,358.0,37.0,343.0,3.0,679.0,57.0,590.0,102.0
33,43,5.0,0.0,1.0,[32],590.0,102.0,343.0,3.0,514.0,92.0,727.0,81.0,679.0,57.0
33,44,5.0,0.0,1.0,[32],679.0,57.0,514.0,92.0,590.0,102.0,712.0,90.0,727.0,81.0
33,45,5.0,0.0,1.0,[32],727.0,81.0,590.0,102.0,679.0,57.0,698.0,143.0,712.0,90.0
33,46,5.0,0.0,1.0,[32],712.0,90.0,679.0,57.0,727.0,81.0,724.0,288.0,698.0,143.0
33,47,5.0,0.0,1.0,[32],698.0,143.0,727.0,81.0,712.0,90.0,612.0,245.0,724.0,288.0
33,48,5.0,0.0,1.0,[32],724.0,288.0,712.0,90.0,698.0,143.0,486.0,256.0,612.0,245.0
33,49,5.0,0.0,1.0,[32],612.0,245.0,698.0,143.0,724.0,288.0,551.0,401.0,486.0,256.0
33,50,5.0,0.0,1.0,[32],486.0,256.0,724.0,288.0,612.0,245.0,467.0,261.0,551.0,401.0
33,51,5.0,0.0,1.0,[32],551.0,401.0,612.0,245.0,486.0,256.0,373.0,303.0,467.0,261.0
33,52,5.0,0.0,1.0,[32],467.0,261.0,486.0,256.0,551.0,401.0,310.0,154.0,373.0,303.0
33,53,5.0,0.0,1.0,[32],373.0,303.0,551.0,401.0,467.0,261.0,299.0,181.0,310.0,154.0
33,54,5.0,0.0,1.0,[32],310.0,154.0,467.0,261.0,373.0,303.0,275.0,167.0,299.0,181.0
33,55,5.0,0.0,1.0,[32],299.0,181.0,373.0,303.0,310.0,154.0,254.0,181.0,275.0,167.0
33,56,5.0,0.0,1.0,[32],275.0,167.0,310.0,154.0,299.0,181.0,193.0,184.0,254.0,181.0
33,57,5.0,0.0,1.0,[32],254.0,181.0,299.0,181.0,275.0,167.0,217.0,149.0,193.0,184.0
33,58,5.0,0.0,1.0,[32],193.0,184.0,275.0,167.0,254.0,181.0,210.0,216.0,217.0,149.0
33,59,5.0,0.0,1.0,[32],217.0,149.0,254.0,181.0,193.0,184.0,181.0,75.0,210.0,216.0
33,60,5.0,0.0,1.0,[32],210.0,216.0,193.0,184.0,217.0,149.0,157.0,209.0,181.0,75.0
33,61,5.0,0.0,1.0,[32],181.0,75.0,217.0,149.0,210.0,216.0,150.0,135.0,157.0,209.0
33,62,5.0,0.0,1.0,[32],157.0,209.0,210.0,216.0,181.0,75.0,145.0,111.0,150.0,135.0
33,63,5.0,0.0,1.0,[32],150.0,135.0,181.0,75.0,157.0,209.0,153.0,127.0,145.0,111.0
33,64,5.0,0.0,1.0,[32],145.0,111.0,157.0,209.0,150.0,135.0,136.0,173.0,153.0,127.0
33,65,5.0,0.0,1.0,[32],153.0,127.0,150.0,135.0,145.0,111.0,165.0,113.0,136.0,173.0
33,66,5.0,0.0,1.0,[32],136.0,173.0,145.0,111.0,153.0,127.0,188.0,139.0,165.0,113.0
33,67,5.0,0.0,1.0,[32],165.0,113.0,153.0,127.0,136.0,173.0,150.0,174.0,188.0,139.0
33,68,5.0,0.0,1.0,[32],188.0,139.0,136.0,173.0,165.0,113.0,176.0,176.0,150.0,174.0
33,69,5.0,0.0,1.0,[32],150.0,174.0,165.0,113.0,188.0,139.0,180.0,119.0,176.0,176.0
33,70,5.0,0.0,1.0,[32],176.0,176.0,188.0,139.0,150.0,174.0,168.0,140.0,180.0,119.0
33,71,5.0,0.0,1.0,[32],180.0,119.0,150.0,174.0,176.0,176.0,190.0,136.0,168.0,140.0
33,72,5.0,0.0,1.0,[32],168.0,140.0,176.0,176.0,180.0,119.0,161.0,147.0,190.0,136.0
33,73,5.0,0.0,1.0,[32],190.0,136.0,180.0,119.0,168.0,140.0,171.0,146.0,161.0,147.0
33,74,5.0,0.0,1.0,[32],161.0,147.0,168.0,140.0,190.0,136.0,142.0,144.0,171.0,146.0
33,75,5.0,0.0,1.0,[32],171.0,146.0,190.0,136.0,161.0,147.0,214.0,160.0,142.0,144.0
33,76,5.0,0.0,1.0,[32],142.0,144.0,161.0,147.0,171.0,146.0,154.0,206.0,214.0,160.0
33,77,5.0,0.0,1.0,[32],214.0,160.0,171.0,146.0,142.0,144.0,192.0,234.0,154.0,206.0
33,78,5.0,0.0,1.0,[32],154.0,206.0,142.0,144.0,214.0,160.0,193.0,181.0,192.0,234.0
33,79,5.0,0.0,1.0,[32],192.0,234.0,214.0,160.0,154.0,206.0,141.0,175.0,193.0,181.0
33,80,5.0,0.0,1.0,[32],193.0,181.0,154.0,206.0,192.0,234.0,143.0,176.0,141.0,175.0
33,81,5.0,0.0,1.0,[32],141.0,175.0,192.0,234.0,193.0,181.0,147.0,158.0,143.0,176.0
33,82,5.0,0.0,1.0,[32],143.0,176.0,193.0,181.0,141.0,175.0,130.0,169.0,147.0,158.0
33,83,5.0,0.0,1.0,[32],147.0,158.0,141.0,175.0,143.0,176.0,164.0,124.0,130.0,169.0
33,84,5.0,0.0,1.0,[32],130.0,169.0,143.0,176.0,147.0,158.0,171.0,155.0,164.0,124.0
33,85,5.0,0.0,1.0,[32],164.0,124.0,147.0,158.0,130.0,169.0,269.0,210.0,171.0,155.0
33,86,5.0,0.0,1.0,[32],171.0,155.0,130.0,169.0,164.0,124.0,272.0,272.0,269.0,210.0
33,87,5.0,0.0,1.0,[32],269.0,210.0,164.0,124.0,171.0,155.0,259.0,233.0,272.0,272.0
33,88,5.0,0.0,1.0,[32],272.0,272.0,171.0,155.0,269.0,210.0,230.0,196.0,259.0,233.0
33,89,5.0,0.0,1.0,[32],259.0,233.0,269.0,210.0,272.0,272.0,219.0,222.0,230.0,196.0
33,90,5.0,0.0,1.0,[32],230.0,196.0,272.0,272.0,259.0,233.0,172.0,210.0,219.0,222.0
33,91,5.0,0.0,1.0,[32],219.0,222.0,259.0,233.0,230.0,196.0,161.0,179.0,172.0,210.0
33,92,5.0,0.0,1.0,[32],172.0,210.0,230.0,196.0,219.0,222.0,179.0,185.0,161.0,179.0
33,93,5.0,0.0,1.0,[32],161.0,179.0,219.0,222.0,172.0,210.0,179.0,209.0,179.0,185.0
33,94,5.0,0.0,1.0,[32],179.0,185.0,172.0,210.0,161.0,179.0,176.0,230.0,179.0,209.0
33,95,5.0,0.0,1.0,[32],179.0,209.0,161.0,179.0,179.0,185.0,187.0,340.0,176.0,230.0
33,96,5.0,0.0,1.0,[32],176.0,230.0,179.0,185.0,179.0,209.0,178.0,388.0,187.0,340.0
33,97,5.0,0.0,1.0,[32],187.0,340.0,179.0,209.0,176.0,230.0,192.0,324.0,178.0,388.0
33,98,5.0,0.0,1.0,[32],178.0,388.0,176.0,230.0,187.0,340.0,171.0,250.0,192.0,324.0
33,99,5.0,0.0,1.0,[32],192.0,324.0,187.0,340.0,178.0,388.0,181.0,309.0,171.0,250.0
33,100,5.0,0.0,1.0,[32],171.0,250.0,178.0,388.0,192.0,324.0,209.0,252.0,181.0,309.0
33,101,5.0,0.0,1.0,[32],181.0,309.0,192.0,324.0,171.0,250.0,272.0,294.0,209.0,252.0
33,102,5.0,0.0,1.0,[32],209.0,252.0,171.0,250.0,181.0,309.0,230.0,287.0,272.0,294.0
33,103,5.0,0.0,1.0,[32],272.0,294.0,181.0,309.0,209.0,252.0,253.0,356.0,230.0,287.0
33,104,5.0,0.0,1.0,[32],230.0,287.0,209.0,252.0,272.0,294.0,341.0,565.0,253.0,356.0
33,105,5.0,0.0,1.0,[32],253.0,356.0,272.0,294.0,230.0,287.0,274.0,364.0,341.0,565.0
33,106,5.0,0.0,1.0,[32],341.0,565.0,230.0,287.0,253.0,356.0,249.0,460.0,274.0,364.0
33,107,5.0,0.0,1.0,[32],274.0,364.0,253.0,356.0,341.0,565.0,327.0,560.0,249.0,460.0
33,108,5.0,0.0,1.0,[32],249.0,460.0,341.0,565.0,274.0,364.0,217.0,664.0,327.0,560.0
33,109,5.0,0.0,1.0,[32],327.0,560.0,274.0,364.0,249.0,460.0,221.0,444.0,217.0,664.0
33,110,5.0,0.0,1.0,[32],217.0,664.0,249.0,460.0,327.0,560.0,170.0,552.0,221.0,444.0
33,111,5.0,0.0,1.0,[32],221.0,444.0,327.0,560.0,217.0,664.0,182.0,618.0,170.0,552.0
33,112,5.0,0.0,1.0,[32],170.0,552.0,217.0,664.0,221.0,444.0,132.0,381.0,182.0,618.0
33,113,5.0,0.0,1.0,[32],182.0,618.0,221.0,444.0,170.0,552.0,109.0,337.0,132.0,381.0
33,114,5.0,0.0,1.0,[32],132.0,381.0,170.0,552.0,182.0,618.0,129.0,583.0,109.0,337.0
33,115,5.0,0.0,1.0,[32],109.0,337.0,182.0,618.0,132.0,381.0,108.0,276.0,129.0,583.0
33,116,5.0,0.0,1.0,[32],129.0,583.0,132.0,381.0,109.0,337.0,105.0,301.0,108.0,276.0
33,117,5.0,0.0,1.0,[32],108.0,276.0,109.0,337.0,129.0,583.0,84.0,366.0,105.0,301.0
33,118,5.0,0.0,1.0,[32],105.0,301.0,129.0,583.0,108.0,276.0,98.0,372.0,84.0,366.0
33,119,5.0,0.0,1.0,[32],84.0,366.0,108.0,276.0,105.0,301.0,105.0,202.0,98.0,372.0
33,120,5.0,0.0,1.0,[32],98.0,372.0,105.0,301.0,84.0,366.0,104.0,305.0,105.0,202.0
33,121,5.0,0.0,1.0,[32],105.0,202.0,84.0,366.0,98.0,372.0,112.0,200.0,104.0,305.0
33,122,5.0,0.0,1.0,[32],104.0,305.0,98.0,372.0,105.0,202.0,103.0,276.0,112.0,200.0
33,123,5.0,0.0,1.0,[32],112.0,200.0,105.0,202.0,104.0,305.0,81.0,201.0,103.0,276.0
33,124,5.0,0.0,1.0,[32],103.0,276.0,104.0,305.0,112.0,200.0,93.0,211.0,81.0,201.0
33,125,5.0,0.0,1.0,[32],81.0,201.0,112.0,200.0,103.0,276.0,66.0,224.0,93.0,211.0
33,126,5.0,0.0,1.0,[32],93.0,211.0,103.0,276.0,81.0,201.0,70.0,160.0,66.0,224.0
33,127,5.0,0.0,1.0,[32],66.0,224.0,81.0,201.0,93.0,211.0,70.0,236.0,70.0,160.0
33,128,5.0,0.0,1.0,[32],70.0,160.0,93.0,211.0,66.0,224.0,63.0,206.0,70.0,236.0
33,129,5.0,0.0,1.0,[32],70.0,236.0,66.0,224.0,70.0,160.0,58.0,192.0,63.0,206.0
33,130,5.0,0.0,1.0,[32],63.0,206.0,70.0,160.0,70.0,236.0,94.0,294.0,58.0,192.0
33,131,5.0,0.0,1.0,[32],58.0,192.0,70.0,236.0,63.0,206.0,66.0,148.0,94.0,294.0
33,132,5.0,0.0,1.0,[32],94.0,294.0,63.0,206.0,58.0,192.0,47.0,192.0,66.0,148.0
33,133,5.0,0.0,1.0,[32],66.0,148.0,58.0,192.0,94.0,294.0,29.0,119.0,47.0,192.0
33,134,5.0,0.0,1.0,[32],47.0,192.0,94.0,294.0,66.0,148.0,0.0,114.0,29.0,119.0
33,135,5.0,0.0,1.0,[32],29.0,119.0,66.0,148.0,47.0,192.0,0.0,104.0,0.0,114.0
33,136,5.0,0.0,1.0,[32],0.0,114.0,47.0,192.0,29.0,119.0,0.0,127.0,0.0,104.0
33,137,5.0,0.0,1.0,[32],0.0,104.0,29.0,119.0,0.0,114.0,0.0,97.0,0.0,127.0
33,138,5.0,0.0,1.0,[32],0.0,127.0,0.0,114.0,0.0,104.0,0.0,123.0,0.0,97.0
33,139,5.0,0.0,1.0,[32],0.0,97.0,0.0,104.0,0.0,127.0,0.0,32.0,0.0,123.0
33,140,5.0,0.0,1.0,[32],0.0,123.0,0.0,127.0,0.0,97.0,0.0,48.0,0.0,32.0
33,141,5.0,0.0,1.0,[32],0.0,32.0,0.0,97.0,0.0,123.0,0.0,53.0,0.0,48.0
33,142,5.0,0.0,1.0,[32],0.0,48.0,0.0,123.0,0.0,32.0,0.0,0.0,0.0,53.0
33,143,5.0,0.0,1.0,[32],0.0,53.0,0.0,32.0,0.0,48.0,0.0,0.0,0.0,0.0
34,0,5.0,0.0,1.0,[35],0.0,2.0,0.0,0.0,0.0,0.0,0.0,0.0,0.0,1.0
34,1,5.0,0.0,1.0,[35],0.0,1.0,0.0,0.0,0.0,2.0,0.0,0.0,0.0,0.0
34,2,5.0,0.0,1.0,[35],0.0,0.0,0.0,2.0,0.0,1.0,0.0,0.0,0.0,0.0
34,3,5.0,0.0,1.0,[35],0.0,0.0,0.0,1.0,0.0,0.0,0.0,0.0,0.0,0.0
34,4,5.0,0.0,1.0,[35],0.0,0.0,0.0,0.0,0.0,0.0,0.0,0.0,0.0,0.0
34,5,5.0,0.0,1.0,[35],0.0,0.0,0.0,0.0,0.0,0.0,0.0,0.0,0.0,0.0
34,6,5.0,0.0,1.0,[35],0.0,0.0,0.0,0.0,0.0,0.0,0.0,0.0,0.0,0.0
34,7,5.0,0.0,1.0,[35],0.0,0.0,0.0,0.0,0.0,0.0,0.0,0.0,0.0,0.0
34,8,5.0,0.0,1.0,[35],0.0,0.0,0.0,0.0,0.0,0.0,0.0,0.0,0.0,0.0
34,9,5.0,0.0,1.0,[35],0.0,0.0,0.0,0.0,0.0,0.0,0.0,0.0,0.0,0.0
34,10,5.0,0.0,1.0,[35],0.0,0.0,0.0,0.0,0.0,0.0,0.0,0.0,0.0,0.0
34,11,5.0,0.0,1.0,[35],0.0,0.0,0.0,0.0,0.0,0.0,0.0,0.0,0.0,0.0
34,12,5.0,0.0,1.0,[35],0.0,0.0,0.0,0.0,0.0,0.0,0.0,0.0,0.0,0.0
34,13,5.0,0.0,1.0,[35],0.0,0.0,0.0,0.0,0.0,0.0,0.0,0.0,0.0,0.0
34,14,5.0,0.0,1.0,[35],0.0,0.0,0.0,0.0,0.0,0.0,0.0,0.0,0.0,0.0
34,15,5.0,0.0,1.0,[35],0.0,0.0,0.0,0.0,0.0,0.0,0.0,0.0,0.0,0.0
34,16,5.0,0.0,1.0,[35],0.0,0.0,0.0,0.0,0.0,0.0,0.0,0.0,0.0,0.0
34,17,5.0,0.0,1.0,[35],0.0,0.0,0.0,0.0,0.0,0.0,0.0,0.0,0.0,0.0
34,18,5.0,0.0,1.0,[35],0.0,0.0,0.0,0.0,0.0,0.0,0.0,0.0,0.0,0.0
34,19,5.0,0.0,1.0,[35],0.0,0.0,0.0,0.0,0.0,0.0,0.0,0.0,0.0,0.0
34,20,5.0,0.0,1.0,[35],0.0,0.0,0.0,0.0,0.0,0.0,0.0,0.0,0.0,0.0
34,21,5.0,0.0,1.0,[35],0.0,0.0,0.0,0.0,0.0,0.0,0.0,0.0,0.0,0.0
34,22,5.0,0.0,1.0,[35],0.0,0.0,0.0,0.0,0.0,0.0,0.0,0.0,0.0,0.0
34,23,5.0,0.0,1.0,[35],0.0,0.0,0.0,0.0,0.0,0.0,0.0,0.0,0.0,0.0
34,24,5.0,0.0,1.0,[35],0.0,0.0,0.0,0.0,0.0,0.0,0.0,0.0,0.0,0.0
34,25,5.0,0.0,1.0,[35],0.0,0.0,0.0,0.0,0.0,0.0,0.0,0.0,0.0,0.0
34,26,5.0,0.0,1.0,[35],0.0,0.0,0.0,0.0,0.0,0.0,0.0,0.0,0.0,0.0
34,27,5.0,0.0,1.0,[35],0.0,0.0,0.0,0.0,0.0,0.0,0.0,0.0,0.0,0.0
34,28,5.0,0.0,1.0,[35],0.0,0.0,0.0,0.0,0.0,0.0,0.0,1.0,0.0,0.0
34,29,5.0,0.0,1.0,[35],0.0,0.0,0.0,0.0,0.0,0.0,0.0,0.0,0.0,1.0
34,30,5.0,0.0,1.0,[35],0.0,1.0,0.0,0.0,0.0,0.0,0.0,0.0,0.0,0.0
34,31,5.0,0.0,1.0,[35],0.0,0.0,0.0,0.0,0.0,1.0,0.0,0.0,0.0,0.0
34,32,5.0,0.0,1.0,[35],0.0,0.0,0.0,1.0,0.0,0.0,6.0,0.0,0.0,0.0
34,33,5.0,0.0,1.0,[35],0.0,0.0,0.0,0.0,0.0,0.0,18.0,1.0,6.0,0.0
34,34,5.0,0.0,1.0,[35],6.0,0.0,0.0,0.0,0.0,0.0,28.0,1.0,18.0,1.0
34,35,5.0,0.0,1.0,[35],18.0,1.0,0.0,0.0,6.0,0.0,28.0,0.0,28.0,1.0
34,36,5.0,0.0,1.0,[35],28.0,1.0,6.0,0.0,18.0,1.0,38.0,6.0,28.0,0.0
34,37,5.0,0.0,1.0,[35],28.0,0.0,18.0,1.0,28.0,1.0,64.0,22.0,38.0,6.0
34,38,5.0,0.0,1.0,[35],38.0,6.0,28.0,1.0,28.0,0.0,118.0,14.0,64.0,22.0
34,39,5.0,0.0,1.0,[35],64.0,22.0,28.0,0.0,38.0,6.0,100.0,9.0,118.0,14.0
34,40,5.0,0.0,1.0,[35],118.0,14.0,38.0,6.0,64.0,22.0,164.0,8.0,100.0,9.0
34,41,5.0,0.0,1.0,[35],100.0,9.0,64.0,22.0,118.0,14.0,226.0,34.0,164.0,8.0
34,42,5.0,0.0,1.0,[35],164.0,8.0,118.0,14.0,100.0,9.0,317.0,32.0,226.0,34.0
34,43,5.0,0.0,1.0,[35],226.0,34.0,100.0,9.0,164.0,8.0,343.0,33.0,317.0,32.0
34,44,5.0,0.0,1.0,[35],317.0,32.0,164.0,8.0,226.0,34.0,403.0,24.0,343.0,33.0
34,45,5.0,0.0,1.0,[35],343.0,33.0,226.0,34.0,317.0,32.0,330.0,62.0,403.0,24.0
34,46,5.0,0.0,1.0,[35],403.0,24.0,317.0,32.0,343.0,33.0,501.0,52.0,330.0,62.0
34,47,5.0,0.0,1.0,[35],330.0,62.0,343.0,33.0,403.0,24.0,285.0,83.0,501.0,52.0
34,48,5.0,0.0,1.0,[35],501.0,52.0,403.0,24.0,330.0,62.0,382.0,91.0,285.0,83.0
34,49,5.0,0.0,1.0,[35],285.0,83.0,330.0,62.0,501.0,52.0,264.0,50.0,382.0,91.0
34,50,5.0,0.0,1.0,[35],382.0,91.0,501.0,52.0,285.0,83.0,197.0,41.0,264.0,50.0
34,51,5.0,0.0,1.0,[35],264.0,50.0,285.0,83.0,382.0,91.0,136.0,52.0,197.0,41.0
34,52,5.0,0.0,1.0,[35],197.0,41.0,382.0,91.0,264.0,50.0,102.0,40.0,136.0,52.0
34,53,5.0,0.0,1.0,[35],136.0,52.0,264.0,50.0,197.0,41.0,75.0,34.0,102.0,40.0
34,54,5.0,0.0,1.0,[35],102.0,40.0,197.0,41.0,136.0,52.0,88.0,46.0,75.0,34.0
34,55,5.0,0.0,1.0,[35],75.0,34.0,136.0,52.0,102.0,40.0,80.0,37.0,88.0,46.0
34,56,5.0,0.0,1.0,[35],88.0,46.0,102.0,40.0,75.0,34.0,66.0,63.0,80.0,37.0
34,57,5.0,0.0,1.0,[35],80.0,37.0,75.0,34.0,88.0,46.0,63.0,32.0,66.0,63.0
34,58,5.0,0.0,1.0,[35],66.0,63.0,88.0,46.0,80.0,37.0,51.0,44.0,63.0,32.0
34,59,5.0,0.0,1.0,[35],63.0,32.0,80.0,37.0,66.0,63.0,50.0,53.0,51.0,44.0
34,60,5.0,0.0,1.0,[35],51.0,44.0,66.0,63.0,63.0,32.0,48.0,52.0,50.0,53.0
34,61,5.0,0.0,1.0,[35],50.0,53.0,63.0,32.0,51.0,44.0,56.0,31.0,48.0,52.0
34,62,5.0,0.0,1.0,[35],48.0,52.0,51.0,44.0,50.0,53.0,31.0,62.0,56.0,31.0
34,63,5.0,0.0,1.0,[35],56.0,31.0,50.0,53.0,48.0,52.0,48.0,34.0,31.0,62.0
34,64,5.0,0.0,1.0,[35],31.0,62.0,48.0,52.0,56.0,31.0,39.0,35.0,48.0,34.0
34,65,5.0,0.0,1.0,[35],48.0,34.0,56.0,31.0,31.0,62.0,45.0,53.0,39.0,35.0
34,66,5.0,0.0,1.0,[35],39.0,35.0,31.0,62.0,48.0,34.0,34.0,36.0,45.0,53.0
34,67,5.0,0.0,1.0,[35],45.0,53.0,48.0,34.0,39.0,35.0,36.0,33.0,34.0,36.0
34,68,5.0,0.0,1.0,[35],34.0,36.0,39.0,35.0,45.0,53.0,38.0,62.0,36.0,33.0
34,69,5.0,0.0,1.0,[35],36.0,33.0,45.0,53.0,34.0,36.0,37.0,40.0,38.0,62.0
34,70,5.0,0.0,1.0,[35],38.0,62.0,34.0,36.0,36.0,33.0,37.0,52.0,37.0,40.0
34,71,5.0,0.0,1.0,[35],37.0,40.0,36.0,33.0,38.0,62.0,45.0,45.0,37.0,52.0
34,72,5.0,0.0,1.0,[35],37.0,52.0,38.0,62.0,37.0,40.0,48.0,64.0,45.0,45.0
34,73,5.0,0.0,1.0,[35],45.0,45.0,37.0,40.0,37.0,52.0,61.0,32.0,48.0,64.0
34,74,5.0,0.0,1.0,[35],48.0,64.0,37.0,52.0,45.0,45.0,46.0,56.0,61.0,32.0
34,75,5.0,0.0,1.0,[35],61.0,32.0,45.0,45.0,48.0,64.0,43.0,32.0,46.0,56.0
34,76,5.0,0.0,1.0,[35],46.0,56.0,48.0,64.0,61.0,32.0,38.0,36.0,43.0,32.0
34,77,5.0,0.0,1.0,[35],43.0,32.0,61.0,32.0,46.0,56.0,45.0,34.0,38.0,36.0
34,78,5.0,0.0,1.0,[35],38.0,36.0,46.0,56.0,43.0,32.0,61.0,52.0,45.0,34.0
34,79,5.0,0.0,1.0,[35],45.0,34.0,43.0,32.0,38.0,36.0,47.0,59.0,61.0,52.0
34,80,5.0,0.0,1.0,[35],61.0,52.0,38.0,36.0,45.0,34.0,58.0,42.0,47.0,59.0
34,81,5.0,0.0,1.0,[35],47.0,59.0,45.0,34.0,61.0,52.0,55.0,53.0,58.0,42.0
34,82,5.0,0.0,1.0,[35],58.0,42.0,61.0,52.0,47.0,59.0,43.0,49.0,55.0,53.0
34,83,5.0,0.0,1.0,[35],55.0,53.0,47.0,59.0,58.0,42.0,44.0,47.0,43.0,49.0
34,84,5.0,0.0,1.0,[35],43.0,49.0,58.0,42.0,55.0,53.0,37.0,55.0,44.0,47.0
34,85,5.0,0.0,1.0,[35],44.0,47.0,55.0,53.0,43.0,49.0,37.0,49.0,37.0,55.0
34,86,5.0,0.0,1.0,[35],37.0,55.0,43.0,49.0,44.0,47.0,41.0,54.0,37.0,49.0
34,87,5.0,0.0,1.0,[35],37.0,49.0,44.0,47.0,37.0,55.0,43.0,50.0,41.0,54.0
34,88,5.0,0.0,1.0,[35],41.0,54.0,37.0,55.0,37.0,49.0,79.0,107.0,43.0,50.0
34,89,5.0,0.0,1.0,[35],43.0,50.0,37.0,49.0,41.0,54.0,47.0,82.0,79.0,107.0
34,90,5.0,0.0,1.0,[35],79.0,107.0,41.0,54.0,43.0,50.0,60.0,101.0,47.0,82.0
34,91,5.0,0.0,1.0,[35],47.0,82.0,43.0,50.0,79.0,107.0,81.0,118.0,60.0,101.0
34,92,5.0,0.0,1.0,[35],60.0,101.0,79.0,107.0,47.0,82.0,86.0,105.0,81.0,118.0
34,93,5.0,0.0,1.0,[35],81.0,118.0,47.0,82.0,60.0,101.0,85.0,93.0,86.0,105.0
34,94,5.0,0.0,1.0,[35],86.0,105.0,60.0,101.0,81.0,118.0,75.0,70.0,85.0,93.0
34,95,5.0,0.0,1.0,[35],85.0,93.0,81.0,118.0,86.0,105.0,63.0,76.0,75.0,70.0
34,96,5.0,0.0,1.0,[35],75.0,70.0,86.0,105.0,85.0,93.0,41.0,91.0,63.0,76.0
34,97,5.0,0.0,1.0,[35],63.0,76.0,85.0,93.0,75.0,70.0,65.0,79.0,41.0,91.0
34,98,5.0,0.0,1.0,[35],41.0,91.0,75.0,70.0,63.0,76.0,77.0,102.0,65.0,79.0
34,99,5.0,0.0,1.0,[35],65.0,79.0,63.0,76.0,41.0,91.0,98.0,120.0,77.0,102.0
34,100,5.0,0.0,1.0,[35],77.0,102.0,41.0,91.0,65.0,79.0,81.0,121.0,98.0,120.0
34,101,5.0,0.0,1.0,[35],98.0,120.0,65.0,79.0,77.0,102.0,70.0,168.0,81.0,121.0
34,102,5.0,0.0,1.0,[35],81.0,121.0,77.0,102.0,98.0,120.0,83.0,174.0,70.0,168.0
34,103,5.0,0.0,1.0,[35],70.0,168.0,98.0,120.0,81.0,121.0,78.0,223.0,83.0,174.0
34,104,5.0,0.0,1.0,[35],83.0,174.0,81.0,121.0,70.0,168.0,106.0,168.0,78.0,223.0
34,105,5.0,0.0,1.0,[35],78.0,223.0,70.0,168.0,83.0,174.0,103.0,206.0,106.0,168.0
34,106,5.0,0.0,1.0,[35],106.0,168.0,83.0,174.0,78.0,223.0,75.0,223.0,103.0,206.0
34,107,5.0,0.0,1.0,[35],103.0,206.0,78.0,223.0,106.0,168.0,43.0,221.0,75.0,223.0
34,108,5.0,0.0,1.0,[35],75.0,223.0,106.0,168.0,103.0,206.0,66.0,154.0,43.0,221.0
34,109,5.0,0.0,1.0,[35],43.0,221.0,103.0,206.0,75.0,223.0,38.0,189.0,66.0,154.0
34,110,5.0,0.0,1.0,[35],66.0,154.0,75.0,223.0,43.0,221.0,34.0,172.0,38.0,189.0
34,111,5.0,0.0,1.0,[35],38.0,189.0,43.0,221.0,66.0,154.0,46.0,168.0,34.0,172.0
34,112,5.0,0.0,1.0,[35],34.0,172.0,66.0,154.0,38.0,189.0,29.0,121.0,46.0,168.0
34,113,5.0,0.0,1.0,[35],46.0,168.0,38.0,189.0,34.0,172.0,19.0,116.0,29.0,121.0
34,114,5.0,0.0,1.0,[35],29.0,121.0,34.0,172.0,46.0,168.0,34.0,143.0,19.0,116.0
34,115,5.0,0.0,1.0,[35],19.0,116.0,46.0,168.0,29.0,121.0,35.0,102.0,34.0,143.0
34,116,5.0,0.0,1.0,[35],34.0,143.0,29.0,121.0,19.0,116.0,20.0,101.0,35.0,102.0
34,117,5.0,0.0,1.0,[35],35.0,102.0,19.0,116.0,34.0,143.0,18.0,118.0,20.0,101.0
34,118,5.0,0.0,1.0,[35],20.0,101.0,34.0,143.0,35.0,102.0,38.0,84.0,18.0,118.0
34,119,5.0,0.0,1.0,[35],18.0,118.0,35.0,102.0,20.0,101.0,14.0,52.0,38.0,84.0
34,120,5.0,0.0,1.0,[35],38.0,84.0,20.0,101.0,18.0,118.0,28.0,103.0,14.0,52.0
34,121,5.0,0.0,1.0,[35],14.0,52.0,18.0,118.0,38.0,84.0,22.0,69.0,28.0,103.0
34,122,5.0,0.0,1.0,[35],28.0,103.0,38.0,84.0,14.0,52.0,14.0,100.0,22.0,69.0
34,123,5.0,0.0,1.0,[35],22.0,69.0,14.0,52.0,28.0,103.0,13.0,87.0,14.0,100.0
34,124,5.0,0.0,1.0,[35],14.0,100.0,28.0,103.0,22.0,69.0,10.0,133.0,13.0,87.0
34,125,5.0,0.0,1.0,[35],13.0,87.0,22.0,69.0,14.0,100.0,5.0,103.0,10.0,133.0
34,126,5.0,0.0,1.0,[35],10.0,133.0,14.0,100.0,13.0,87.0,12.0,108.0,5.0,103.0
34,127,5.0,0.0,1.0,[35],5.0,103.0,13.0,87.0,10.0,133.0,1.0,64.0,12.0,108.0
34,128,5.0,0.0,1.0,[35],12.0,108.0,10.0,133.0,5.0,103.0,5.0,71.0,1.0,64.0
34,129,5.0,0.0,1.0,[35],1.0,64.0,5.0,103.0,12.0,108.0,4.0,45.0,5.0,71.0
34,130,5.0,0.0,1.0,[35],5.0,71.0,12.0,108.0,1.0,64.0,7.0,68.0,4.0,45.0
34,131,5.0,0.0,1.0,[35],4.0,45.0,1.0,64.0,5.0,71.0,4.0,44.0,7.0,68.0
34,132,5.0,0.0,1.0,[35],7.0,68.0,5.0,71.0,4.0,45.0,11.0,60.0,4.0,44.0
34,133,5.0,0.0,1.0,[35],4.0,44.0,4.0,45.0,7.0,68.0,3.0,40.0,11.0,60.0
34,134,5.0,0.0,1.0,[35],11.0,60.0,7.0,68.0,4.0,44.0,1.0,18.0,3.0,40.0
34,135,5.0,0.0,1.0,[35],3.0,40.0,4.0,44.0,11.0,60.0,0.0,28.0,1.0,18.0
34,136,5.0,0.0,1.0,[35],1.0,18.0,11.0,60.0,3.0,40.0,0.0,23.0,0.0,28.0
34,137,5.0,0.0,1.0,[35],0.0,28.0,3.0,40.0,1.0,18.0,0.0,33.0,0.0,23.0
34,138,5.0,0.0,1.0,[35],0.0,23.0,1.0,18.0,0.0,28.0,0.0,8.0,0.0,33.0
34,139,5.0,0.0,1.0,[35],0.0,33.0,0.0,28.0,0.0,23.0,0.0,8.0,0.0,8.0
34,140,5.0,0.0,1.0,[35],0.0,8.0,0.0,23.0,0.0,33.0,0.0,13.0,0.0,8.0
34,141,5.0,0.0,1.0,[35],0.0,8.0,0.0,33.0,0.0,8.0,0.0,13.0,0.0,13.0
34,142,5.0,0.0,1.0,[35],0.0,13.0,0.0,8.0,0.0,8.0,0.0,0.0,0.0,13.0
34,143,5.0,0.0,1.0,[35],0.0,13.0,0.0,8.0,0.0,13.0,0.0,0.0,0.0,0.0
35,0,5.0,0.0,2.0,[34 36],0.0,0.0,0.0,0.0,0.0,0.0,0.0,0.0,0.0,0.0
35,1,5.0,0.0,2.0,[34 36],0.0,0.0,0.0,0.0,0.0,0.0,0.0,0.0,0.0,0.0
35,2,5.0,0.0,2.0,[34 36],0.0,0.0,0.0,0.0,0.0,0.0,0.0,0.0,0.0,0.0
35,3,5.0,0.0,2.0,[34 36],0.0,0.0,0.0,0.0,0.0,0.0,3.0,1.0,0.0,0.0
35,4,5.0,0.0,2.0,[34 36],0.0,0.0,0.0,0.0,0.0,0.0,0.0,0.0,3.0,1.0
35,5,5.0,0.0,2.0,[34 36],3.0,1.0,0.0,0.0,0.0,0.0,0.0,0.0,0.0,0.0
35,6,5.0,0.0,2.0,[34 36],0.0,0.0,0.0,0.0,3.0,1.0,0.0,0.0,0.0,0.0
35,7,5.0,0.0,2.0,[34 36],0.0,0.0,3.0,1.0,0.0,0.0,0.0,0.0,0.0,0.0
35,8,5.0,0.0,2.0,[34 36],0.0,0.0,0.0,0.0,0.0,0.0,0.0,0.0,0.0,0.0
35,9,5.0,0.0,2.0,[34 36],0.0,0.0,0.0,0.0,0.0,0.0,0.0,0.0,0.0,0.0
35,10,5.0,0.0,2.0,[34 36],0.0,0.0,0.0,0.0,0.0,0.0,0.0,0.0,0.0,0.0
35,11,5.0,0.0,2.0,[34 36],0.0,0.0,0.0,0.0,0.0,0.0,0.0,0.0,0.0,0.0
35,12,5.0,0.0,2.0,[34 36],0.0,0.0,0.0,0.0,0.0,0.0,0.0,0.0,0.0,0.0
35,13,5.0,0.0,2.0,[34 36],0.0,0.0,0.0,0.0,0.0,0.0,0.0,0.0,0.0,0.0
35,14,5.0,0.0,2.0,[34 36],0.0,0.0,0.0,0.0,0.0,0.0,0.0,0.0,0.0,0.0
35,15,5.0,0.0,2.0,[34 36],0.0,0.0,0.0,0.0,0.0,0.0,0.0,0.0,0.0,0.0
35,16,5.0,0.0,2.0,[34 36],0.0,0.0,0.0,0.0,0.0,0.0,0.0,0.0,0.0,0.0
35,17,5.0,0.0,2.0,[34 36],0.0,0.0,0.0,0.0,0.0,0.0,0.0,0.0,0.0,0.0
35,18,5.0,0.0,2.0,[34 36],0.0,0.0,0.0,0.0,0.0,0.0,0.0,0.0,0.0,0.0
35,19,5.0,0.0,2.0,[34 36],0.0,0.0,0.0,0.0,0.0,0.0,0.0,0.0,0.0,0.0
35,20,5.0,0.0,2.0,[34 36],0.0,0.0,0.0,0.0,0.0,0.0,0.0,0.0,0.0,0.0
35,21,5.0,0.0,2.0,[34 36],0.0,0.0,0.0,0.0,0.0,0.0,0.0,0.0,0.0,0.0
35,22,5.0,0.0,2.0,[34 36],0.0,0.0,0.0,0.0,0.0,0.0,0.0,0.0,0.0,0.0
35,23,5.0,0.0,2.0,[34 36],0.0,0.0,0.0,0.0,0.0,0.0,0.0,0.0,0.0,0.0
35,24,5.0,0.0,2.0,[34 36],0.0,0.0,0.0,0.0,0.0,0.0,0.0,0.0,0.0,0.0
35,25,5.0,0.0,2.0,[34 36],0.0,0.0,0.0,0.0,0.0,0.0,0.0,0.0,0.0,0.0
35,26,5.0,0.0,2.0,[34 36],0.0,0.0,0.0,0.0,0.0,0.0,0.0,0.0,0.0,0.0
35,27,5.0,0.0,2.0,[34 36],0.0,0.0,0.0,0.0,0.0,0.0,0.0,0.0,0.0,0.0
35,28,5.0,0.0,2.0,[34 36],0.0,0.0,0.0,0.0,0.0,0.0,0.0,0.0,0.0,0.0
35,29,5.0,0.0,2.0,[34 36],0.0,0.0,0.0,0.0,0.0,0.0,0.0,0.0,0.0,0.0
35,30,5.0,0.0,2.0,[34 36],0.0,0.0,0.0,0.0,0.0,0.0,0.0,0.0,0.0,0.0
35,31,5.0,0.0,2.0,[34 36],0.0,0.0,0.0,0.0,0.0,0.0,4.0,0.0,0.0,0.0
35,32,5.0,0.0,2.0,[34 36],0.0,0.0,0.0,0.0,0.0,0.0,5.0,0.0,4.0,0.0
35,33,5.0,0.0,2.0,[34 36],4.0,0.0,0.0,0.0,0.0,0.0,7.0,0.0,5.0,0.0
35,34,5.0,0.0,2.0,[34 36],5.0,0.0,0.0,0.0,4.0,0.0,20.0,0.0,7.0,0.0
35,35,5.0,0.0,2.0,[34 36],7.0,0.0,4.0,0.0,5.0,0.0,24.0,0.0,20.0,0.0
35,36,5.0,0.0,2.0,[34 36],20.0,0.0,5.0,0.0,7.0,0.0,28.0,6.0,24.0,0.0
35,37,5.0,0.0,2.0,[34 36],24.0,0.0,7.0,0.0,20.0,0.0,28.0,2.0,28.0,6.0
35,38,5.0,0.0,2.0,[34 36],28.0,6.0,20.0,0.0,24.0,0.0,44.0,8.0,28.0,2.0
35,39,5.0,0.0,2.0,[34 36],28.0,2.0,24.0,0.0,28.0,6.0,58.0,2.0,44.0,8.0
35,40,5.0,0.0,2.0,[34 36],44.0,8.0,28.0,6.0,28.0,2.0,98.0,9.0,58.0,2.0
35,41,5.0,0.0,2.0,[34 36],58.0,2.0,28.0,2.0,44.0,8.0,126.0,4.0,98.0,9.0
35,42,5.0,0.0,2.0,[34 36],98.0,9.0,44.0,8.0,58.0,2.0,180.0,13.0,126.0,4.0
35,43,5.0,0.0,2.0,[34 36],126.0,4.0,58.0,2.0,98.0,9.0,205.0,16.0,180.0,13.0
35,44,5.0,0.0,2.0,[34 36],180.0,13.0,98.0,9.0,126.0,4.0,219.0,16.0,205.0,16.0
35,45,5.0,0.0,2.0,[34 36],205.0,16.0,126.0,4.0,180.0,13.0,288.0,24.0,219.0,16.0
35,46,5.0,0.0,2.0,[34 36],219.0,16.0,180.0,13.0,205.0,16.0,258.0,25.0,288.0,24.0
35,47,5.0,0.0,2.0,[34 36],288.0,24.0,205.0,16.0,219.0,16.0,240.0,31.0,258.0,25.0
35,48,5.0,0.0,2.0,[34 36],258.0,25.0,219.0,16.0,288.0,24.0,200.0,36.0,240.0,31.0
35,49,5.0,0.0,2.0,[34 36],240.0,31.0,288.0,24.0,258.0,25.0,183.0,28.0,200.0,36.0
35,50,5.0,0.0,2.0,[34 36],200.0,36.0,258.0,25.0,240.0,31.0,118.0,30.0,183.0,28.0
35,51,5.0,0.0,2.0,[34 36],183.0,28.0,240.0,31.0,200.0,36.0,87.0,28.0,118.0,30.0
35,52,5.0,0.0,2.0,[34 36],118.0,30.0,200.0,36.0,183.0,28.0,56.0,19.0,87.0,28.0
35,53,5.0,0.0,2.0,[34 36],87.0,28.0,183.0,28.0,118.0,30.0,46.0,7.0,56.0,19.0
35,54,5.0,0.0,2.0,[34 36],56.0,19.0,118.0,30.0,87.0,28.0,51.0,20.0,46.0,7.0
35,55,5.0,0.0,2.0,[34 36],46.0,7.0,87.0,28.0,56.0,19.0,39.0,26.0,51.0,20.0
35,56,5.0,0.0,2.0,[34 36],51.0,20.0,56.0,19.0,46.0,7.0,37.0,17.0,39.0,26.0
35,57,5.0,0.0,2.0,[34 36],39.0,26.0,46.0,7.0,51.0,20.0,15.0,17.0,37.0,17.0
35,58,5.0,0.0,2.0,[34 36],37.0,17.0,51.0,20.0,39.0,26.0,17.0,24.0,15.0,17.0
35,59,5.0,0.0,2.0,[34 36],15.0,17.0,39.0,26.0,37.0,17.0,27.0,30.0,17.0,24.0
35,60,5.0,0.0,2.0,[34 36],17.0,24.0,37.0,17.0,15.0,17.0,21.0,13.0,27.0,30.0
35,61,5.0,0.0,2.0,[34 36],27.0,30.0,15.0,17.0,17.0,24.0,23.0,23.0,21.0,13.0
35,62,5.0,0.0,2.0,[34 36],21.0,13.0,17.0,24.0,27.0,30.0,15.0,12.0,23.0,23.0
35,63,5.0,0.0,2.0,[34 36],23.0,23.0,27.0,30.0,21.0,13.0,19.0,21.0,15.0,12.0
35,64,5.0,0.0,2.0,[34 36],15.0,12.0,21.0,13.0,23.0,23.0,25.0,19.0,19.0,21.0
35,65,5.0,0.0,2.0,[34 36],19.0,21.0,23.0,23.0,15.0,12.0,18.0,28.0,25.0,19.0
35,66,5.0,0.0,2.0,[34 36],25.0,19.0,15.0,12.0,19.0,21.0,22.0,18.0,18.0,28.0
35,67,5.0,0.0,2.0,[34 36],18.0,28.0,19.0,21.0,25.0,19.0,23.0,21.0,22.0,18.0
35,68,5.0,0.0,2.0,[34 36],22.0,18.0,25.0,19.0,18.0,28.0,27.0,12.0,23.0,21.0
35,69,5.0,0.0,2.0,[34 36],23.0,21.0,18.0,28.0,22.0,18.0,29.0,11.0,27.0,12.0
35,70,5.0,0.0,2.0,[34 36],27.0,12.0,22.0,18.0,23.0,21.0,30.0,23.0,29.0,11.0
35,71,5.0,0.0,2.0,[34 36],29.0,11.0,23.0,21.0,27.0,12.0,23.0,17.0,30.0,23.0
35,72,5.0,0.0,2.0,[34 36],30.0,23.0,27.0,12.0,29.0,11.0,31.0,19.0,23.0,17.0
35,73,5.0,0.0,2.0,[34 36],23.0,17.0,29.0,11.0,30.0,23.0,18.0,13.0,31.0,19.0
35,74,5.0,0.0,2.0,[34 36],31.0,19.0,30.0,23.0,23.0,17.0,30.0,14.0,18.0,13.0
35,75,5.0,0.0,2.0,[34 36],18.0,13.0,23.0,17.0,31.0,19.0,23.0,11.0,30.0,14.0
35,76,5.0,0.0,2.0,[34 36],30.0,14.0,31.0,19.0,18.0,13.0,24.0,20.0,23.0,11.0
35,77,5.0,0.0,2.0,[34 36],23.0,11.0,18.0,13.0,30.0,14.0,22.0,18.0,24.0,20.0
35,78,5.0,0.0,2.0,[34 36],24.0,20.0,30.0,14.0,23.0,11.0,22.0,23.0,22.0,18.0
35,79,5.0,0.0,2.0,[34 36],22.0,18.0,23.0,11.0,24.0,20.0,23.0,15.0,22.0,23.0
35,80,5.0,0.0,2.0,[34 36],22.0,23.0,24.0,20.0,22.0,18.0,24.0,27.0,23.0,15.0
35,81,5.0,0.0,2.0,[34 36],23.0,15.0,22.0,18.0,22.0,23.0,23.0,28.0,24.0,27.0
35,82,5.0,0.0,2.0,[34 36],24.0,27.0,22.0,23.0,23.0,15.0,26.0,17.0,23.0,28.0
35,83,5.0,0.0,2.0,[34 36],23.0,28.0,23.0,15.0,24.0,27.0,24.0,14.0,26.0,17.0
35,84,5.0,0.0,2.0,[34 36],26.0,17.0,24.0,27.0,23.0,28.0,17.0,26.0,24.0,14.0
35,85,5.0,0.0,2.0,[34 36],24.0,14.0,23.0,28.0,26.0,17.0,20.0,30.0,17.0,26.0
35,86,5.0,0.0,2.0,[34 36],17.0,26.0,26.0,17.0,24.0,14.0,25.0,28.0,20.0,30.0
35,87,5.0,0.0,2.0,[34 36],20.0,30.0,24.0,14.0,17.0,26.0,23.0,39.0,25.0,28.0
35,88,5.0,0.0,2.0,[34 36],25.0,28.0,17.0,26.0,20.0,30.0,23.0,42.0,23.0,39.0
35,89,5.0,0.0,2.0,[34 36],23.0,39.0,20.0,30.0,25.0,28.0,20.0,42.0,23.0,42.0
35,90,5.0,0.0,2.0,[34 36],23.0,42.0,25.0,28.0,23.0,39.0,23.0,50.0,20.0,42.0
35,91,5.0,0.0,2.0,[34 36],20.0,42.0,23.0,39.0,23.0,42.0,35.0,40.0,23.0,50.0
35,92,5.0,0.0,2.0,[34 36],23.0,50.0,23.0,42.0,20.0,42.0,28.0,20.0,35.0,40.0
35,93,5.0,0.0,2.0,[34 36],35.0,40.0,20.0,42.0,23.0,50.0,25.0,37.0,28.0,20.0
35,94,5.0,0.0,2.0,[34 36],28.0,20.0,23.0,50.0,35.0,40.0,25.0,30.0,25.0,37.0
35,95,5.0,0.0,2.0,[34 36],25.0,37.0,35.0,40.0,28.0,20.0,28.0,34.0,25.0,30.0
35,96,5.0,0.0,2.0,[34 36],25.0,30.0,28.0,20.0,25.0,37.0,25.0,41.0,28.0,34.0
35,97,5.0,0.0,2.0,[34 36],28.0,34.0,25.0,37.0,25.0,30.0,24.0,29.0,25.0,41.0
35,98,5.0,0.0,2.0,[34 36],25.0,41.0,25.0,30.0,28.0,34.0,49.0,48.0,24.0,29.0
35,99,5.0,0.0,2.0,[34 36],24.0,29.0,28.0,34.0,25.0,41.0,39.0,76.0,49.0,48.0
35,100,5.0,0.0,2.0,[34 36],49.0,48.0,25.0,41.0,24.0,29.0,44.0,91.0,39.0,76.0
35,101,5.0,0.0,2.0,[34 36],39.0,76.0,24.0,29.0,49.0,48.0,50.0,99.0,44.0,91.0
35,102,5.0,0.0,2.0,[34 36],44.0,91.0,49.0,48.0,39.0,76.0,51.0,154.0,50.0,99.0
35,103,5.0,0.0,2.0,[34 36],50.0,99.0,39.0,76.0,44.0,91.0,38.0,121.0,51.0,154.0
35,104,5.0,0.0,2.0,[34 36],51.0,154.0,44.0,91.0,50.0,99.0,44.0,123.0,38.0,121.0
35,105,5.0,0.0,2.0,[34 36],38.0,121.0,50.0,99.0,51.0,154.0,40.0,136.0,44.0,123.0
35,106,5.0,0.0,2.0,[34 36],44.0,123.0,51.0,154.0,38.0,121.0,45.0,168.0,40.0,136.0
35,107,5.0,0.0,2.0,[34 36],40.0,136.0,38.0,121.0,44.0,123.0,30.0,116.0,45.0,168.0
35,108,5.0,0.0,2.0,[34 36],45.0,168.0,44.0,123.0,40.0,136.0,21.0,147.0,30.0,116.0
35,109,5.0,0.0,2.0,[34 36],30.0,116.0,40.0,136.0,45.0,168.0,32.0,206.0,21.0,147.0
35,110,5.0,0.0,2.0,[34 36],21.0,147.0,45.0,168.0,30.0,116.0,31.0,120.0,32.0,206.0
35,111,5.0,0.0,2.0,[34 36],32.0,206.0,30.0,116.0,21.0,147.0,11.0,104.0,31.0,120.0
35,112,5.0,0.0,2.0,[34 36],31.0,120.0,21.0,147.0,32.0,206.0,19.0,117.0,11.0,104.0
35,113,5.0,0.0,2.0,[34 36],11.0,104.0,32.0,206.0,31.0,120.0,28.0,80.0,19.0,117.0
35,114,5.0,0.0,2.0,[34 36],19.0,117.0,31.0,120.0,11.0,104.0,30.0,69.0,28.0,80.0
35,115,5.0,0.0,2.0,[34 36],28.0,80.0,11.0,104.0,19.0,117.0,19.0,114.0,30.0,69.0
35,116,5.0,0.0,2.0,[34 36],30.0,69.0,19.0,117.0,28.0,80.0,13.0,59.0,19.0,114.0
35,117,5.0,0.0,2.0,[34 36],19.0,114.0,28.0,80.0,30.0,69.0,7.0,88.0,13.0,59.0
35,118,5.0,0.0,2.0,[34 36],13.0,59.0,30.0,69.0,19.0,114.0,15.0,70.0,7.0,88.0
35,119,5.0,0.0,2.0,[34 36],7.0,88.0,19.0,114.0,13.0,59.0,9.0,96.0,15.0,70.0
35,120,5.0,0.0,2.0,[34 36],15.0,70.0,13.0,59.0,7.0,88.0,13.0,73.0,9.0,96.0
35,121,5.0,0.0,2.0,[34 36],9.0,96.0,7.0,88.0,15.0,70.0,9.0,73.0,13.0,73.0
35,122,5.0,0.0,2.0,[34 36],13.0,73.0,15.0,70.0,9.0,96.0,14.0,67.0,9.0,73.0
35,123,5.0,0.0,2.0,[34 36],9.0,73.0,9.0,96.0,13.0,73.0,13.0,54.0,14.0,67.0
35,124,5.0,0.0,2.0,[34 36],14.0,67.0,13.0,73.0,9.0,73.0,13.0,62.0,13.0,54.0
35,125,5.0,0.0,2.0,[34 36],13.0,54.0,9.0,73.0,14.0,67.0,6.0,81.0,13.0,62.0
35,126,5.0,0.0,2.0,[34 36],13.0,62.0,14.0,67.0,13.0,54.0,7.0,66.0,6.0,81.0
35,127,5.0,0.0,2.0,[34 36],6.0,81.0,13.0,54.0,13.0,62.0,6.0,75.0,7.0,66.0
35,128,5.0,0.0,2.0,[34 36],7.0,66.0,13.0,62.0,6.0,81.0,6.0,59.0,6.0,75.0
35,129,5.0,0.0,2.0,[34 36],6.0,75.0,6.0,81.0,7.0,66.0,6.0,44.0,6.0,59.0
35,130,5.0,0.0,2.0,[34 36],6.0,59.0,7.0,66.0,6.0,75.0,20.0,43.0,6.0,44.0
35,131,5.0,0.0,2.0,[34 36],6.0,44.0,6.0,75.0,6.0,59.0,15.0,40.0,20.0,43.0
35,132,5.0,0.0,2.0,[34 36],20.0,43.0,6.0,59.0,6.0,44.0,8.0,36.0,15.0,40.0
35,133,5.0,0.0,2.0,[34 36],15.0,40.0,6.0,44.0,20.0,43.0,11.0,28.0,8.0,36.0
35,134,5.0,0.0,2.0,[34 36],8.0,36.0,20.0,43.0,15.0,40.0,4.0,22.0,11.0,28.0
35,135,5.0,0.0,2.0,[34 36],11.0,28.0,15.0,40.0,8.0,36.0,0.0,14.0,4.0,22.0
35,136,5.0,0.0,2.0,[34 36],4.0,22.0,8.0,36.0,11.0,28.0,0.0,29.0,0.0,14.0
35,137,5.0,0.0,2.0,[34 36],0.0,14.0,11.0,28.0,4.0,22.0,0.0,17.0,0.0,29.0
35,138,5.0,0.0,2.0,[34 36],0.0,29.0,4.0,22.0,0.0,14.0,0.0,16.0,0.0,17.0
35,139,5.0,0.0,2.0,[34 36],0.0,17.0,0.0,14.0,0.0,29.0,1.0,18.0,0.0,16.0
35,140,5.0,0.0,2.0,[34 36],0.0,16.0,0.0,29.0,0.0,17.0,0.0,10.0,1.0,18.0
35,141,5.0,0.0,2.0,[34 36],1.0,18.0,0.0,17.0,0.0,16.0,0.0,4.0,0.0,10.0
35,142,5.0,0.0,2.0,[34 36],0.0,10.0,0.0,16.0,1.0,18.0,0.0,0.0,0.0,4.0
35,143,5.0,0.0,2.0,[34 36],0.0,4.0,1.0,18.0,0.0,10.0,0.0,0.0,0.0,0.0
36,0,5.0,0.0,2.0,[35 37],0.0,0.0,0.0,0.0,0.0,0.0,0.0,0.0,0.0,0.0
36,1,5.0,0.0,2.0,[35 37],0.0,0.0,0.0,0.0,0.0,0.0,0.0,0.0,0.0,0.0
36,2,5.0,0.0,2.0,[35 37],0.0,0.0,0.0,0.0,0.0,0.0,0.0,0.0,0.0,0.0
36,3,5.0,0.0,2.0,[35 37],0.0,0.0,0.0,0.0,0.0,0.0,0.0,0.0,0.0,0.0
36,4,5.0,0.0,2.0,[35 37],0.0,0.0,0.0,0.0,0.0,0.0,0.0,0.0,0.0,0.0
36,5,5.0,0.0,2.0,[35 37],0.0,0.0,0.0,0.0,0.0,0.0,0.0,0.0,0.0,0.0
36,6,5.0,0.0,2.0,[35 37],0.0,0.0,0.0,0.0,0.0,0.0,0.0,0.0,0.0,0.0
36,7,5.0,0.0,2.0,[35 37],0.0,0.0,0.0,0.0,0.0,0.0,0.0,0.0,0.0,0.0
36,8,5.0,0.0,2.0,[35 37],0.0,0.0,0.0,0.0,0.0,0.0,0.0,0.0,0.0,0.0
36,9,5.0,0.0,2.0,[35 37],0.0,0.0,0.0,0.0,0.0,0.0,0.0,0.0,0.0,0.0
36,10,5.0,0.0,2.0,[35 37],0.0,0.0,0.0,0.0,0.0,0.0,0.0,0.0,0.0,0.0
36,11,5.0,0.0,2.0,[35 37],0.0,0.0,0.0,0.0,0.0,0.0,0.0,0.0,0.0,0.0
36,12,5.0,0.0,2.0,[35 37],0.0,0.0,0.0,0.0,0.0,0.0,0.0,0.0,0.0,0.0
36,13,5.0,0.0,2.0,[35 37],0.0,0.0,0.0,0.0,0.0,0.0,0.0,0.0,0.0,0.0
36,14,5.0,0.0,2.0,[35 37],0.0,0.0,0.0,0.0,0.0,0.0,0.0,0.0,0.0,0.0
36,15,5.0,0.0,2.0,[35 37],0.0,0.0,0.0,0.0,0.0,0.0,0.0,0.0,0.0,0.0
36,16,5.0,0.0,2.0,[35 37],0.0,0.0,0.0,0.0,0.0,0.0,0.0,0.0,0.0,0.0
36,17,5.0,0.0,2.0,[35 37],0.0,0.0,0.0,0.0,0.0,0.0,0.0,0.0,0.0,0.0
36,18,5.0,0.0,2.0,[35 37],0.0,0.0,0.0,0.0,0.0,0.0,0.0,0.0,0.0,0.0
36,19,5.0,0.0,2.0,[35 37],0.0,0.0,0.0,0.0,0.0,0.0,0.0,0.0,0.0,0.0
36,20,5.0,0.0,2.0,[35 37],0.0,0.0,0.0,0.0,0.0,0.0,0.0,0.0,0.0,0.0
36,21,5.0,0.0,2.0,[35 37],0.0,0.0,0.0,0.0,0.0,0.0,0.0,0.0,0.0,0.0
36,22,5.0,0.0,2.0,[35 37],0.0,0.0,0.0,0.0,0.0,0.0,1.0,1.0,0.0,0.0
36,23,5.0,0.0,2.0,[35 37],0.0,0.0,0.0,0.0,0.0,0.0,0.0,0.0,1.0,1.0
36,24,5.0,0.0,2.0,[35 37],1.0,1.0,0.0,0.0,0.0,0.0,0.0,0.0,0.0,0.0
36,25,5.0,0.0,2.0,[35 37],0.0,0.0,0.0,0.0,1.0,1.0,1.0,0.0,0.0,0.0
36,26,5.0,0.0,2.0,[35 37],0.0,0.0,1.0,1.0,0.0,0.0,0.0,1.0,1.0,0.0
36,27,5.0,0.0,2.0,[35 37],1.0,0.0,0.0,0.0,0.0,0.0,0.0,0.0,0.0,1.0
36,28,5.0,0.0,2.0,[35 37],0.0,1.0,0.0,0.0,1.0,0.0,0.0,0.0,0.0,0.0
36,29,5.0,0.0,2.0,[35 37],0.0,0.0,1.0,0.0,0.0,1.0,0.0,0.0,0.0,0.0
36,30,5.0,0.0,2.0,[35 37],0.0,0.0,0.0,1.0,0.0,0.0,0.0,0.0,0.0,0.0
36,31,5.0,0.0,2.0,[35 37],0.0,0.0,0.0,0.0,0.0,0.0,0.0,0.0,0.0,0.0
36,32,5.0,0.0,2.0,[35 37],0.0,0.0,0.0,0.0,0.0,0.0,8.0,0.0,0.0,0.0
36,33,5.0,0.0,2.0,[35 37],0.0,0.0,0.0,0.0,0.0,0.0,11.0,0.0,8.0,0.0
36,34,5.0,0.0,2.0,[35 37],8.0,0.0,0.0,0.0,0.0,0.0,21.0,1.0,11.0,0.0
36,35,5.0,0.0,2.0,[35 37],11.0,0.0,0.0,0.0,8.0,0.0,18.0,1.0,21.0,1.0
36,36,5.0,0.0,2.0,[35 37],21.0,1.0,8.0,0.0,11.0,0.0,28.0,5.0,18.0,1.0
36,37,5.0,0.0,2.0,[35 37],18.0,1.0,11.0,0.0,21.0,1.0,44.0,5.0,28.0,5.0
36,38,5.0,0.0,2.0,[35 37],28.0,5.0,21.0,1.0,18.0,1.0,89.0,9.0,44.0,5.0
36,39,5.0,0.0,2.0,[35 37],44.0,5.0,18.0,1.0,28.0,5.0,101.0,18.0,89.0,9.0
36,40,5.0,0.0,2.0,[35 37],89.0,9.0,28.0,5.0,44.0,5.0,104.0,13.0,101.0,18.0
36,41,5.0,0.0,2.0,[35 37],101.0,18.0,44.0,5.0,89.0,9.0,134.0,16.0,104.0,13.0
36,42,5.0,0.0,2.0,[35 37],104.0,13.0,89.0,9.0,101.0,18.0,217.0,21.0,134.0,16.0
36,43,5.0,0.0,2.0,[35 37],134.0,16.0,101.0,18.0,104.0,13.0,259.0,16.0,217.0,21.0
36,44,5.0,0.0,2.0,[35 37],217.0,21.0,104.0,13.0,134.0,16.0,289.0,25.0,259.0,16.0
36,45,5.0,0.0,2.0,[35 37],259.0,16.0,134.0,16.0,217.0,21.0,336.0,23.0,289.0,25.0
36,46,5.0,0.0,2.0,[35 37],289.0,25.0,217.0,21.0,259.0,16.0,319.0,23.0,336.0,23.0
36,47,5.0,0.0,2.0,[35 37],336.0,23.0,259.0,16.0,289.0,25.0,305.0,25.0,319.0,23.0
36,48,5.0,0.0,2.0,[35 37],319.0,23.0,289.0,25.0,336.0,23.0,257.0,20.0,305.0,25.0
36,49,5.0,0.0,2.0,[35 37],305.0,25.0,336.0,23.0,319.0,23.0,222.0,26.0,257.0,20.0
36,50,5.0,0.0,2.0,[35 37],257.0,20.0,319.0,23.0,305.0,25.0,150.0,28.0,222.0,26.0
36,51,5.0,0.0,2.0,[35 37],222.0,26.0,305.0,25.0,257.0,20.0,113.0,29.0,150.0,28.0
36,52,5.0,0.0,2.0,[35 37],150.0,28.0,257.0,20.0,222.0,26.0,79.0,24.0,113.0,29.0
36,53,5.0,0.0,2.0,[35 37],113.0,29.0,222.0,26.0,150.0,28.0,91.0,28.0,79.0,24.0
36,54,5.0,0.0,2.0,[35 37],79.0,24.0,150.0,28.0,113.0,29.0,52.0,29.0,91.0,28.0
36,55,5.0,0.0,2.0,[35 37],91.0,28.0,113.0,29.0,79.0,24.0,61.0,20.0,52.0,29.0
36,56,5.0,0.0,2.0,[35 37],52.0,29.0,79.0,24.0,91.0,28.0,35.0,36.0,61.0,20.0
36,57,5.0,0.0,2.0,[35 37],61.0,20.0,91.0,28.0,52.0,29.0,43.0,45.0,35.0,36.0
36,58,5.0,0.0,2.0,[35 37],35.0,36.0,52.0,29.0,61.0,20.0,38.0,19.0,43.0,45.0
36,59,5.0,0.0,2.0,[35 37],43.0,45.0,61.0,20.0,35.0,36.0,42.0,39.0,38.0,19.0
36,60,5.0,0.0,2.0,[35 37],38.0,19.0,35.0,36.0,43.0,45.0,43.0,28.0,42.0,39.0
36,61,5.0,0.0,2.0,[35 37],42.0,39.0,43.0,45.0,38.0,19.0,37.0,48.0,43.0,28.0
36,62,5.0,0.0,2.0,[35 37],43.0,28.0,38.0,19.0,42.0,39.0,32.0,11.0,37.0,48.0
36,63,5.0,0.0,2.0,[35 37],37.0,48.0,42.0,39.0,43.0,28.0,28.0,35.0,32.0,11.0
36,64,5.0,0.0,2.0,[35 37],32.0,11.0,43.0,28.0,37.0,48.0,30.0,43.0,28.0,35.0
36,65,5.0,0.0,2.0,[35 37],28.0,35.0,37.0,48.0,32.0,11.0,27.0,19.0,30.0,43.0
36,66,5.0,0.0,2.0,[35 37],30.0,43.0,32.0,11.0,28.0,35.0,35.0,43.0,27.0,19.0
36,67,5.0,0.0,2.0,[35 37],27.0,19.0,28.0,35.0,30.0,43.0,41.0,26.0,35.0,43.0
36,68,5.0,0.0,2.0,[35 37],35.0,43.0,30.0,43.0,27.0,19.0,45.0,28.0,41.0,26.0
36,69,5.0,0.0,2.0,[35 37],41.0,26.0,27.0,19.0,35.0,43.0,56.0,30.0,45.0,28.0
36,70,5.0,0.0,2.0,[35 37],45.0,28.0,35.0,43.0,41.0,26.0,37.0,27.0,56.0,30.0
36,71,5.0,0.0,2.0,[35 37],56.0,30.0,41.0,26.0,45.0,28.0,40.0,32.0,37.0,27.0
36,72,5.0,0.0,2.0,[35 37],37.0,27.0,45.0,28.0,56.0,30.0,31.0,44.0,40.0,32.0
36,73,5.0,0.0,2.0,[35 37],40.0,32.0,56.0,30.0,37.0,27.0,38.0,16.0,31.0,44.0
36,74,5.0,0.0,2.0,[35 37],31.0,44.0,37.0,27.0,40.0,32.0,51.0,39.0,38.0,16.0
36,75,5.0,0.0,2.0,[35 37],38.0,16.0,40.0,32.0,31.0,44.0,39.0,35.0,51.0,39.0
36,76,5.0,0.0,2.0,[35 37],51.0,39.0,31.0,44.0,38.0,16.0,40.0,27.0,39.0,35.0
36,77,5.0,0.0,2.0,[35 37],39.0,35.0,38.0,16.0,51.0,39.0,51.0,41.0,40.0,27.0
36,78,5.0,0.0,2.0,[35 37],40.0,27.0,51.0,39.0,39.0,35.0,45.0,38.0,51.0,41.0
36,79,5.0,0.0,2.0,[35 37],51.0,41.0,39.0,35.0,40.0,27.0,35.0,38.0,45.0,38.0
36,80,5.0,0.0,2.0,[35 37],45.0,38.0,40.0,27.0,51.0,41.0,46.0,35.0,35.0,38.0
36,81,5.0,0.0,2.0,[35 37],35.0,38.0,51.0,41.0,45.0,38.0,28.0,36.0,46.0,35.0
36,82,5.0,0.0,2.0,[35 37],46.0,35.0,45.0,38.0,35.0,38.0,34.0,43.0,28.0,36.0
36,83,5.0,0.0,2.0,[35 37],28.0,36.0,35.0,38.0,46.0,35.0,31.0,28.0,34.0,43.0
36,84,5.0,0.0,2.0,[35 37],34.0,43.0,46.0,35.0,28.0,36.0,43.0,18.0,31.0,28.0
36,85,5.0,0.0,2.0,[35 37],31.0,28.0,28.0,36.0,34.0,43.0,37.0,51.0,43.0,18.0
36,86,5.0,0.0,2.0,[35 37],43.0,18.0,34.0,43.0,31.0,28.0,27.0,46.0,37.0,51.0
36,87,5.0,0.0,2.0,[35 37],37.0,51.0,31.0,28.0,43.0,18.0,50.0,43.0,27.0,46.0
36,88,5.0,0.0,2.0,[35 37],27.0,46.0,43.0,18.0,37.0,51.0,74.0,56.0,50.0,43.0
36,89,5.0,0.0,2.0,[35 37],50.0,43.0,37.0,51.0,27.0,46.0,86.0,54.0,74.0,56.0
36,90,5.0,0.0,2.0,[35 37],74.0,56.0,27.0,46.0,50.0,43.0,97.0,72.0,86.0,54.0
36,91,5.0,0.0,2.0,[35 37],86.0,54.0,50.0,43.0,74.0,56.0,67.0,70.0,97.0,72.0
36,92,5.0,0.0,2.0,[35 37],97.0,72.0,74.0,56.0,86.0,54.0,63.0,80.0,67.0,70.0
36,93,5.0,0.0,2.0,[35 37],67.0,70.0,86.0,54.0,97.0,72.0,87.0,46.0,63.0,80.0
36,94,5.0,0.0,2.0,[35 37],63.0,80.0,97.0,72.0,67.0,70.0,97.0,54.0,87.0,46.0
36,95,5.0,0.0,2.0,[35 37],87.0,46.0,67.0,70.0,63.0,80.0,60.0,49.0,97.0,54.0
36,96,5.0,0.0,2.0,[35 37],97.0,54.0,63.0,80.0,87.0,46.0,78.0,57.0,60.0,49.0
36,97,5.0,0.0,2.0,[35 37],60.0,49.0,87.0,46.0,97.0,54.0,63.0,69.0,78.0,57.0
36,98,5.0,0.0,2.0,[35 37],78.0,57.0,97.0,54.0,60.0,49.0,50.0,64.0,63.0,69.0
36,99,5.0,0.0,2.0,[35 37],63.0,69.0,60.0,49.0,78.0,57.0,71.0,92.0,50.0,64.0
36,100,5.0,0.0,2.0,[35 37],50.0,64.0,78.0,57.0,63.0,69.0,56.0,98.0,71.0,92.0
36,101,5.0,0.0,2.0,[35 37],71.0,92.0,63.0,69.0,50.0,64.0,65.0,111.0,56.0,98.0
36,102,5.0,0.0,2.0,[35 37],56.0,98.0,50.0,64.0,71.0,92.0,68.0,163.0,65.0,111.0
36,103,5.0,0.0,2.0,[35 37],65.0,111.0,71.0,92.0,56.0,98.0,68.0,161.0,68.0,163.0
36,104,5.0,0.0,2.0,[35 37],68.0,163.0,56.0,98.0,65.0,111.0,65.0,146.0,68.0,161.0
36,105,5.0,0.0,2.0,[35 37],68.0,161.0,65.0,111.0,68.0,163.0,81.0,154.0,65.0,146.0
36,106,5.0,0.0,2.0,[35 37],65.0,146.0,68.0,163.0,68.0,161.0,46.0,205.0,81.0,154.0
36,107,5.0,0.0,2.0,[35 37],81.0,154.0,68.0,161.0,65.0,146.0,71.0,213.0,46.0,205.0
36,108,5.0,0.0,2.0,[35 37],46.0,205.0,65.0,146.0,81.0,154.0,48.0,146.0,71.0,213.0
36,109,5.0,0.0,2.0,[35 37],71.0,213.0,81.0,154.0,46.0,205.0,38.0,131.0,48.0,146.0
36,110,5.0,0.0,2.0,[35 37],48.0,146.0,46.0,205.0,71.0,213.0,39.0,189.0,38.0,131.0
36,111,5.0,0.0,2.0,[35 37],38.0,131.0,71.0,213.0,48.0,146.0,33.0,108.0,39.0,189.0
36,112,5.0,0.0,2.0,[35 37],39.0,189.0,48.0,146.0,38.0,131.0,30.0,93.0,33.0,108.0
36,113,5.0,0.0,2.0,[35 37],33.0,108.0,38.0,131.0,39.0,189.0,34.0,92.0,30.0,93.0
36,114,5.0,0.0,2.0,[35 37],30.0,93.0,39.0,189.0,33.0,108.0,18.0,80.0,34.0,92.0
36,115,5.0,0.0,2.0,[35 37],34.0,92.0,33.0,108.0,30.0,93.0,24.0,67.0,18.0,80.0
36,116,5.0,0.0,2.0,[35 37],18.0,80.0,30.0,93.0,34.0,92.0,34.0,76.0,24.0,67.0
36,117,5.0,0.0,2.0,[35 37],24.0,67.0,34.0,92.0,18.0,80.0,18.0,104.0,34.0,76.0
36,118,5.0,0.0,2.0,[35 37],34.0,76.0,18.0,80.0,24.0,67.0,21.0,60.0,18.0,104.0
36,119,5.0,0.0,2.0,[35 37],18.0,104.0,24.0,67.0,34.0,76.0,16.0,65.0,21.0,60.0
36,120,5.0,0.0,2.0,[35 37],21.0,60.0,34.0,76.0,18.0,104.0,4.0,89.0,16.0,65.0
36,121,5.0,0.0,2.0,[35 37],16.0,65.0,18.0,104.0,21.0,60.0,14.0,114.0,4.0,89.0
36,122,5.0,0.0,2.0,[35 37],4.0,89.0,21.0,60.0,16.0,65.0,13.0,92.0,14.0,114.0
36,123,5.0,0.0,2.0,[35 37],14.0,114.0,16.0,65.0,4.0,89.0,11.0,93.0,13.0,92.0
36,124,5.0,0.0,2.0,[35 37],13.0,92.0,4.0,89.0,14.0,114.0,15.0,89.0,11.0,93.0
36,125,5.0,0.0,2.0,[35 37],11.0,93.0,14.0,114.0,13.0,92.0,19.0,96.0,15.0,89.0
36,126,5.0,0.0,2.0,[35 37],15.0,89.0,13.0,92.0,11.0,93.0,16.0,97.0,19.0,96.0
36,127,5.0,0.0,2.0,[35 37],19.0,96.0,11.0,93.0,15.0,89.0,19.0,79.0,16.0,97.0
36,128,5.0,0.0,2.0,[35 37],16.0,97.0,15.0,89.0,19.0,96.0,13.0,75.0,19.0,79.0
36,129,5.0,0.0,2.0,[35 37],19.0,79.0,19.0,96.0,16.0,97.0,9.0,58.0,13.0,75.0
36,130,5.0,0.0,2.0,[35 37],13.0,75.0,16.0,97.0,19.0,79.0,6.0,46.0,9.0,58.0
36,131,5.0,0.0,2.0,[35 37],9.0,58.0,19.0,79.0,13.0,75.0,4.0,64.0,6.0,46.0
36,132,5.0,0.0,2.0,[35 37],6.0,46.0,13.0,75.0,9.0,58.0,1.0,64.0,4.0,64.0
36,133,5.0,0.0,2.0,[35 37],4.0,64.0,9.0,58.0,6.0,46.0,3.0,53.0,1.0,64.0
36,134,5.0,0.0,2.0,[35 37],1.0,64.0,6.0,46.0,4.0,64.0,5.0,36.0,3.0,53.0
36,135,5.0,0.0,2.0,[35 37],3.0,53.0,4.0,64.0,1.0,64.0,0.0,39.0,5.0,36.0
36,136,5.0,0.0,2.0,[35 37],5.0,36.0,1.0,64.0,3.0,53.0,1.0,18.0,0.0,39.0
36,137,5.0,0.0,2.0,[35 37],0.0,39.0,3.0,53.0,5.0,36.0,0.0,31.0,1.0,18.0
36,138,5.0,0.0,2.0,[35 37],1.0,18.0,5.0,36.0,0.0,39.0,0.0,20.0,0.0,31.0
36,139,5.0,0.0,2.0,[35 37],0.0,31.0,0.0,39.0,1.0,18.0,0.0,12.0,0.0,20.0
36,140,5.0,0.0,2.0,[35 37],0.0,20.0,1.0,18.0,0.0,31.0,0.0,6.0,0.0,12.0
36,141,5.0,0.0,2.0,[35 37],0.0,12.0,0.0,31.0,0.0,20.0,0.0,9.0,0.0,6.0
36,142,5.0,0.0,2.0,[35 37],0.0,6.0,0.0,20.0,0.0,12.0,0.0,0.0,0.0,9.0
36,143,5.0,0.0,2.0,[35 37],0.0,9.0,0.0,12.0,0.0,6.0,0.0,0.0,0.0,0.0
37,0,5.0,0.0,2.0,[36 38],1.0,2.0,0.0,0.0,0.0,0.0,1.0,1.0,0.0,0.0
37,1,5.0,0.0,2.0,[36 38],0.0,0.0,0.0,0.0,1.0,2.0,0.0,0.0,1.0,1.0
37,2,5.0,0.0,2.0,[36 38],1.0,1.0,1.0,2.0,0.0,0.0,0.0,0.0,0.0,0.0
37,3,5.0,0.0,2.0,[36 38],0.0,0.0,0.0,0.0,1.0,1.0,1.0,1.0,0.0,0.0
37,4,5.0,0.0,2.0,[36 38],0.0,0.0,1.0,1.0,0.0,0.0,0.0,0.0,1.0,1.0
37,5,5.0,0.0,2.0,[36 38],1.0,1.0,0.0,0.0,0.0,0.0,0.0,0.0,0.0,0.0
37,6,5.0,0.0,2.0,[36 38],0.0,0.0,0.0,0.0,1.0,1.0,0.0,0.0,0.0,0.0
37,7,5.0,0.0,2.0,[36 38],0.0,0.0,1.0,1.0,0.0,0.0,0.0,0.0,0.0,0.0
37,8,5.0,0.0,2.0,[36 38],0.0,0.0,0.0,0.0,0.0,0.0,0.0,0.0,0.0,0.0
37,9,5.0,0.0,2.0,[36 38],0.0,0.0,0.0,0.0,0.0,0.0,0.0,0.0,0.0,0.0
37,10,5.0,0.0,2.0,[36 38],0.0,0.0,0.0,0.0,0.0,0.0,0.0,0.0,0.0,0.0
37,11,5.0,0.0,2.0,[36 38],0.0,0.0,0.0,0.0,0.0,0.0,0.0,0.0,0.0,0.0
37,12,5.0,0.0,2.0,[36 38],0.0,0.0,0.0,0.0,0.0,0.0,0.0,0.0,0.0,0.0
37,13,5.0,0.0,2.0,[36 38],0.0,0.0,0.0,0.0,0.0,0.0,0.0,0.0,0.0,0.0
37,14,5.0,0.0,2.0,[36 38],0.0,0.0,0.0,0.0,0.0,0.0,0.0,0.0,0.0,0.0
37,15,5.0,0.0,2.0,[36 38],0.0,0.0,0.0,0.0,0.0,0.0,0.0,0.0,0.0,0.0
37,16,5.0,0.0,2.0,[36 38],0.0,0.0,0.0,0.0,0.0,0.0,0.0,0.0,0.0,0.0
37,17,5.0,0.0,2.0,[36 38],0.0,0.0,0.0,0.0,0.0,0.0,0.0,0.0,0.0,0.0
37,18,5.0,0.0,2.0,[36 38],0.0,0.0,0.0,0.0,0.0,0.0,0.0,0.0,0.0,0.0
37,19,5.0,0.0,2.0,[36 38],0.0,0.0,0.0,0.0,0.0,0.0,0.0,0.0,0.0,0.0
37,20,5.0,0.0,2.0,[36 38],0.0,0.0,0.0,0.0,0.0,0.0,0.0,0.0,0.0,0.0
37,21,5.0,0.0,2.0,[36 38],0.0,0.0,0.0,0.0,0.0,0.0,0.0,0.0,0.0,0.0
37,22,5.0,0.0,2.0,[36 38],0.0,0.0,0.0,0.0,0.0,0.0,0.0,0.0,0.0,0.0
37,23,5.0,0.0,2.0,[36 38],0.0,0.0,0.0,0.0,0.0,0.0,0.0,0.0,0.0,0.0
37,24,5.0,0.0,2.0,[36 38],0.0,0.0,0.0,0.0,0.0,0.0,0.0,0.0,0.0,0.0
37,25,5.0,0.0,2.0,[36 38],0.0,0.0,0.0,0.0,0.0,0.0,2.0,0.0,0.0,0.0
37,26,5.0,0.0,2.0,[36 38],0.0,0.0,0.0,0.0,0.0,0.0,0.0,2.0,2.0,0.0
37,27,5.0,0.0,2.0,[36 38],2.0,0.0,0.0,0.0,0.0,0.0,0.0,0.0,0.0,2.0
37,28,5.0,0.0,2.0,[36 38],0.0,2.0,0.0,0.0,2.0,0.0,0.0,0.0,0.0,0.0
37,29,5.0,0.0,2.0,[36 38],0.0,0.0,2.0,0.0,0.0,2.0,0.0,0.0,0.0,0.0
37,30,5.0,0.0,2.0,[36 38],0.0,0.0,0.0,2.0,0.0,0.0,0.0,0.0,0.0,0.0
37,31,5.0,0.0,2.0,[36 38],0.0,0.0,0.0,0.0,0.0,0.0,1.0,1.0,0.0,0.0
37,32,5.0,0.0,2.0,[36 38],0.0,0.0,0.0,0.0,0.0,0.0,7.0,0.0,1.0,1.0
37,33,5.0,0.0,2.0,[36 38],1.0,1.0,0.0,0.0,0.0,0.0,13.0,1.0,7.0,0.0
37,34,5.0,0.0,2.0,[36 38],7.0,0.0,0.0,0.0,1.0,1.0,16.0,5.0,13.0,1.0
37,35,5.0,0.0,2.0,[36 38],13.0,1.0,1.0,1.0,7.0,0.0,31.0,1.0,16.0,5.0
37,36,5.0,0.0,2.0,[36 38],16.0,5.0,7.0,0.0,13.0,1.0,30.0,4.0,31.0,1.0
37,37,5.0,0.0,2.0,[36 38],31.0,1.0,13.0,1.0,16.0,5.0,61.0,7.0,30.0,4.0
37,38,5.0,0.0,2.0,[36 38],30.0,4.0,16.0,5.0,31.0,1.0,72.0,14.0,61.0,7.0
37,39,5.0,0.0,2.0,[36 38],61.0,7.0,31.0,1.0,30.0,4.0,97.0,14.0,72.0,14.0
37,40,5.0,0.0,2.0,[36 38],72.0,14.0,30.0,4.0,61.0,7.0,112.0,47.0,97.0,14.0
37,41,5.0,0.0,2.0,[36 38],97.0,14.0,61.0,7.0,72.0,14.0,194.0,68.0,112.0,47.0
37,42,5.0,0.0,2.0,[36 38],112.0,47.0,72.0,14.0,97.0,14.0,211.0,65.0,194.0,68.0
37,43,5.0,0.0,2.0,[36 38],194.0,68.0,97.0,14.0,112.0,47.0,294.0,99.0,211.0,65.0
37,44,5.0,0.0,2.0,[36 38],211.0,65.0,112.0,47.0,194.0,68.0,342.0,149.0,294.0,99.0
37,45,5.0,0.0,2.0,[36 38],294.0,99.0,194.0,68.0,211.0,65.0,339.0,150.0,342.0,149.0
37,46,5.0,0.0,2.0,[36 38],342.0,149.0,211.0,65.0,294.0,99.0,386.0,116.0,339.0,150.0
37,47,5.0,0.0,2.0,[36 38],339.0,150.0,294.0,99.0,342.0,149.0,366.0,137.0,386.0,116.0
37,48,5.0,0.0,2.0,[36 38],386.0,116.0,342.0,149.0,339.0,150.0,387.0,143.0,366.0,137.0
37,49,5.0,0.0,2.0,[36 38],366.0,137.0,339.0,150.0,386.0,116.0,288.0,107.0,387.0,143.0
37,50,5.0,0.0,2.0,[36 38],387.0,143.0,386.0,116.0,366.0,137.0,247.0,112.0,288.0,107.0
37,51,5.0,0.0,2.0,[36 38],288.0,107.0,366.0,137.0,387.0,143.0,187.0,89.0,247.0,112.0
37,52,5.0,0.0,2.0,[36 38],247.0,112.0,387.0,143.0,288.0,107.0,160.0,69.0,187.0,89.0
37,53,5.0,0.0,2.0,[36 38],187.0,89.0,288.0,107.0,247.0,112.0,131.0,79.0,160.0,69.0
37,54,5.0,0.0,2.0,[36 38],160.0,69.0,247.0,112.0,187.0,89.0,115.0,68.0,131.0,79.0
37,55,5.0,0.0,2.0,[36 38],131.0,79.0,187.0,89.0,160.0,69.0,105.0,89.0,115.0,68.0
37,56,5.0,0.0,2.0,[36 38],115.0,68.0,160.0,69.0,131.0,79.0,89.0,71.0,105.0,89.0
37,57,5.0,0.0,2.0,[36 38],105.0,89.0,131.0,79.0,115.0,68.0,74.0,75.0,89.0,71.0
37,58,5.0,0.0,2.0,[36 38],89.0,71.0,115.0,68.0,105.0,89.0,91.0,81.0,74.0,75.0
37,59,5.0,0.0,2.0,[36 38],74.0,75.0,105.0,89.0,89.0,71.0,81.0,67.0,91.0,81.0
37,60,5.0,0.0,2.0,[36 38],91.0,81.0,89.0,71.0,74.0,75.0,83.0,62.0,81.0,67.0
37,61,5.0,0.0,2.0,[36 38],81.0,67.0,74.0,75.0,91.0,81.0,84.0,60.0,83.0,62.0
37,62,5.0,0.0,2.0,[36 38],83.0,62.0,91.0,81.0,81.0,67.0,73.0,91.0,84.0,60.0
37,63,5.0,0.0,2.0,[36 38],84.0,60.0,81.0,67.0,83.0,62.0,70.0,59.0,73.0,91.0
37,64,5.0,0.0,2.0,[36 38],73.0,91.0,83.0,62.0,84.0,60.0,63.0,58.0,70.0,59.0
37,65,5.0,0.0,2.0,[36 38],70.0,59.0,84.0,60.0,73.0,91.0,74.0,59.0,63.0,58.0
37,66,5.0,0.0,2.0,[36 38],63.0,58.0,73.0,91.0,70.0,59.0,63.0,52.0,74.0,59.0
37,67,5.0,0.0,2.0,[36 38],74.0,59.0,70.0,59.0,63.0,58.0,82.0,57.0,63.0,52.0
37,68,5.0,0.0,2.0,[36 38],63.0,52.0,63.0,58.0,74.0,59.0,81.0,75.0,82.0,57.0
37,69,5.0,0.0,2.0,[36 38],82.0,57.0,74.0,59.0,63.0,52.0,73.0,61.0,81.0,75.0
37,70,5.0,0.0,2.0,[36 38],81.0,75.0,63.0,52.0,82.0,57.0,82.0,68.0,73.0,61.0
37,71,5.0,0.0,2.0,[36 38],73.0,61.0,82.0,57.0,81.0,75.0,77.0,67.0,82.0,68.0
37,72,5.0,0.0,2.0,[36 38],82.0,68.0,81.0,75.0,73.0,61.0,74.0,44.0,77.0,67.0
37,73,5.0,0.0,2.0,[36 38],77.0,67.0,73.0,61.0,82.0,68.0,73.0,75.0,74.0,44.0
37,74,5.0,0.0,2.0,[36 38],74.0,44.0,82.0,68.0,77.0,67.0,74.0,57.0,73.0,75.0
37,75,5.0,0.0,2.0,[36 38],73.0,75.0,77.0,67.0,74.0,44.0,76.0,61.0,74.0,57.0
37,76,5.0,0.0,2.0,[36 38],74.0,57.0,74.0,44.0,73.0,75.0,68.0,76.0,76.0,61.0
37,77,5.0,0.0,2.0,[36 38],76.0,61.0,73.0,75.0,74.0,57.0,78.0,71.0,68.0,76.0
37,78,5.0,0.0,2.0,[36 38],68.0,76.0,74.0,57.0,76.0,61.0,70.0,82.0,78.0,71.0
37,79,5.0,0.0,2.0,[36 38],78.0,71.0,76.0,61.0,68.0,76.0,69.0,87.0,70.0,82.0
37,80,5.0,0.0,2.0,[36 38],70.0,82.0,68.0,76.0,78.0,71.0,88.0,113.0,69.0,87.0
37,81,5.0,0.0,2.0,[36 38],69.0,87.0,78.0,71.0,70.0,82.0,78.0,86.0,88.0,113.0
37,82,5.0,0.0,2.0,[36 38],88.0,113.0,70.0,82.0,69.0,87.0,69.0,74.0,78.0,86.0
37,83,5.0,0.0,2.0,[36 38],78.0,86.0,69.0,87.0,88.0,113.0,85.0,67.0,69.0,74.0
37,84,5.0,0.0,2.0,[36 38],69.0,74.0,88.0,113.0,78.0,86.0,123.0,81.0,85.0,67.0
37,85,5.0,0.0,2.0,[36 38],85.0,67.0,78.0,86.0,69.0,74.0,105.0,82.0,123.0,81.0
37,86,5.0,0.0,2.0,[36 38],123.0,81.0,69.0,74.0,85.0,67.0,96.0,100.0,105.0,82.0
37,87,5.0,0.0,2.0,[36 38],105.0,82.0,85.0,67.0,123.0,81.0,70.0,72.0,96.0,100.0
37,88,5.0,0.0,2.0,[36 38],96.0,100.0,123.0,81.0,105.0,82.0,84.0,70.0,70.0,72.0
37,89,5.0,0.0,2.0,[36 38],70.0,72.0,105.0,82.0,96.0,100.0,77.0,111.0,84.0,70.0
37,90,5.0,0.0,2.0,[36 38],84.0,70.0,96.0,100.0,70.0,72.0,91.0,104.0,77.0,111.0
37,91,5.0,0.0,2.0,[36 38],77.0,111.0,70.0,72.0,84.0,70.0,82.0,117.0,91.0,104.0
37,92,5.0,0.0,2.0,[36 38],91.0,104.0,84.0,70.0,77.0,111.0,97.0,113.0,82.0,117.0
37,93,5.0,0.0,2.0,[36 38],82.0,117.0,77.0,111.0,91.0,104.0,81.0,133.0,97.0,113.0
37,94,5.0,0.0,2.0,[36 38],97.0,113.0,91.0,104.0,82.0,117.0,98.0,121.0,81.0,133.0
37,95,5.0,0.0,2.0,[36 38],81.0,133.0,82.0,117.0,97.0,113.0,118.0,95.0,98.0,121.0
37,96,5.0,0.0,2.0,[36 38],98.0,121.0,97.0,113.0,81.0,133.0,100.0,99.0,118.0,95.0
37,97,5.0,0.0,2.0,[36 38],118.0,95.0,81.0,133.0,98.0,121.0,125.0,125.0,100.0,99.0
37,98,5.0,0.0,2.0,[36 38],100.0,99.0,98.0,121.0,118.0,95.0,112.0,66.0,125.0,125.0
37,99,5.0,0.0,2.0,[36 38],125.0,125.0,118.0,95.0,100.0,99.0,105.0,126.0,112.0,66.0
37,100,5.0,0.0,2.0,[36 38],112.0,66.0,100.0,99.0,125.0,125.0,145.0,131.0,105.0,126.0
37,101,5.0,0.0,2.0,[36 38],105.0,126.0,125.0,125.0,112.0,66.0,182.0,203.0,145.0,131.0
37,102,5.0,0.0,2.0,[36 38],145.0,131.0,112.0,66.0,105.0,126.0,198.0,232.0,182.0,203.0
37,103,5.0,0.0,2.0,[36 38],182.0,203.0,105.0,126.0,145.0,131.0,159.0,239.0,198.0,232.0
37,104,5.0,0.0,2.0,[36 38],198.0,232.0,145.0,131.0,182.0,203.0,126.0,262.0,159.0,239.0
37,105,5.0,0.0,2.0,[36 38],159.0,239.0,182.0,203.0,198.0,232.0,109.0,175.0,126.0,262.0
37,106,5.0,0.0,2.0,[36 38],126.0,262.0,198.0,232.0,159.0,239.0,104.0,368.0,109.0,175.0
37,107,5.0,0.0,2.0,[36 38],109.0,175.0,159.0,239.0,126.0,262.0,95.0,236.0,104.0,368.0
37,108,5.0,0.0,2.0,[36 38],104.0,368.0,126.0,262.0,109.0,175.0,90.0,254.0,95.0,236.0
37,109,5.0,0.0,2.0,[36 38],95.0,236.0,109.0,175.0,104.0,368.0,92.0,272.0,90.0,254.0
37,110,5.0,0.0,2.0,[36 38],90.0,254.0,104.0,368.0,95.0,236.0,84.0,195.0,92.0,272.0
37,111,5.0,0.0,2.0,[36 38],92.0,272.0,95.0,236.0,90.0,254.0,69.0,169.0,84.0,195.0
37,112,5.0,0.0,2.0,[36 38],84.0,195.0,90.0,254.0,92.0,272.0,45.0,212.0,69.0,169.0
37,113,5.0,0.0,2.0,[36 38],69.0,169.0,92.0,272.0,84.0,195.0,52.0,121.0,45.0,212.0
37,114,5.0,0.0,2.0,[36 38],45.0,212.0,84.0,195.0,69.0,169.0,46.0,147.0,52.0,121.0
37,115,5.0,0.0,2.0,[36 38],52.0,121.0,69.0,169.0,45.0,212.0,45.0,142.0,46.0,147.0
37,116,5.0,0.0,2.0,[36 38],46.0,147.0,45.0,212.0,52.0,121.0,57.0,94.0,45.0,142.0
37,117,5.0,0.0,2.0,[36 38],45.0,142.0,52.0,121.0,46.0,147.0,46.0,115.0,57.0,94.0
37,118,5.0,0.0,2.0,[36 38],57.0,94.0,46.0,147.0,45.0,142.0,108.0,128.0,46.0,115.0
37,119,5.0,0.0,2.0,[36 38],46.0,115.0,45.0,142.0,57.0,94.0,77.0,128.0,108.0,128.0
37,120,5.0,0.0,2.0,[36 38],108.0,128.0,57.0,94.0,46.0,115.0,59.0,118.0,77.0,128.0
37,121,5.0,0.0,2.0,[36 38],77.0,128.0,46.0,115.0,108.0,128.0,86.0,105.0,59.0,118.0
37,122,5.0,0.0,2.0,[36 38],59.0,118.0,108.0,128.0,77.0,128.0,87.0,117.0,86.0,105.0
37,123,5.0,0.0,2.0,[36 38],86.0,105.0,77.0,128.0,59.0,118.0,53.0,135.0,87.0,117.0
37,124,5.0,0.0,2.0,[36 38],87.0,117.0,59.0,118.0,86.0,105.0,59.0,106.0,53.0,135.0
37,125,5.0,0.0,2.0,[36 38],53.0,135.0,86.0,105.0,87.0,117.0,54.0,150.0,59.0,106.0
37,126,5.0,0.0,2.0,[36 38],59.0,106.0,87.0,117.0,53.0,135.0,34.0,145.0,54.0,150.0
37,127,5.0,0.0,2.0,[36 38],54.0,150.0,53.0,135.0,59.0,106.0,41.0,121.0,34.0,145.0
37,128,5.0,0.0,2.0,[36 38],34.0,145.0,59.0,106.0,54.0,150.0,33.0,112.0,41.0,121.0
37,129,5.0,0.0,2.0,[36 38],41.0,121.0,54.0,150.0,34.0,145.0,19.0,102.0,33.0,112.0
37,130,5.0,0.0,2.0,[36 38],33.0,112.0,34.0,145.0,41.0,121.0,25.0,56.0,19.0,102.0
37,131,5.0,0.0,2.0,[36 38],19.0,102.0,41.0,121.0,33.0,112.0,24.0,82.0,25.0,56.0
37,132,5.0,0.0,2.0,[36 38],25.0,56.0,33.0,112.0,19.0,102.0,10.0,122.0,24.0,82.0
37,133,5.0,0.0,2.0,[36 38],24.0,82.0,19.0,102.0,25.0,56.0,15.0,64.0,10.0,122.0
37,134,5.0,0.0,2.0,[36 38],10.0,122.0,25.0,56.0,24.0,82.0,13.0,37.0,15.0,64.0
37,135,5.0,0.0,2.0,[36 38],15.0,64.0,24.0,82.0,10.0,122.0,1.0,39.0,13.0,37.0
37,136,5.0,0.0,2.0,[36 38],13.0,37.0,10.0,122.0,15.0,64.0,3.0,59.0,1.0,39.0
37,137,5.0,0.0,2.0,[36 38],1.0,39.0,15.0,64.0,13.0,37.0,1.0,30.0,3.0,59.0
37,138,5.0,0.0,2.0,[36 38],3.0,59.0,13.0,37.0,1.0,39.0,2.0,24.0,1.0,30.0
37,139,5.0,0.0,2.0,[36 38],1.0,30.0,1.0,39.0,3.0,59.0,0.0,32.0,2.0,24.0
37,140,5.0,0.0,2.0,[36 38],2.0,24.0,3.0,59.0,1.0,30.0,1.0,24.0,0.0,32.0
37,141,5.0,0.0,2.0,[36 38],0.0,32.0,1.0,30.0,2.0,24.0,1.0,17.0,1.0,24.0
37,142,5.0,0.0,2.0,[36 38],1.0,24.0,2.0,24.0,0.0,32.0,0.0,0.0,1.0,17.0
37,143,5.0,0.0,2.0,[36 38],1.0,17.0,0.0,32.0,1.0,24.0,0.0,0.0,0.0,0.0
38,0,5.0,0.0,2.0,[37 39],0.0,0.0,0.0,0.0,0.0,0.0,0.0,0.0,1.0,0.0
38,1,5.0,0.0,2.0,[37 39],1.0,0.0,0.0,0.0,0.0,0.0,0.0,0.0,0.0,0.0
38,2,5.0,0.0,2.0,[37 39],0.0,0.0,0.0,0.0,1.0,0.0,0.0,0.0,0.0,0.0
38,3,5.0,0.0,2.0,[37 39],0.0,0.0,1.0,0.0,0.0,0.0,0.0,0.0,0.0,0.0
38,4,5.0,0.0,2.0,[37 39],0.0,0.0,0.0,0.0,0.0,0.0,0.0,0.0,0.0,0.0
38,5,5.0,0.0,2.0,[37 39],0.0,0.0,0.0,0.0,0.0,0.0,0.0,0.0,0.0,0.0
38,6,5.0,0.0,2.0,[37 39],0.0,0.0,0.0,0.0,0.0,0.0,0.0,0.0,0.0,0.0
38,7,5.0,0.0,2.0,[37 39],0.0,0.0,0.0,0.0,0.0,0.0,0.0,0.0,0.0,0.0
38,8,5.0,0.0,2.0,[37 39],0.0,0.0,0.0,0.0,0.0,0.0,0.0,0.0,0.0,0.0
38,9,5.0,0.0,2.0,[37 39],0.0,0.0,0.0,0.0,0.0,0.0,0.0,0.0,0.0,0.0
38,10,5.0,0.0,2.0,[37 39],0.0,0.0,0.0,0.0,0.0,0.0,0.0,0.0,0.0,0.0
38,11,5.0,0.0,2.0,[37 39],0.0,0.0,0.0,0.0,0.0,0.0,0.0,0.0,0.0,0.0
38,12,5.0,0.0,2.0,[37 39],0.0,0.0,0.0,0.0,0.0,0.0,0.0,0.0,0.0,0.0
38,13,5.0,0.0,2.0,[37 39],0.0,0.0,0.0,0.0,0.0,0.0,0.0,0.0,0.0,0.0
38,14,5.0,0.0,2.0,[37 39],0.0,0.0,0.0,0.0,0.0,0.0,0.0,0.0,0.0,0.0
38,15,5.0,0.0,2.0,[37 39],0.0,0.0,0.0,0.0,0.0,0.0,0.0,0.0,0.0,0.0
38,16,5.0,0.0,2.0,[37 39],0.0,0.0,0.0,0.0,0.0,0.0,0.0,0.0,0.0,0.0
38,17,5.0,0.0,2.0,[37 39],0.0,0.0,0.0,0.0,0.0,0.0,0.0,0.0,0.0,0.0
38,18,5.0,0.0,2.0,[37 39],0.0,0.0,0.0,0.0,0.0,0.0,0.0,0.0,0.0,0.0
38,19,5.0,0.0,2.0,[37 39],0.0,0.0,0.0,0.0,0.0,0.0,0.0,0.0,0.0,0.0
38,20,5.0,0.0,2.0,[37 39],0.0,0.0,0.0,0.0,0.0,0.0,0.0,0.0,0.0,0.0
38,21,5.0,0.0,2.0,[37 39],0.0,0.0,0.0,0.0,0.0,0.0,0.0,0.0,0.0,0.0
38,22,5.0,0.0,2.0,[37 39],0.0,0.0,0.0,0.0,0.0,0.0,0.0,0.0,0.0,0.0
38,23,5.0,0.0,2.0,[37 39],0.0,0.0,0.0,0.0,0.0,0.0,0.0,0.0,0.0,0.0
38,24,5.0,0.0,2.0,[37 39],0.0,0.0,0.0,0.0,0.0,0.0,0.0,0.0,0.0,0.0
38,25,5.0,0.0,2.0,[37 39],0.0,0.0,0.0,0.0,0.0,0.0,0.0,0.0,0.0,0.0
38,26,5.0,0.0,2.0,[37 39],0.0,0.0,0.0,0.0,0.0,0.0,0.0,0.0,0.0,0.0
38,27,5.0,0.0,2.0,[37 39],0.0,0.0,0.0,0.0,0.0,0.0,0.0,0.0,0.0,0.0
38,28,5.0,0.0,2.0,[37 39],0.0,0.0,0.0,0.0,0.0,0.0,0.0,0.0,0.0,0.0
38,29,5.0,0.0,2.0,[37 39],0.0,0.0,0.0,0.0,0.0,0.0,0.0,0.0,0.0,0.0
38,30,5.0,0.0,2.0,[37 39],0.0,0.0,0.0,0.0,0.0,0.0,0.0,0.0,0.0,0.0
38,31,5.0,0.0,2.0,[37 39],0.0,0.0,0.0,0.0,0.0,0.0,1.0,1.0,0.0,0.0
38,32,5.0,0.0,2.0,[37 39],0.0,0.0,0.0,0.0,0.0,0.0,3.0,0.0,1.0,1.0
38,33,5.0,0.0,2.0,[37 39],1.0,1.0,0.0,0.0,0.0,0.0,9.0,0.0,3.0,0.0
38,34,5.0,0.0,2.0,[37 39],3.0,0.0,0.0,0.0,1.0,1.0,15.0,6.0,9.0,0.0
38,35,5.0,0.0,2.0,[37 39],9.0,0.0,1.0,1.0,3.0,0.0,16.0,10.0,15.0,6.0
38,36,5.0,0.0,2.0,[37 39],15.0,6.0,3.0,0.0,9.0,0.0,23.0,10.0,16.0,10.0
38,37,5.0,0.0,2.0,[37 39],16.0,10.0,9.0,0.0,15.0,6.0,47.0,10.0,23.0,10.0
38,38,5.0,0.0,2.0,[37 39],23.0,10.0,15.0,6.0,16.0,10.0,32.0,15.0,47.0,10.0
38,39,5.0,0.0,2.0,[37 39],47.0,10.0,16.0,10.0,23.0,10.0,66.0,17.0,32.0,15.0
38,40,5.0,0.0,2.0,[37 39],32.0,15.0,23.0,10.0,47.0,10.0,92.0,37.0,66.0,17.0
38,41,5.0,0.0,2.0,[37 39],66.0,17.0,47.0,10.0,32.0,15.0,108.0,30.0,92.0,37.0
38,42,5.0,0.0,2.0,[37 39],92.0,37.0,32.0,15.0,66.0,17.0,165.0,35.0,108.0,30.0
38,43,5.0,0.0,2.0,[37 39],108.0,30.0,66.0,17.0,92.0,37.0,187.0,38.0,165.0,35.0
38,44,5.0,0.0,2.0,[37 39],165.0,35.0,92.0,37.0,108.0,30.0,209.0,68.0,187.0,38.0
38,45,5.0,0.0,2.0,[37 39],187.0,38.0,108.0,30.0,165.0,35.0,198.0,87.0,209.0,68.0
38,46,5.0,0.0,2.0,[37 39],209.0,68.0,165.0,35.0,187.0,38.0,226.0,73.0,198.0,87.0
38,47,5.0,0.0,2.0,[37 39],198.0,87.0,187.0,38.0,209.0,68.0,229.0,148.0,226.0,73.0
38,48,5.0,0.0,2.0,[37 39],226.0,73.0,209.0,68.0,198.0,87.0,184.0,89.0,229.0,148.0
38,49,5.0,0.0,2.0,[37 39],229.0,148.0,198.0,87.0,226.0,73.0,174.0,103.0,184.0,89.0
38,50,5.0,0.0,2.0,[37 39],184.0,89.0,226.0,73.0,229.0,148.0,197.0,116.0,174.0,103.0
38,51,5.0,0.0,2.0,[37 39],174.0,103.0,229.0,148.0,184.0,89.0,142.0,110.0,197.0,116.0
38,52,5.0,0.0,2.0,[37 39],197.0,116.0,184.0,89.0,174.0,103.0,97.0,83.0,142.0,110.0
38,53,5.0,0.0,2.0,[37 39],142.0,110.0,174.0,103.0,197.0,116.0,83.0,87.0,97.0,83.0
38,54,5.0,0.0,2.0,[37 39],97.0,83.0,197.0,116.0,142.0,110.0,69.0,49.0,83.0,87.0
38,55,5.0,0.0,2.0,[37 39],83.0,87.0,142.0,110.0,97.0,83.0,70.0,66.0,69.0,49.0
38,56,5.0,0.0,2.0,[37 39],69.0,49.0,97.0,83.0,83.0,87.0,57.0,71.0,70.0,66.0
38,57,5.0,0.0,2.0,[37 39],70.0,66.0,83.0,87.0,69.0,49.0,57.0,62.0,57.0,71.0
38,58,5.0,0.0,2.0,[37 39],57.0,71.0,69.0,49.0,70.0,66.0,70.0,42.0,57.0,62.0
38,59,5.0,0.0,2.0,[37 39],57.0,62.0,70.0,66.0,57.0,71.0,77.0,69.0,70.0,42.0
38,60,5.0,0.0,2.0,[37 39],70.0,42.0,57.0,71.0,57.0,62.0,56.0,76.0,77.0,69.0
38,61,5.0,0.0,2.0,[37 39],77.0,69.0,57.0,62.0,70.0,42.0,68.0,63.0,56.0,76.0
38,62,5.0,0.0,2.0,[37 39],56.0,76.0,70.0,42.0,77.0,69.0,61.0,67.0,68.0,63.0
38,63,5.0,0.0,2.0,[37 39],68.0,63.0,77.0,69.0,56.0,76.0,48.0,71.0,61.0,67.0
38,64,5.0,0.0,2.0,[37 39],61.0,67.0,56.0,76.0,68.0,63.0,56.0,61.0,48.0,71.0
38,65,5.0,0.0,2.0,[37 39],48.0,71.0,68.0,63.0,61.0,67.0,50.0,92.0,56.0,61.0
38,66,5.0,0.0,2.0,[37 39],56.0,61.0,61.0,67.0,48.0,71.0,53.0,56.0,50.0,92.0
38,67,5.0,0.0,2.0,[37 39],50.0,92.0,48.0,71.0,56.0,61.0,59.0,98.0,53.0,56.0
38,68,5.0,0.0,2.0,[37 39],53.0,56.0,56.0,61.0,50.0,92.0,56.0,78.0,59.0,98.0
38,69,5.0,0.0,2.0,[37 39],59.0,98.0,50.0,92.0,53.0,56.0,56.0,68.0,56.0,78.0
38,70,5.0,0.0,2.0,[37 39],56.0,78.0,53.0,56.0,59.0,98.0,48.0,58.0,56.0,68.0
38,71,5.0,0.0,2.0,[37 39],56.0,68.0,59.0,98.0,56.0,78.0,66.0,75.0,48.0,58.0
38,72,5.0,0.0,2.0,[37 39],48.0,58.0,56.0,78.0,56.0,68.0,66.0,100.0,66.0,75.0
38,73,5.0,0.0,2.0,[37 39],66.0,75.0,56.0,68.0,48.0,58.0,90.0,86.0,66.0,100.0
38,74,5.0,0.0,2.0,[37 39],66.0,100.0,48.0,58.0,66.0,75.0,75.0,108.0,90.0,86.0
38,75,5.0,0.0,2.0,[37 39],90.0,86.0,66.0,75.0,66.0,100.0,82.0,94.0,75.0,108.0
38,76,5.0,0.0,2.0,[37 39],75.0,108.0,66.0,100.0,90.0,86.0,73.0,58.0,82.0,94.0
38,77,5.0,0.0,2.0,[37 39],82.0,94.0,90.0,86.0,75.0,108.0,63.0,79.0,73.0,58.0
38,78,5.0,0.0,2.0,[37 39],73.0,58.0,75.0,108.0,82.0,94.0,74.0,85.0,63.0,79.0
38,79,5.0,0.0,2.0,[37 39],63.0,79.0,82.0,94.0,73.0,58.0,89.0,107.0,74.0,85.0
38,80,5.0,0.0,2.0,[37 39],74.0,85.0,73.0,58.0,63.0,79.0,99.0,121.0,89.0,107.0
38,81,5.0,0.0,2.0,[37 39],89.0,107.0,63.0,79.0,74.0,85.0,47.0,88.0,99.0,121.0
38,82,5.0,0.0,2.0,[37 39],99.0,121.0,74.0,85.0,89.0,107.0,76.0,102.0,47.0,88.0
38,83,5.0,0.0,2.0,[37 39],47.0,88.0,89.0,107.0,99.0,121.0,92.0,90.0,76.0,102.0
38,84,5.0,0.0,2.0,[37 39],76.0,102.0,99.0,121.0,47.0,88.0,70.0,105.0,92.0,90.0
38,85,5.0,0.0,2.0,[37 39],92.0,90.0,47.0,88.0,76.0,102.0,85.0,95.0,70.0,105.0
38,86,5.0,0.0,2.0,[37 39],70.0,105.0,76.0,102.0,92.0,90.0,71.0,90.0,85.0,95.0
38,87,5.0,0.0,2.0,[37 39],85.0,95.0,92.0,90.0,70.0,105.0,71.0,139.0,71.0,90.0
38,88,5.0,0.0,2.0,[37 39],71.0,90.0,70.0,105.0,85.0,95.0,97.0,128.0,71.0,139.0
38,89,5.0,0.0,2.0,[37 39],71.0,139.0,85.0,95.0,71.0,90.0,88.0,135.0,97.0,128.0
38,90,5.0,0.0,2.0,[37 39],97.0,128.0,71.0,90.0,71.0,139.0,94.0,137.0,88.0,135.0
38,91,5.0,0.0,2.0,[37 39],88.0,135.0,71.0,139.0,97.0,128.0,87.0,174.0,94.0,137.0
38,92,5.0,0.0,2.0,[37 39],94.0,137.0,97.0,128.0,88.0,135.0,86.0,94.0,87.0,174.0
38,93,5.0,0.0,2.0,[37 39],87.0,174.0,88.0,135.0,94.0,137.0,86.0,155.0,86.0,94.0
38,94,5.0,0.0,2.0,[37 39],86.0,94.0,94.0,137.0,87.0,174.0,99.0,169.0,86.0,155.0
38,95,5.0,0.0,2.0,[37 39],86.0,155.0,87.0,174.0,86.0,94.0,120.0,135.0,99.0,169.0
38,96,5.0,0.0,2.0,[37 39],99.0,169.0,86.0,94.0,86.0,155.0,107.0,139.0,120.0,135.0
38,97,5.0,0.0,2.0,[37 39],120.0,135.0,86.0,155.0,99.0,169.0,114.0,117.0,107.0,139.0
38,98,5.0,0.0,2.0,[37 39],107.0,139.0,99.0,169.0,120.0,135.0,115.0,156.0,114.0,117.0
38,99,5.0,0.0,2.0,[37 39],114.0,117.0,120.0,135.0,107.0,139.0,105.0,132.0,115.0,156.0
38,100,5.0,0.0,2.0,[37 39],115.0,156.0,107.0,139.0,114.0,117.0,131.0,180.0,105.0,132.0
38,101,5.0,0.0,2.0,[37 39],105.0,132.0,114.0,117.0,115.0,156.0,120.0,175.0,131.0,180.0
38,102,5.0,0.0,2.0,[37 39],131.0,180.0,115.0,156.0,105.0,132.0,106.0,230.0,120.0,175.0
38,103,5.0,0.0,2.0,[37 39],120.0,175.0,105.0,132.0,131.0,180.0,126.0,264.0,106.0,230.0
38,104,5.0,0.0,2.0,[37 39],106.0,230.0,131.0,180.0,120.0,175.0,129.0,274.0,126.0,264.0
38,105,5.0,0.0,2.0,[37 39],126.0,264.0,120.0,175.0,106.0,230.0,120.0,337.0,129.0,274.0
38,106,5.0,0.0,2.0,[37 39],129.0,274.0,106.0,230.0,126.0,264.0,136.0,354.0,120.0,337.0
38,107,5.0,0.0,2.0,[37 39],120.0,337.0,126.0,264.0,129.0,274.0,130.0,285.0,136.0,354.0
38,108,5.0,0.0,2.0,[37 39],136.0,354.0,129.0,274.0,120.0,337.0,117.0,274.0,130.0,285.0
38,109,5.0,0.0,2.0,[37 39],130.0,285.0,120.0,337.0,136.0,354.0,108.0,292.0,117.0,274.0
38,110,5.0,0.0,2.0,[37 39],117.0,274.0,136.0,354.0,130.0,285.0,95.0,239.0,108.0,292.0
38,111,5.0,0.0,2.0,[37 39],108.0,292.0,130.0,285.0,117.0,274.0,103.0,270.0,95.0,239.0
38,112,5.0,0.0,2.0,[37 39],95.0,239.0,117.0,274.0,108.0,292.0,146.0,169.0,103.0,270.0
38,113,5.0,0.0,2.0,[37 39],103.0,270.0,108.0,292.0,95.0,239.0,134.0,210.0,146.0,169.0
38,114,5.0,0.0,2.0,[37 39],146.0,169.0,95.0,239.0,103.0,270.0,111.0,132.0,134.0,210.0
38,115,5.0,0.0,2.0,[37 39],134.0,210.0,103.0,270.0,146.0,169.0,134.0,126.0,111.0,132.0
38,116,5.0,0.0,2.0,[37 39],111.0,132.0,146.0,169.0,134.0,210.0,134.0,153.0,134.0,126.0
38,117,5.0,0.0,2.0,[37 39],134.0,126.0,134.0,210.0,111.0,132.0,102.0,110.0,134.0,153.0
38,118,5.0,0.0,2.0,[37 39],134.0,153.0,111.0,132.0,134.0,126.0,155.0,140.0,102.0,110.0
38,119,5.0,0.0,2.0,[37 39],102.0,110.0,134.0,126.0,134.0,153.0,140.0,120.0,155.0,140.0
38,120,5.0,0.0,2.0,[37 39],155.0,140.0,134.0,153.0,102.0,110.0,120.0,117.0,140.0,120.0
38,121,5.0,0.0,2.0,[37 39],140.0,120.0,102.0,110.0,155.0,140.0,150.0,101.0,120.0,117.0
38,122,5.0,0.0,2.0,[37 39],120.0,117.0,155.0,140.0,140.0,120.0,163.0,113.0,150.0,101.0
38,123,5.0,0.0,2.0,[37 39],150.0,101.0,140.0,120.0,120.0,117.0,122.0,115.0,163.0,113.0
38,124,5.0,0.0,2.0,[37 39],163.0,113.0,120.0,117.0,150.0,101.0,177.0,55.0,122.0,115.0
38,125,5.0,0.0,2.0,[37 39],122.0,115.0,150.0,101.0,163.0,113.0,162.0,94.0,177.0,55.0
38,126,5.0,0.0,2.0,[37 39],177.0,55.0,163.0,113.0,122.0,115.0,155.0,86.0,162.0,94.0
38,127,5.0,0.0,2.0,[37 39],162.0,94.0,122.0,115.0,177.0,55.0,130.0,64.0,155.0,86.0
38,128,5.0,0.0,2.0,[37 39],155.0,86.0,177.0,55.0,162.0,94.0,92.0,55.0,130.0,64.0
38,129,5.0,0.0,2.0,[37 39],130.0,64.0,162.0,94.0,155.0,86.0,114.0,50.0,92.0,55.0
38,130,5.0,0.0,2.0,[37 39],92.0,55.0,155.0,86.0,130.0,64.0,75.0,40.0,114.0,50.0
38,131,5.0,0.0,2.0,[37 39],114.0,50.0,130.0,64.0,92.0,55.0,106.0,47.0,75.0,40.0
38,132,5.0,0.0,2.0,[37 39],75.0,40.0,92.0,55.0,114.0,50.0,96.0,44.0,106.0,47.0
38,133,5.0,0.0,2.0,[37 39],106.0,47.0,114.0,50.0,75.0,40.0,41.0,23.0,96.0,44.0
38,134,5.0,0.0,2.0,[37 39],96.0,44.0,75.0,40.0,106.0,47.0,29.0,45.0,41.0,23.0
38,135,5.0,0.0,2.0,[37 39],41.0,23.0,106.0,47.0,96.0,44.0,14.0,38.0,29.0,45.0
38,136,5.0,0.0,2.0,[37 39],29.0,45.0,96.0,44.0,41.0,23.0,13.0,40.0,14.0,38.0
38,137,5.0,0.0,2.0,[37 39],14.0,38.0,41.0,23.0,29.0,45.0,10.0,25.0,13.0,40.0
38,138,5.0,0.0,2.0,[37 39],13.0,40.0,29.0,45.0,14.0,38.0,6.0,18.0,10.0,25.0
38,139,5.0,0.0,2.0,[37 39],10.0,25.0,14.0,38.0,13.0,40.0,8.0,19.0,6.0,18.0
38,140,5.0,0.0,2.0,[37 39],6.0,18.0,13.0,40.0,10.0,25.0,4.0,19.0,8.0,19.0
38,141,5.0,0.0,2.0,[37 39],8.0,19.0,10.0,25.0,6.0,18.0,1.0,5.0,4.0,19.0
38,142,5.0,0.0,2.0,[37 39],4.0,19.0,6.0,18.0,8.0,19.0,0.0,0.0,1.0,5.0
38,143,5.0,0.0,2.0,[37 39],1.0,5.0,8.0,19.0,4.0,19.0,0.0,0.0,0.0,0.0
39,0,5.0,0.0,2.0,[38 40],1.0,1.0,0.0,0.0,0.0,0.0,0.0,0.0,2.0,2.0
39,1,5.0,0.0,2.0,[38 40],2.0,2.0,0.0,0.0,1.0,1.0,0.0,0.0,0.0,0.0
39,2,5.0,0.0,2.0,[38 40],0.0,0.0,1.0,1.0,2.0,2.0,0.0,0.0,0.0,0.0
39,3,5.0,0.0,2.0,[38 40],0.0,0.0,2.0,2.0,0.0,0.0,0.0,0.0,0.0,0.0
39,4,5.0,0.0,2.0,[38 40],0.0,0.0,0.0,0.0,0.0,0.0,0.0,0.0,0.0,0.0
39,5,5.0,0.0,2.0,[38 40],0.0,0.0,0.0,0.0,0.0,0.0,1.0,1.0,0.0,0.0
39,6,5.0,0.0,2.0,[38 40],0.0,0.0,0.0,0.0,0.0,0.0,0.0,0.0,1.0,1.0
39,7,5.0,0.0,2.0,[38 40],1.0,1.0,0.0,0.0,0.0,0.0,0.0,0.0,0.0,0.0
39,8,5.0,0.0,2.0,[38 40],0.0,0.0,0.0,0.0,1.0,1.0,0.0,0.0,0.0,0.0
39,9,5.0,0.0,2.0,[38 40],0.0,0.0,1.0,1.0,0.0,0.0,0.0,0.0,0.0,0.0
39,10,5.0,0.0,2.0,[38 40],0.0,0.0,0.0,0.0,0.0,0.0,0.0,0.0,0.0,0.0
39,11,5.0,0.0,2.0,[38 40],0.0,0.0,0.0,0.0,0.0,0.0,0.0,0.0,0.0,0.0
39,12,5.0,0.0,2.0,[38 40],0.0,0.0,0.0,0.0,0.0,0.0,0.0,0.0,0.0,0.0
39,13,5.0,0.0,2.0,[38 40],0.0,0.0,0.0,0.0,0.0,0.0,1.0,0.0,0.0,0.0
39,14,5.0,0.0,2.0,[38 40],0.0,0.0,0.0,0.0,0.0,0.0,0.0,1.0,1.0,0.0
39,15,5.0,0.0,2.0,[38 40],1.0,0.0,0.0,0.0,0.0,0.0,0.0,0.0,0.0,1.0
39,16,5.0,0.0,2.0,[38 40],0.0,1.0,0.0,0.0,1.0,0.0,0.0,0.0,0.0,0.0
39,17,5.0,0.0,2.0,[38 40],0.0,0.0,1.0,0.0,0.0,1.0,0.0,0.0,0.0,0.0
39,18,5.0,0.0,2.0,[38 40],0.0,0.0,0.0,1.0,0.0,0.0,0.0,0.0,0.0,0.0
39,19,5.0,0.0,2.0,[38 40],0.0,0.0,0.0,0.0,0.0,0.0,0.0,0.0,0.0,0.0
39,20,5.0,0.0,2.0,[38 40],0.0,0.0,0.0,0.0,0.0,0.0,0.0,0.0,0.0,0.0
39,21,5.0,0.0,2.0,[38 40],0.0,0.0,0.0,0.0,0.0,0.0,0.0,0.0,0.0,0.0
39,22,5.0,0.0,2.0,[38 40],0.0,0.0,0.0,0.0,0.0,0.0,0.0,0.0,0.0,0.0
39,23,5.0,0.0,2.0,[38 40],0.0,0.0,0.0,0.0,0.0,0.0,1.0,0.0,0.0,0.0
39,24,5.0,0.0,2.0,[38 40],0.0,0.0,0.0,0.0,0.0,0.0,0.0,1.0,1.0,0.0
39,25,5.0,0.0,2.0,[38 40],1.0,0.0,0.0,0.0,0.0,0.0,2.0,0.0,0.0,1.0
39,26,5.0,0.0,2.0,[38 40],0.0,1.0,0.0,0.0,1.0,0.0,0.0,2.0,2.0,0.0
39,27,5.0,0.0,2.0,[38 40],2.0,0.0,1.0,0.0,0.0,1.0,0.0,0.0,0.0,2.0
39,28,5.0,0.0,2.0,[38 40],0.0,2.0,0.0,1.0,2.0,0.0,0.0,0.0,0.0,0.0
39,29,5.0,0.0,2.0,[38 40],0.0,0.0,2.0,0.0,0.0,2.0,0.0,0.0,0.0,0.0
39,30,5.0,0.0,2.0,[38 40],0.0,0.0,0.0,2.0,0.0,0.0,0.0,0.0,0.0,0.0
39,31,5.0,0.0,2.0,[38 40],0.0,0.0,0.0,0.0,0.0,0.0,0.0,0.0,0.0,0.0
39,32,5.0,0.0,2.0,[38 40],0.0,0.0,0.0,0.0,0.0,0.0,5.0,0.0,0.0,0.0
39,33,5.0,0.0,2.0,[38 40],0.0,0.0,0.0,0.0,0.0,0.0,9.0,1.0,5.0,0.0
39,34,5.0,0.0,2.0,[38 40],5.0,0.0,0.0,0.0,0.0,0.0,10.0,1.0,9.0,1.0
39,35,5.0,0.0,2.0,[38 40],9.0,1.0,0.0,0.0,5.0,0.0,12.0,6.0,10.0,1.0
39,36,5.0,0.0,2.0,[38 40],10.0,1.0,5.0,0.0,9.0,1.0,20.0,5.0,12.0,6.0
39,37,5.0,0.0,2.0,[38 40],12.0,6.0,9.0,1.0,10.0,1.0,33.0,10.0,20.0,5.0
39,38,5.0,0.0,2.0,[38 40],20.0,5.0,10.0,1.0,12.0,6.0,40.0,14.0,33.0,10.0
39,39,5.0,0.0,2.0,[38 40],33.0,10.0,12.0,6.0,20.0,5.0,52.0,24.0,40.0,14.0
39,40,5.0,0.0,2.0,[38 40],40.0,14.0,20.0,5.0,33.0,10.0,60.0,46.0,52.0,24.0
39,41,5.0,0.0,2.0,[38 40],52.0,24.0,33.0,10.0,40.0,14.0,98.0,31.0,60.0,46.0
39,42,5.0,0.0,2.0,[38 40],60.0,46.0,40.0,14.0,52.0,24.0,133.0,82.0,98.0,31.0
39,43,5.0,0.0,2.0,[38 40],98.0,31.0,52.0,24.0,60.0,46.0,189.0,132.0,133.0,82.0
39,44,5.0,0.0,2.0,[38 40],133.0,82.0,60.0,46.0,98.0,31.0,199.0,141.0,189.0,132.0
39,45,5.0,0.0,2.0,[38 40],189.0,132.0,98.0,31.0,133.0,82.0,213.0,194.0,199.0,141.0
39,46,5.0,0.0,2.0,[38 40],199.0,141.0,133.0,82.0,189.0,132.0,235.0,311.0,213.0,194.0
39,47,5.0,0.0,2.0,[38 40],213.0,194.0,189.0,132.0,199.0,141.0,205.0,293.0,235.0,311.0
39,48,5.0,0.0,2.0,[38 40],235.0,311.0,199.0,141.0,213.0,194.0,224.0,304.0,205.0,293.0
39,49,5.0,0.0,2.0,[38 40],205.0,293.0,213.0,194.0,235.0,311.0,205.0,203.0,224.0,304.0
39,50,5.0,0.0,2.0,[38 40],224.0,304.0,235.0,311.0,205.0,293.0,141.0,349.0,205.0,203.0
39,51,5.0,0.0,2.0,[38 40],205.0,203.0,205.0,293.0,224.0,304.0,128.0,246.0,141.0,349.0
39,52,5.0,0.0,2.0,[38 40],141.0,349.0,224.0,304.0,205.0,203.0,93.0,163.0,128.0,246.0
39,53,5.0,0.0,2.0,[38 40],128.0,246.0,205.0,203.0,141.0,349.0,83.0,183.0,93.0,163.0
39,54,5.0,0.0,2.0,[38 40],93.0,163.0,141.0,349.0,128.0,246.0,100.0,149.0,83.0,183.0
39,55,5.0,0.0,2.0,[38 40],83.0,183.0,128.0,246.0,93.0,163.0,72.0,71.0,100.0,149.0
39,56,5.0,0.0,2.0,[38 40],100.0,149.0,93.0,163.0,83.0,183.0,105.0,150.0,72.0,71.0
39,57,5.0,0.0,2.0,[38 40],72.0,71.0,83.0,183.0,100.0,149.0,75.0,102.0,105.0,150.0
39,58,5.0,0.0,2.0,[38 40],105.0,150.0,100.0,149.0,72.0,71.0,72.0,97.0,75.0,102.0
39,59,5.0,0.0,2.0,[38 40],75.0,102.0,72.0,71.0,105.0,150.0,70.0,80.0,72.0,97.0
39,60,5.0,0.0,2.0,[38 40],72.0,97.0,105.0,150.0,75.0,102.0,58.0,97.0,70.0,80.0
39,61,5.0,0.0,2.0,[38 40],70.0,80.0,75.0,102.0,72.0,97.0,52.0,66.0,58.0,97.0
39,62,5.0,0.0,2.0,[38 40],58.0,97.0,72.0,97.0,70.0,80.0,57.0,99.0,52.0,66.0
39,63,5.0,0.0,2.0,[38 40],52.0,66.0,70.0,80.0,58.0,97.0,74.0,90.0,57.0,99.0
39,64,5.0,0.0,2.0,[38 40],57.0,99.0,58.0,97.0,52.0,66.0,71.0,94.0,74.0,90.0
39,65,5.0,0.0,2.0,[38 40],74.0,90.0,52.0,66.0,57.0,99.0,48.0,71.0,71.0,94.0
39,66,5.0,0.0,2.0,[38 40],71.0,94.0,57.0,99.0,74.0,90.0,57.0,91.0,48.0,71.0
39,67,5.0,0.0,2.0,[38 40],48.0,71.0,74.0,90.0,71.0,94.0,61.0,105.0,57.0,91.0
39,68,5.0,0.0,2.0,[38 40],57.0,91.0,71.0,94.0,48.0,71.0,68.0,104.0,61.0,105.0
39,69,5.0,0.0,2.0,[38 40],61.0,105.0,48.0,71.0,57.0,91.0,72.0,132.0,68.0,104.0
39,70,5.0,0.0,2.0,[38 40],68.0,104.0,57.0,91.0,61.0,105.0,88.0,86.0,72.0,132.0
39,71,5.0,0.0,2.0,[38 40],72.0,132.0,61.0,105.0,68.0,104.0,75.0,107.0,88.0,86.0
39,72,5.0,0.0,2.0,[38 40],88.0,86.0,68.0,104.0,72.0,132.0,97.0,104.0,75.0,107.0
39,73,5.0,0.0,2.0,[38 40],75.0,107.0,72.0,132.0,88.0,86.0,93.0,110.0,97.0,104.0
39,74,5.0,0.0,2.0,[38 40],97.0,104.0,88.0,86.0,75.0,107.0,87.0,102.0,93.0,110.0
39,75,5.0,0.0,2.0,[38 40],93.0,110.0,75.0,107.0,97.0,104.0,84.0,97.0,87.0,102.0
39,76,5.0,0.0,2.0,[38 40],87.0,102.0,97.0,104.0,93.0,110.0,67.0,105.0,84.0,97.0
39,77,5.0,0.0,2.0,[38 40],84.0,97.0,93.0,110.0,87.0,102.0,73.0,114.0,67.0,105.0
39,78,5.0,0.0,2.0,[38 40],67.0,105.0,87.0,102.0,84.0,97.0,95.0,86.0,73.0,114.0
39,79,5.0,0.0,2.0,[38 40],73.0,114.0,84.0,97.0,67.0,105.0,111.0,115.0,95.0,86.0
39,80,5.0,0.0,2.0,[38 40],95.0,86.0,67.0,105.0,73.0,114.0,98.0,69.0,111.0,115.0
39,81,5.0,0.0,2.0,[38 40],111.0,115.0,73.0,114.0,95.0,86.0,81.0,104.0,98.0,69.0
39,82,5.0,0.0,2.0,[38 40],98.0,69.0,95.0,86.0,111.0,115.0,72.0,108.0,81.0,104.0
39,83,5.0,0.0,2.0,[38 40],81.0,104.0,111.0,115.0,98.0,69.0,73.0,102.0,72.0,108.0
39,84,5.0,0.0,2.0,[38 40],72.0,108.0,98.0,69.0,81.0,104.0,94.0,115.0,73.0,102.0
39,85,5.0,0.0,2.0,[38 40],73.0,102.0,81.0,104.0,72.0,108.0,84.0,121.0,94.0,115.0
39,86,5.0,0.0,2.0,[38 40],94.0,115.0,72.0,108.0,73.0,102.0,71.0,134.0,84.0,121.0
39,87,5.0,0.0,2.0,[38 40],84.0,121.0,73.0,102.0,94.0,115.0,101.0,88.0,71.0,134.0
39,88,5.0,0.0,2.0,[38 40],71.0,134.0,94.0,115.0,84.0,121.0,130.0,138.0,101.0,88.0
39,89,5.0,0.0,2.0,[38 40],101.0,88.0,84.0,121.0,71.0,134.0,71.0,116.0,130.0,138.0
39,90,5.0,0.0,2.0,[38 40],130.0,138.0,71.0,134.0,101.0,88.0,90.0,118.0,71.0,116.0
39,91,5.0,0.0,2.0,[38 40],71.0,116.0,101.0,88.0,130.0,138.0,120.0,131.0,90.0,118.0
39,92,5.0,0.0,2.0,[38 40],90.0,118.0,130.0,138.0,71.0,116.0,107.0,110.0,120.0,131.0
39,93,5.0,0.0,2.0,[38 40],120.0,131.0,71.0,116.0,90.0,118.0,103.0,131.0,107.0,110.0
39,94,5.0,0.0,2.0,[38 40],107.0,110.0,90.0,118.0,120.0,131.0,110.0,123.0,103.0,131.0
39,95,5.0,0.0,2.0,[38 40],103.0,131.0,120.0,131.0,107.0,110.0,133.0,148.0,110.0,123.0
39,96,5.0,0.0,2.0,[38 40],110.0,123.0,107.0,110.0,103.0,131.0,140.0,120.0,133.0,148.0
39,97,5.0,0.0,2.0,[38 40],133.0,148.0,103.0,131.0,110.0,123.0,129.0,121.0,140.0,120.0
39,98,5.0,0.0,2.0,[38 40],140.0,120.0,110.0,123.0,133.0,148.0,156.0,124.0,129.0,121.0
39,99,5.0,0.0,2.0,[38 40],129.0,121.0,133.0,148.0,140.0,120.0,146.0,184.0,156.0,124.0
39,100,5.0,0.0,2.0,[38 40],156.0,124.0,140.0,120.0,129.0,121.0,172.0,131.0,146.0,184.0
39,101,5.0,0.0,2.0,[38 40],146.0,184.0,129.0,121.0,156.0,124.0,277.0,157.0,172.0,131.0
39,102,5.0,0.0,2.0,[38 40],172.0,131.0,156.0,124.0,146.0,184.0,263.0,270.0,277.0,157.0
39,103,5.0,0.0,2.0,[38 40],277.0,157.0,146.0,184.0,172.0,131.0,256.0,286.0,263.0,270.0
39,104,5.0,0.0,2.0,[38 40],263.0,270.0,172.0,131.0,277.0,157.0,259.0,292.0,256.0,286.0
39,105,5.0,0.0,2.0,[38 40],256.0,286.0,277.0,157.0,263.0,270.0,198.0,270.0,259.0,292.0
39,106,5.0,0.0,2.0,[38 40],259.0,292.0,263.0,270.0,256.0,286.0,203.0,298.0,198.0,270.0
39,107,5.0,0.0,2.0,[38 40],198.0,270.0,256.0,286.0,259.0,292.0,201.0,256.0,203.0,298.0
39,108,5.0,0.0,2.0,[38 40],203.0,298.0,259.0,292.0,198.0,270.0,206.0,349.0,201.0,256.0
39,109,5.0,0.0,2.0,[38 40],201.0,256.0,198.0,270.0,203.0,298.0,155.0,225.0,206.0,349.0
39,110,5.0,0.0,2.0,[38 40],206.0,349.0,203.0,298.0,201.0,256.0,126.0,210.0,155.0,225.0
39,111,5.0,0.0,2.0,[38 40],155.0,225.0,201.0,256.0,206.0,349.0,96.0,216.0,126.0,210.0
39,112,5.0,0.0,2.0,[38 40],126.0,210.0,206.0,349.0,155.0,225.0,115.0,191.0,96.0,216.0
39,113,5.0,0.0,2.0,[38 40],96.0,216.0,155.0,225.0,126.0,210.0,126.0,104.0,115.0,191.0
39,114,5.0,0.0,2.0,[38 40],115.0,191.0,126.0,210.0,96.0,216.0,122.0,110.0,126.0,104.0
39,115,5.0,0.0,2.0,[38 40],126.0,104.0,96.0,216.0,115.0,191.0,111.0,155.0,122.0,110.0
39,116,5.0,0.0,2.0,[38 40],122.0,110.0,115.0,191.0,126.0,104.0,128.0,109.0,111.0,155.0
39,117,5.0,0.0,2.0,[38 40],111.0,155.0,126.0,104.0,122.0,110.0,99.0,102.0,128.0,109.0
39,118,5.0,0.0,2.0,[38 40],128.0,109.0,122.0,110.0,111.0,155.0,148.0,107.0,99.0,102.0
39,119,5.0,0.0,2.0,[38 40],99.0,102.0,111.0,155.0,128.0,109.0,147.0,128.0,148.0,107.0
39,120,5.0,0.0,2.0,[38 40],148.0,107.0,128.0,109.0,99.0,102.0,198.0,86.0,147.0,128.0
39,121,5.0,0.0,2.0,[38 40],147.0,128.0,99.0,102.0,148.0,107.0,199.0,113.0,198.0,86.0
39,122,5.0,0.0,2.0,[38 40],198.0,86.0,148.0,107.0,147.0,128.0,165.0,84.0,199.0,113.0
39,123,5.0,0.0,2.0,[38 40],199.0,113.0,147.0,128.0,198.0,86.0,168.0,118.0,165.0,84.0
39,124,5.0,0.0,2.0,[38 40],165.0,84.0,198.0,86.0,199.0,113.0,205.0,109.0,168.0,118.0
39,125,5.0,0.0,2.0,[38 40],168.0,118.0,199.0,113.0,165.0,84.0,209.0,89.0,205.0,109.0
39,126,5.0,0.0,2.0,[38 40],205.0,109.0,165.0,84.0,168.0,118.0,182.0,95.0,209.0,89.0
39,127,5.0,0.0,2.0,[38 40],209.0,89.0,168.0,118.0,205.0,109.0,117.0,88.0,182.0,95.0
39,128,5.0,0.0,2.0,[38 40],182.0,95.0,205.0,109.0,209.0,89.0,129.0,70.0,117.0,88.0
39,129,5.0,0.0,2.0,[38 40],117.0,88.0,209.0,89.0,182.0,95.0,98.0,77.0,129.0,70.0
39,130,5.0,0.0,2.0,[38 40],129.0,70.0,182.0,95.0,117.0,88.0,169.0,90.0,98.0,77.0
39,131,5.0,0.0,2.0,[38 40],98.0,77.0,117.0,88.0,129.0,70.0,122.0,66.0,169.0,90.0
39,132,5.0,0.0,2.0,[38 40],169.0,90.0,129.0,70.0,98.0,77.0,63.0,44.0,122.0,66.0
39,133,5.0,0.0,2.0,[38 40],122.0,66.0,98.0,77.0,169.0,90.0,76.0,25.0,63.0,44.0
39,134,5.0,0.0,2.0,[38 40],63.0,44.0,169.0,90.0,122.0,66.0,48.0,33.0,76.0,25.0
39,135,5.0,0.0,2.0,[38 40],76.0,25.0,122.0,66.0,63.0,44.0,22.0,26.0,48.0,33.0
39,136,5.0,0.0,2.0,[38 40],48.0,33.0,63.0,44.0,76.0,25.0,7.0,21.0,22.0,26.0
39,137,5.0,0.0,2.0,[38 40],22.0,26.0,76.0,25.0,48.0,33.0,10.0,15.0,7.0,21.0
39,138,5.0,0.0,2.0,[38 40],7.0,21.0,48.0,33.0,22.0,26.0,2.0,9.0,10.0,15.0
39,139,5.0,0.0,2.0,[38 40],10.0,15.0,22.0,26.0,7.0,21.0,7.0,16.0,2.0,9.0
39,140,5.0,0.0,2.0,[38 40],2.0,9.0,7.0,21.0,10.0,15.0,6.0,9.0,7.0,16.0
39,141,5.0,0.0,2.0,[38 40],7.0,16.0,10.0,15.0,2.0,9.0,0.0,7.0,6.0,9.0
39,142,5.0,0.0,2.0,[38 40],6.0,9.0,2.0,9.0,7.0,16.0,0.0,0.0,0.0,7.0
39,143,5.0,0.0,2.0,[38 40],0.0,7.0,7.0,16.0,6.0,9.0,0.0,0.0,0.0,0.0
40,0,5.0,0.0,2.0,[39 41],0.0,0.0,0.0,0.0,0.0,0.0,0.0,0.0,0.0,0.0
40,1,5.0,0.0,2.0,[39 41],0.0,0.0,0.0,0.0,0.0,0.0,0.0,0.0,0.0,0.0
40,2,5.0,0.0,2.0,[39 41],0.0,0.0,0.0,0.0,0.0,0.0,0.0,0.0,0.0,0.0
40,3,5.0,0.0,2.0,[39 41],0.0,0.0,0.0,0.0,0.0,0.0,0.0,0.0,0.0,0.0
40,4,5.0,0.0,2.0,[39 41],0.0,0.0,0.0,0.0,0.0,0.0,0.0,0.0,0.0,0.0
40,5,5.0,0.0,2.0,[39 41],0.0,0.0,0.0,0.0,0.0,0.0,0.0,0.0,0.0,0.0
40,6,5.0,0.0,2.0,[39 41],0.0,0.0,0.0,0.0,0.0,0.0,0.0,0.0,0.0,0.0
40,7,5.0,0.0,2.0,[39 41],0.0,0.0,0.0,0.0,0.0,0.0,1.0,1.0,0.0,0.0
40,8,5.0,0.0,2.0,[39 41],0.0,0.0,0.0,0.0,0.0,0.0,0.0,0.0,1.0,1.0
40,9,5.0,0.0,2.0,[39 41],1.0,1.0,0.0,0.0,0.0,0.0,0.0,0.0,0.0,0.0
40,10,5.0,0.0,2.0,[39 41],0.0,0.0,0.0,0.0,1.0,1.0,0.0,0.0,0.0,0.0
40,11,5.0,0.0,2.0,[39 41],0.0,0.0,1.0,1.0,0.0,0.0,0.0,0.0,0.0,0.0
40,12,5.0,0.0,2.0,[39 41],0.0,0.0,0.0,0.0,0.0,0.0,0.0,0.0,0.0,0.0
40,13,5.0,0.0,2.0,[39 41],0.0,0.0,0.0,0.0,0.0,0.0,0.0,0.0,0.0,0.0
40,14,5.0,0.0,2.0,[39 41],0.0,0.0,0.0,0.0,0.0,0.0,0.0,0.0,0.0,0.0
40,15,5.0,0.0,2.0,[39 41],0.0,0.0,0.0,0.0,0.0,0.0,0.0,0.0,0.0,0.0
40,16,5.0,0.0,2.0,[39 41],0.0,0.0,0.0,0.0,0.0,0.0,0.0,0.0,0.0,0.0
40,17,5.0,0.0,2.0,[39 41],0.0,0.0,0.0,0.0,0.0,0.0,0.0,0.0,0.0,0.0
40,18,5.0,0.0,2.0,[39 41],0.0,0.0,0.0,0.0,0.0,0.0,0.0,1.0,0.0,0.0
40,19,5.0,0.0,2.0,[39 41],0.0,0.0,0.0,0.0,0.0,0.0,0.0,0.0,0.0,1.0
40,20,5.0,0.0,2.0,[39 41],0.0,1.0,0.0,0.0,0.0,0.0,0.0,0.0,0.0,0.0
40,21,5.0,0.0,2.0,[39 41],0.0,0.0,0.0,0.0,0.0,1.0,0.0,0.0,0.0,0.0
40,22,5.0,0.0,2.0,[39 41],0.0,0.0,0.0,1.0,0.0,0.0,0.0,0.0,0.0,0.0
40,23,5.0,0.0,2.0,[39 41],0.0,0.0,0.0,0.0,0.0,0.0,0.0,0.0,0.0,0.0
40,24,5.0,0.0,2.0,[39 41],0.0,0.0,0.0,0.0,0.0,0.0,0.0,0.0,0.0,0.0
40,25,5.0,0.0,2.0,[39 41],0.0,0.0,0.0,0.0,0.0,0.0,0.0,0.0,0.0,0.0
40,26,5.0,0.0,2.0,[39 41],0.0,0.0,0.0,0.0,0.0,0.0,0.0,0.0,0.0,0.0
40,27,5.0,0.0,2.0,[39 41],0.0,0.0,0.0,0.0,0.0,0.0,0.0,0.0,0.0,0.0
40,28,5.0,0.0,2.0,[39 41],0.0,0.0,0.0,0.0,0.0,0.0,0.0,0.0,0.0,0.0
40,29,5.0,0.0,2.0,[39 41],0.0,0.0,0.0,0.0,0.0,0.0,0.0,0.0,0.0,0.0
40,30,5.0,0.0,2.0,[39 41],0.0,0.0,0.0,0.0,0.0,0.0,0.0,0.0,0.0,0.0
40,31,5.0,0.0,2.0,[39 41],0.0,0.0,0.0,0.0,0.0,0.0,0.0,0.0,0.0,0.0
40,32,5.0,0.0,2.0,[39 41],0.0,0.0,0.0,0.0,0.0,0.0,2.0,1.0,0.0,0.0
40,33,5.0,0.0,2.0,[39 41],0.0,0.0,0.0,0.0,0.0,0.0,16.0,1.0,2.0,1.0
40,34,5.0,0.0,2.0,[39 41],2.0,1.0,0.0,0.0,0.0,0.0,11.0,1.0,16.0,1.0
40,35,5.0,0.0,2.0,[39 41],16.0,1.0,0.0,0.0,2.0,1.0,18.0,2.0,11.0,1.0
40,36,5.0,0.0,2.0,[39 41],11.0,1.0,2.0,1.0,16.0,1.0,11.0,6.0,18.0,2.0
40,37,5.0,0.0,2.0,[39 41],18.0,2.0,16.0,1.0,11.0,1.0,23.0,16.0,11.0,6.0
40,38,5.0,0.0,2.0,[39 41],11.0,6.0,11.0,1.0,18.0,2.0,27.0,18.0,23.0,16.0
40,39,5.0,0.0,2.0,[39 41],23.0,16.0,18.0,2.0,11.0,6.0,41.0,23.0,27.0,18.0
40,40,5.0,0.0,2.0,[39 41],27.0,18.0,11.0,6.0,23.0,16.0,55.0,25.0,41.0,23.0
40,41,5.0,0.0,2.0,[39 41],41.0,23.0,23.0,16.0,27.0,18.0,76.0,52.0,55.0,25.0
40,42,5.0,0.0,2.0,[39 41],55.0,25.0,27.0,18.0,41.0,23.0,82.0,61.0,76.0,52.0
40,43,5.0,0.0,2.0,[39 41],76.0,52.0,41.0,23.0,55.0,25.0,123.0,100.0,82.0,61.0
40,44,5.0,0.0,2.0,[39 41],82.0,61.0,55.0,25.0,76.0,52.0,170.0,164.0,123.0,100.0
40,45,5.0,0.0,2.0,[39 41],123.0,100.0,76.0,52.0,82.0,61.0,189.0,109.0,170.0,164.0
40,46,5.0,0.0,2.0,[39 41],170.0,164.0,82.0,61.0,123.0,100.0,166.0,179.0,189.0,109.0
40,47,5.0,0.0,2.0,[39 41],189.0,109.0,123.0,100.0,170.0,164.0,179.0,212.0,166.0,179.0
40,48,5.0,0.0,2.0,[39 41],166.0,179.0,170.0,164.0,189.0,109.0,169.0,294.0,179.0,212.0
40,49,5.0,0.0,2.0,[39 41],179.0,212.0,189.0,109.0,166.0,179.0,185.0,183.0,169.0,294.0
40,50,5.0,0.0,2.0,[39 41],169.0,294.0,166.0,179.0,179.0,212.0,151.0,159.0,185.0,183.0
40,51,5.0,0.0,2.0,[39 41],185.0,183.0,179.0,212.0,169.0,294.0,99.0,173.0,151.0,159.0
40,52,5.0,0.0,2.0,[39 41],151.0,159.0,169.0,294.0,185.0,183.0,78.0,77.0,99.0,173.0
40,53,5.0,0.0,2.0,[39 41],99.0,173.0,185.0,183.0,151.0,159.0,66.0,63.0,78.0,77.0
40,54,5.0,0.0,2.0,[39 41],78.0,77.0,151.0,159.0,99.0,173.0,63.0,78.0,66.0,63.0
40,55,5.0,0.0,2.0,[39 41],66.0,63.0,99.0,173.0,78.0,77.0,50.0,61.0,63.0,78.0
40,56,5.0,0.0,2.0,[39 41],63.0,78.0,78.0,77.0,66.0,63.0,76.0,56.0,50.0,61.0
40,57,5.0,0.0,2.0,[39 41],50.0,61.0,66.0,63.0,63.0,78.0,64.0,37.0,76.0,56.0
40,58,5.0,0.0,2.0,[39 41],76.0,56.0,63.0,78.0,50.0,61.0,54.0,76.0,64.0,37.0
40,59,5.0,0.0,2.0,[39 41],64.0,37.0,50.0,61.0,76.0,56.0,38.0,34.0,54.0,76.0
40,60,5.0,0.0,2.0,[39 41],54.0,76.0,76.0,56.0,64.0,37.0,32.0,36.0,38.0,34.0
40,61,5.0,0.0,2.0,[39 41],38.0,34.0,64.0,37.0,54.0,76.0,38.0,44.0,32.0,36.0
40,62,5.0,0.0,2.0,[39 41],32.0,36.0,54.0,76.0,38.0,34.0,61.0,41.0,38.0,44.0
40,63,5.0,0.0,2.0,[39 41],38.0,44.0,38.0,34.0,32.0,36.0,31.0,29.0,61.0,41.0
40,64,5.0,0.0,2.0,[39 41],61.0,41.0,32.0,36.0,38.0,44.0,33.0,43.0,31.0,29.0
40,65,5.0,0.0,2.0,[39 41],31.0,29.0,38.0,44.0,61.0,41.0,37.0,25.0,33.0,43.0
40,66,5.0,0.0,2.0,[39 41],33.0,43.0,61.0,41.0,31.0,29.0,45.0,28.0,37.0,25.0
40,67,5.0,0.0,2.0,[39 41],37.0,25.0,31.0,29.0,33.0,43.0,52.0,25.0,45.0,28.0
40,68,5.0,0.0,2.0,[39 41],45.0,28.0,33.0,43.0,37.0,25.0,45.0,35.0,52.0,25.0
40,69,5.0,0.0,2.0,[39 41],52.0,25.0,37.0,25.0,45.0,28.0,52.0,20.0,45.0,35.0
40,70,5.0,0.0,2.0,[39 41],45.0,35.0,45.0,28.0,52.0,25.0,44.0,42.0,52.0,20.0
40,71,5.0,0.0,2.0,[39 41],52.0,20.0,52.0,25.0,45.0,35.0,44.0,34.0,44.0,42.0
40,72,5.0,0.0,2.0,[39 41],44.0,42.0,45.0,35.0,52.0,20.0,34.0,38.0,44.0,34.0
40,73,5.0,0.0,2.0,[39 41],44.0,34.0,52.0,20.0,44.0,42.0,45.0,36.0,34.0,38.0
40,74,5.0,0.0,2.0,[39 41],34.0,38.0,44.0,42.0,44.0,34.0,34.0,54.0,45.0,36.0
40,75,5.0,0.0,2.0,[39 41],45.0,36.0,44.0,34.0,34.0,38.0,42.0,44.0,34.0,54.0
40,76,5.0,0.0,2.0,[39 41],34.0,54.0,34.0,38.0,45.0,36.0,35.0,41.0,42.0,44.0
40,77,5.0,0.0,2.0,[39 41],42.0,44.0,45.0,36.0,34.0,54.0,38.0,35.0,35.0,41.0
40,78,5.0,0.0,2.0,[39 41],35.0,41.0,34.0,54.0,42.0,44.0,45.0,39.0,38.0,35.0
40,79,5.0,0.0,2.0,[39 41],38.0,35.0,42.0,44.0,35.0,41.0,34.0,52.0,45.0,39.0
40,80,5.0,0.0,2.0,[39 41],45.0,39.0,35.0,41.0,38.0,35.0,34.0,55.0,34.0,52.0
40,81,5.0,0.0,2.0,[39 41],34.0,52.0,38.0,35.0,45.0,39.0,32.0,49.0,34.0,55.0
40,82,5.0,0.0,2.0,[39 41],34.0,55.0,45.0,39.0,34.0,52.0,33.0,43.0,32.0,49.0
40,83,5.0,0.0,2.0,[39 41],32.0,49.0,34.0,52.0,34.0,55.0,37.0,50.0,33.0,43.0
40,84,5.0,0.0,2.0,[39 41],33.0,43.0,34.0,55.0,32.0,49.0,23.0,30.0,37.0,50.0
40,85,5.0,0.0,2.0,[39 41],37.0,50.0,32.0,49.0,33.0,43.0,37.0,29.0,23.0,30.0
40,86,5.0,0.0,2.0,[39 41],23.0,30.0,33.0,43.0,37.0,50.0,116.0,46.0,37.0,29.0
40,87,5.0,0.0,2.0,[39 41],37.0,29.0,37.0,50.0,23.0,30.0,103.0,48.0,116.0,46.0
40,88,5.0,0.0,2.0,[39 41],116.0,46.0,23.0,30.0,37.0,29.0,108.0,42.0,103.0,48.0
40,89,5.0,0.0,2.0,[39 41],103.0,48.0,37.0,29.0,116.0,46.0,164.0,46.0,108.0,42.0
40,90,5.0,0.0,2.0,[39 41],108.0,42.0,116.0,46.0,103.0,48.0,99.0,46.0,164.0,46.0
40,91,5.0,0.0,2.0,[39 41],164.0,46.0,103.0,48.0,108.0,42.0,58.0,33.0,99.0,46.0
40,92,5.0,0.0,2.0,[39 41],99.0,46.0,108.0,42.0,164.0,46.0,54.0,44.0,58.0,33.0
40,93,5.0,0.0,2.0,[39 41],58.0,33.0,164.0,46.0,99.0,46.0,55.0,53.0,54.0,44.0
40,94,5.0,0.0,2.0,[39 41],54.0,44.0,99.0,46.0,58.0,33.0,64.0,47.0,55.0,53.0
40,95,5.0,0.0,2.0,[39 41],55.0,53.0,58.0,33.0,54.0,44.0,64.0,60.0,64.0,47.0
40,96,5.0,0.0,2.0,[39 41],64.0,47.0,54.0,44.0,55.0,53.0,66.0,63.0,64.0,60.0
40,97,5.0,0.0,2.0,[39 41],64.0,60.0,55.0,53.0,64.0,47.0,61.0,50.0,66.0,63.0
40,98,5.0,0.0,2.0,[39 41],66.0,63.0,64.0,47.0,64.0,60.0,72.0,57.0,61.0,50.0
40,99,5.0,0.0,2.0,[39 41],61.0,50.0,64.0,60.0,66.0,63.0,80.0,37.0,72.0,57.0
40,100,5.0,0.0,2.0,[39 41],72.0,57.0,66.0,63.0,61.0,50.0,156.0,64.0,80.0,37.0
40,101,5.0,0.0,2.0,[39 41],80.0,37.0,61.0,50.0,72.0,57.0,196.0,64.0,156.0,64.0
40,102,5.0,0.0,2.0,[39 41],156.0,64.0,72.0,57.0,80.0,37.0,197.0,83.0,196.0,64.0
40,103,5.0,0.0,2.0,[39 41],196.0,64.0,80.0,37.0,156.0,64.0,189.0,93.0,197.0,83.0
40,104,5.0,0.0,2.0,[39 41],197.0,83.0,156.0,64.0,196.0,64.0,206.0,82.0,189.0,93.0
40,105,5.0,0.0,2.0,[39 41],189.0,93.0,196.0,64.0,197.0,83.0,145.0,115.0,206.0,82.0
40,106,5.0,0.0,2.0,[39 41],206.0,82.0,197.0,83.0,189.0,93.0,127.0,108.0,145.0,115.0
40,107,5.0,0.0,2.0,[39 41],145.0,115.0,189.0,93.0,206.0,82.0,123.0,160.0,127.0,108.0
40,108,5.0,0.0,2.0,[39 41],127.0,108.0,206.0,82.0,145.0,115.0,118.0,123.0,123.0,160.0
40,109,5.0,0.0,2.0,[39 41],123.0,160.0,145.0,115.0,127.0,108.0,80.0,116.0,118.0,123.0
40,110,5.0,0.0,2.0,[39 41],118.0,123.0,127.0,108.0,123.0,160.0,89.0,142.0,80.0,116.0
40,111,5.0,0.0,2.0,[39 41],80.0,116.0,123.0,160.0,118.0,123.0,63.0,68.0,89.0,142.0
40,112,5.0,0.0,2.0,[39 41],89.0,142.0,118.0,123.0,80.0,116.0,58.0,71.0,63.0,68.0
40,113,5.0,0.0,2.0,[39 41],63.0,68.0,80.0,116.0,89.0,142.0,61.0,71.0,58.0,71.0
40,114,5.0,0.0,2.0,[39 41],58.0,71.0,89.0,142.0,63.0,68.0,49.0,72.0,61.0,71.0
40,115,5.0,0.0,2.0,[39 41],61.0,71.0,63.0,68.0,58.0,71.0,39.0,65.0,49.0,72.0
40,116,5.0,0.0,2.0,[39 41],49.0,72.0,58.0,71.0,61.0,71.0,35.0,89.0,39.0,65.0
40,117,5.0,0.0,2.0,[39 41],39.0,65.0,61.0,71.0,49.0,72.0,18.0,48.0,35.0,89.0
40,118,5.0,0.0,2.0,[39 41],35.0,89.0,49.0,72.0,39.0,65.0,36.0,56.0,18.0,48.0
40,119,5.0,0.0,2.0,[39 41],18.0,48.0,39.0,65.0,35.0,89.0,42.0,43.0,36.0,56.0
40,120,5.0,0.0,2.0,[39 41],36.0,56.0,35.0,89.0,18.0,48.0,45.0,78.0,42.0,43.0
40,121,5.0,0.0,2.0,[39 41],42.0,43.0,18.0,48.0,36.0,56.0,46.0,38.0,45.0,78.0
40,122,5.0,0.0,2.0,[39 41],45.0,78.0,36.0,56.0,42.0,43.0,27.0,61.0,46.0,38.0
40,123,5.0,0.0,2.0,[39 41],46.0,38.0,42.0,43.0,45.0,78.0,24.0,75.0,27.0,61.0
40,124,5.0,0.0,2.0,[39 41],27.0,61.0,45.0,78.0,46.0,38.0,28.0,30.0,24.0,75.0
40,125,5.0,0.0,2.0,[39 41],24.0,75.0,46.0,38.0,27.0,61.0,26.0,78.0,28.0,30.0
40,126,5.0,0.0,2.0,[39 41],28.0,30.0,27.0,61.0,24.0,75.0,23.0,48.0,26.0,78.0
40,127,5.0,0.0,2.0,[39 41],26.0,78.0,24.0,75.0,28.0,30.0,21.0,59.0,23.0,48.0
40,128,5.0,0.0,2.0,[39 41],23.0,48.0,28.0,30.0,26.0,78.0,22.0,31.0,21.0,59.0
40,129,5.0,0.0,2.0,[39 41],21.0,59.0,26.0,78.0,23.0,48.0,21.0,60.0,22.0,31.0
40,130,5.0,0.0,2.0,[39 41],22.0,31.0,23.0,48.0,21.0,59.0,14.0,42.0,21.0,60.0
40,131,5.0,0.0,2.0,[39 41],21.0,60.0,21.0,59.0,22.0,31.0,12.0,46.0,14.0,42.0
40,132,5.0,0.0,2.0,[39 41],14.0,42.0,22.0,31.0,21.0,60.0,15.0,17.0,12.0,46.0
40,133,5.0,0.0,2.0,[39 41],12.0,46.0,21.0,60.0,14.0,42.0,10.0,39.0,15.0,17.0
40,134,5.0,0.0,2.0,[39 41],15.0,17.0,14.0,42.0,12.0,46.0,5.0,42.0,10.0,39.0
40,135,5.0,0.0,2.0,[39 41],10.0,39.0,12.0,46.0,15.0,17.0,9.0,27.0,5.0,42.0
40,136,5.0,0.0,2.0,[39 41],5.0,42.0,15.0,17.0,10.0,39.0,3.0,21.0,9.0,27.0
40,137,5.0,0.0,2.0,[39 41],9.0,27.0,10.0,39.0,5.0,42.0,0.0,25.0,3.0,21.0
40,138,5.0,0.0,2.0,[39 41],3.0,21.0,5.0,42.0,9.0,27.0,1.0,12.0,0.0,25.0
40,139,5.0,0.0,2.0,[39 41],0.0,25.0,9.0,27.0,3.0,21.0,0.0,10.0,1.0,12.0
40,140,5.0,0.0,2.0,[39 41],1.0,12.0,3.0,21.0,0.0,25.0,0.0,2.0,0.0,10.0
40,141,5.0,0.0,2.0,[39 41],0.0,10.0,0.0,25.0,1.0,12.0,0.0,0.0,0.0,2.0
40,142,5.0,0.0,2.0,[39 41],0.0,2.0,1.0,12.0,0.0,10.0,0.0,0.0,0.0,0.0
40,143,5.0,0.0,2.0,[39 41],0.0,0.0,0.0,10.0,0.0,2.0,0.0,0.0,0.0,0.0
41,0,5.0,0.0,2.0,[40 42],0.0,0.0,0.0,0.0,0.0,0.0,0.0,0.0,0.0,0.0
41,1,5.0,0.0,2.0,[40 42],0.0,0.0,0.0,0.0,0.0,0.0,0.0,0.0,0.0,0.0
41,2,5.0,0.0,2.0,[40 42],0.0,0.0,0.0,0.0,0.0,0.0,0.0,0.0,0.0,0.0
41,3,5.0,0.0,2.0,[40 42],0.0,0.0,0.0,0.0,0.0,0.0,0.0,0.0,0.0,0.0
41,4,5.0,0.0,2.0,[40 42],0.0,0.0,0.0,0.0,0.0,0.0,0.0,0.0,0.0,0.0
41,5,5.0,0.0,2.0,[40 42],0.0,0.0,0.0,0.0,0.0,0.0,0.0,0.0,0.0,0.0
41,6,5.0,0.0,2.0,[40 42],0.0,0.0,0.0,0.0,0.0,0.0,2.0,0.0,0.0,0.0
41,7,5.0,0.0,2.0,[40 42],0.0,0.0,0.0,0.0,0.0,0.0,1.0,1.0,2.0,0.0
41,8,5.0,0.0,2.0,[40 42],2.0,0.0,0.0,0.0,0.0,0.0,0.0,0.0,1.0,1.0
41,9,5.0,0.0,2.0,[40 42],1.0,1.0,0.0,0.0,2.0,0.0,0.0,0.0,0.0,0.0
41,10,5.0,0.0,2.0,[40 42],0.0,0.0,2.0,0.0,1.0,1.0,0.0,0.0,0.0,0.0
41,11,5.0,0.0,2.0,[40 42],0.0,0.0,1.0,1.0,0.0,0.0,0.0,0.0,0.0,0.0
41,12,5.0,0.0,2.0,[40 42],0.0,0.0,0.0,0.0,0.0,0.0,0.0,0.0,0.0,0.0
41,13,5.0,0.0,2.0,[40 42],0.0,0.0,0.0,0.0,0.0,0.0,0.0,1.0,0.0,0.0
41,14,5.0,0.0,2.0,[40 42],0.0,0.0,0.0,0.0,0.0,0.0,0.0,0.0,0.0,1.0
41,15,5.0,0.0,2.0,[40 42],0.0,1.0,0.0,0.0,0.0,0.0,0.0,0.0,0.0,0.0
41,16,5.0,0.0,2.0,[40 42],0.0,0.0,0.0,0.0,0.0,1.0,0.0,0.0,0.0,0.0
41,17,5.0,0.0,2.0,[40 42],0.0,0.0,0.0,1.0,0.0,0.0,0.0,0.0,0.0,0.0
41,18,5.0,0.0,2.0,[40 42],0.0,0.0,0.0,0.0,0.0,0.0,0.0,0.0,0.0,0.0
41,19,5.0,0.0,2.0,[40 42],0.0,0.0,0.0,0.0,0.0,0.0,0.0,0.0,0.0,0.0
41,20,5.0,0.0,2.0,[40 42],0.0,0.0,0.0,0.0,0.0,0.0,0.0,0.0,0.0,0.0
41,21,5.0,0.0,2.0,[40 42],0.0,0.0,0.0,0.0,0.0,0.0,0.0,0.0,0.0,0.0
41,22,5.0,0.0,2.0,[40 42],0.0,0.0,0.0,0.0,0.0,0.0,0.0,0.0,0.0,0.0
41,23,5.0,0.0,2.0,[40 42],0.0,0.0,0.0,0.0,0.0,0.0,0.0,0.0,0.0,0.0
41,24,5.0,0.0,2.0,[40 42],0.0,0.0,0.0,0.0,0.0,0.0,0.0,0.0,0.0,0.0
41,25,5.0,0.0,2.0,[40 42],0.0,0.0,0.0,0.0,0.0,0.0,2.0,0.0,0.0,0.0
41,26,5.0,0.0,2.0,[40 42],0.0,0.0,0.0,0.0,0.0,0.0,0.0,2.0,2.0,0.0
41,27,5.0,0.0,2.0,[40 42],2.0,0.0,0.0,0.0,0.0,0.0,0.0,0.0,0.0,2.0
41,28,5.0,0.0,2.0,[40 42],0.0,2.0,0.0,0.0,2.0,0.0,0.0,0.0,0.0,0.0
41,29,5.0,0.0,2.0,[40 42],0.0,0.0,2.0,0.0,0.0,2.0,0.0,0.0,0.0,0.0
41,30,5.0,0.0,2.0,[40 42],0.0,0.0,0.0,2.0,0.0,0.0,0.0,0.0,0.0,0.0
41,31,5.0,0.0,2.0,[40 42],0.0,0.0,0.0,0.0,0.0,0.0,0.0,0.0,0.0,0.0
41,32,5.0,0.0,2.0,[40 42],0.0,0.0,0.0,0.0,0.0,0.0,0.0,0.0,0.0,0.0
41,33,5.0,0.0,2.0,[40 42],0.0,0.0,0.0,0.0,0.0,0.0,11.0,1.0,0.0,0.0
41,34,5.0,0.0,2.0,[40 42],0.0,0.0,0.0,0.0,0.0,0.0,14.0,0.0,11.0,1.0
41,35,5.0,0.0,2.0,[40 42],11.0,1.0,0.0,0.0,0.0,0.0,23.0,2.0,14.0,0.0
41,36,5.0,0.0,2.0,[40 42],14.0,0.0,0.0,0.0,11.0,1.0,37.0,7.0,23.0,2.0
41,37,5.0,0.0,2.0,[40 42],23.0,2.0,11.0,1.0,14.0,0.0,33.0,9.0,37.0,7.0
41,38,5.0,0.0,2.0,[40 42],37.0,7.0,14.0,0.0,23.0,2.0,37.0,7.0,33.0,9.0
41,39,5.0,0.0,2.0,[40 42],33.0,9.0,23.0,2.0,37.0,7.0,61.0,24.0,37.0,7.0
41,40,5.0,0.0,2.0,[40 42],37.0,7.0,37.0,7.0,33.0,9.0,84.0,22.0,61.0,24.0
41,41,5.0,0.0,2.0,[40 42],61.0,24.0,33.0,9.0,37.0,7.0,110.0,31.0,84.0,22.0
41,42,5.0,0.0,2.0,[40 42],84.0,22.0,37.0,7.0,61.0,24.0,128.0,73.0,110.0,31.0
41,43,5.0,0.0,2.0,[40 42],110.0,31.0,61.0,24.0,84.0,22.0,188.0,150.0,128.0,73.0
41,44,5.0,0.0,2.0,[40 42],128.0,73.0,84.0,22.0,110.0,31.0,225.0,169.0,188.0,150.0
41,45,5.0,0.0,2.0,[40 42],188.0,150.0,110.0,31.0,128.0,73.0,309.0,229.0,225.0,169.0
41,46,5.0,0.0,2.0,[40 42],225.0,169.0,128.0,73.0,188.0,150.0,309.0,191.0,309.0,229.0
41,47,5.0,0.0,2.0,[40 42],309.0,229.0,188.0,150.0,225.0,169.0,314.0,245.0,309.0,191.0
41,48,5.0,0.0,2.0,[40 42],309.0,191.0,225.0,169.0,309.0,229.0,366.0,266.0,314.0,245.0
41,49,5.0,0.0,2.0,[40 42],314.0,245.0,309.0,229.0,309.0,191.0,276.0,258.0,366.0,266.0
41,50,5.0,0.0,2.0,[40 42],366.0,266.0,309.0,191.0,314.0,245.0,253.0,301.0,276.0,258.0
41,51,5.0,0.0,2.0,[40 42],276.0,258.0,314.0,245.0,366.0,266.0,205.0,207.0,253.0,301.0
41,52,5.0,0.0,2.0,[40 42],253.0,301.0,366.0,266.0,276.0,258.0,131.0,183.0,205.0,207.0
41,53,5.0,0.0,2.0,[40 42],205.0,207.0,276.0,258.0,253.0,301.0,118.0,123.0,131.0,183.0
41,54,5.0,0.0,2.0,[40 42],131.0,183.0,253.0,301.0,205.0,207.0,99.0,118.0,118.0,123.0
41,55,5.0,0.0,2.0,[40 42],118.0,123.0,205.0,207.0,131.0,183.0,74.0,71.0,99.0,118.0
41,56,5.0,0.0,2.0,[40 42],99.0,118.0,131.0,183.0,118.0,123.0,92.0,109.0,74.0,71.0
41,57,5.0,0.0,2.0,[40 42],74.0,71.0,118.0,123.0,99.0,118.0,52.0,83.0,92.0,109.0
41,58,5.0,0.0,2.0,[40 42],92.0,109.0,99.0,118.0,74.0,71.0,58.0,49.0,52.0,83.0
41,59,5.0,0.0,2.0,[40 42],52.0,83.0,74.0,71.0,92.0,109.0,63.0,69.0,58.0,49.0
41,60,5.0,0.0,2.0,[40 42],58.0,49.0,92.0,109.0,52.0,83.0,51.0,54.0,63.0,69.0
41,61,5.0,0.0,2.0,[40 42],63.0,69.0,52.0,83.0,58.0,49.0,49.0,51.0,51.0,54.0
41,62,5.0,0.0,2.0,[40 42],51.0,54.0,58.0,49.0,63.0,69.0,42.0,45.0,49.0,51.0
41,63,5.0,0.0,2.0,[40 42],49.0,51.0,63.0,69.0,51.0,54.0,57.0,71.0,42.0,45.0
41,64,5.0,0.0,2.0,[40 42],42.0,45.0,51.0,54.0,49.0,51.0,63.0,37.0,57.0,71.0
41,65,5.0,0.0,2.0,[40 42],57.0,71.0,49.0,51.0,42.0,45.0,70.0,50.0,63.0,37.0
41,66,5.0,0.0,2.0,[40 42],63.0,37.0,42.0,45.0,57.0,71.0,52.0,56.0,70.0,50.0
41,67,5.0,0.0,2.0,[40 42],70.0,50.0,57.0,71.0,63.0,37.0,51.0,34.0,52.0,56.0
41,68,5.0,0.0,2.0,[40 42],52.0,56.0,63.0,37.0,70.0,50.0,57.0,61.0,51.0,34.0
41,69,5.0,0.0,2.0,[40 42],51.0,34.0,70.0,50.0,52.0,56.0,60.0,61.0,57.0,61.0
41,70,5.0,0.0,2.0,[40 42],57.0,61.0,52.0,56.0,51.0,34.0,56.0,65.0,60.0,61.0
41,71,5.0,0.0,2.0,[40 42],60.0,61.0,51.0,34.0,57.0,61.0,57.0,47.0,56.0,65.0
41,72,5.0,0.0,2.0,[40 42],56.0,65.0,57.0,61.0,60.0,61.0,65.0,53.0,57.0,47.0
41,73,5.0,0.0,2.0,[40 42],57.0,47.0,60.0,61.0,56.0,65.0,63.0,58.0,65.0,53.0
41,74,5.0,0.0,2.0,[40 42],65.0,53.0,56.0,65.0,57.0,47.0,60.0,50.0,63.0,58.0
41,75,5.0,0.0,2.0,[40 42],63.0,58.0,57.0,47.0,65.0,53.0,74.0,45.0,60.0,50.0
41,76,5.0,0.0,2.0,[40 42],60.0,50.0,65.0,53.0,63.0,58.0,74.0,66.0,74.0,45.0
41,77,5.0,0.0,2.0,[40 42],74.0,45.0,63.0,58.0,60.0,50.0,54.0,61.0,74.0,66.0
41,78,5.0,0.0,2.0,[40 42],74.0,66.0,60.0,50.0,74.0,45.0,73.0,73.0,54.0,61.0
41,79,5.0,0.0,2.0,[40 42],54.0,61.0,74.0,45.0,74.0,66.0,52.0,52.0,73.0,73.0
41,80,5.0,0.0,2.0,[40 42],73.0,73.0,74.0,66.0,54.0,61.0,44.0,57.0,52.0,52.0
41,81,5.0,0.0,2.0,[40 42],52.0,52.0,54.0,61.0,73.0,73.0,51.0,45.0,44.0,57.0
41,82,5.0,0.0,2.0,[40 42],44.0,57.0,73.0,73.0,52.0,52.0,54.0,69.0,51.0,45.0
41,83,5.0,0.0,2.0,[40 42],51.0,45.0,52.0,52.0,44.0,57.0,74.0,52.0,54.0,69.0
41,84,5.0,0.0,2.0,[40 42],54.0,69.0,44.0,57.0,51.0,45.0,59.0,45.0,74.0,52.0
41,85,5.0,0.0,2.0,[40 42],74.0,52.0,51.0,45.0,54.0,69.0,47.0,69.0,59.0,45.0
41,86,5.0,0.0,2.0,[40 42],59.0,45.0,54.0,69.0,74.0,52.0,69.0,61.0,47.0,69.0
41,87,5.0,0.0,2.0,[40 42],47.0,69.0,74.0,52.0,59.0,45.0,60.0,53.0,69.0,61.0
41,88,5.0,0.0,2.0,[40 42],69.0,61.0,59.0,45.0,47.0,69.0,64.0,85.0,60.0,53.0
41,89,5.0,0.0,2.0,[40 42],60.0,53.0,47.0,69.0,69.0,61.0,73.0,73.0,64.0,85.0
41,90,5.0,0.0,2.0,[40 42],64.0,85.0,69.0,61.0,60.0,53.0,73.0,74.0,73.0,73.0
41,91,5.0,0.0,2.0,[40 42],73.0,73.0,60.0,53.0,64.0,85.0,61.0,65.0,73.0,74.0
41,92,5.0,0.0,2.0,[40 42],73.0,74.0,64.0,85.0,73.0,73.0,69.0,96.0,61.0,65.0
41,93,5.0,0.0,2.0,[40 42],61.0,65.0,73.0,73.0,73.0,74.0,90.0,73.0,69.0,96.0
41,94,5.0,0.0,2.0,[40 42],69.0,96.0,73.0,74.0,61.0,65.0,89.0,84.0,90.0,73.0
41,95,5.0,0.0,2.0,[40 42],90.0,73.0,61.0,65.0,69.0,96.0,80.0,94.0,89.0,84.0
41,96,5.0,0.0,2.0,[40 42],89.0,84.0,69.0,96.0,90.0,73.0,88.0,79.0,80.0,94.0
41,97,5.0,0.0,2.0,[40 42],80.0,94.0,90.0,73.0,89.0,84.0,86.0,89.0,88.0,79.0
41,98,5.0,0.0,2.0,[40 42],88.0,79.0,89.0,84.0,80.0,94.0,80.0,78.0,86.0,89.0
41,99,5.0,0.0,2.0,[40 42],86.0,89.0,80.0,94.0,88.0,79.0,96.0,99.0,80.0,78.0
41,100,5.0,0.0,2.0,[40 42],80.0,78.0,88.0,79.0,86.0,89.0,208.0,85.0,96.0,99.0
41,101,5.0,0.0,2.0,[40 42],96.0,99.0,86.0,89.0,80.0,78.0,296.0,118.0,208.0,85.0
41,102,5.0,0.0,2.0,[40 42],208.0,85.0,80.0,78.0,96.0,99.0,236.0,167.0,296.0,118.0
41,103,5.0,0.0,2.0,[40 42],296.0,118.0,96.0,99.0,208.0,85.0,221.0,170.0,236.0,167.0
41,104,5.0,0.0,2.0,[40 42],236.0,167.0,208.0,85.0,296.0,118.0,263.0,127.0,221.0,170.0
41,105,5.0,0.0,2.0,[40 42],221.0,170.0,296.0,118.0,236.0,167.0,202.0,282.0,263.0,127.0
41,106,5.0,0.0,2.0,[40 42],263.0,127.0,236.0,167.0,221.0,170.0,183.0,183.0,202.0,282.0
41,107,5.0,0.0,2.0,[40 42],202.0,282.0,221.0,170.0,263.0,127.0,190.0,174.0,183.0,183.0
41,108,5.0,0.0,2.0,[40 42],183.0,183.0,263.0,127.0,202.0,282.0,188.0,201.0,190.0,174.0
41,109,5.0,0.0,2.0,[40 42],190.0,174.0,202.0,282.0,183.0,183.0,176.0,285.0,188.0,201.0
41,110,5.0,0.0,2.0,[40 42],188.0,201.0,183.0,183.0,190.0,174.0,100.0,170.0,176.0,285.0
41,111,5.0,0.0,2.0,[40 42],176.0,285.0,190.0,174.0,188.0,201.0,152.0,216.0,100.0,170.0
41,112,5.0,0.0,2.0,[40 42],100.0,170.0,188.0,201.0,176.0,285.0,91.0,161.0,152.0,216.0
41,113,5.0,0.0,2.0,[40 42],152.0,216.0,176.0,285.0,100.0,170.0,102.0,119.0,91.0,161.0
41,114,5.0,0.0,2.0,[40 42],91.0,161.0,100.0,170.0,152.0,216.0,84.0,151.0,102.0,119.0
41,115,5.0,0.0,2.0,[40 42],102.0,119.0,152.0,216.0,91.0,161.0,74.0,115.0,84.0,151.0
41,116,5.0,0.0,2.0,[40 42],84.0,151.0,91.0,161.0,102.0,119.0,68.0,105.0,74.0,115.0
41,117,5.0,0.0,2.0,[40 42],74.0,115.0,102.0,119.0,84.0,151.0,69.0,145.0,68.0,105.0
41,118,5.0,0.0,2.0,[40 42],68.0,105.0,84.0,151.0,74.0,115.0,78.0,124.0,69.0,145.0
41,119,5.0,0.0,2.0,[40 42],69.0,145.0,74.0,115.0,68.0,105.0,71.0,83.0,78.0,124.0
41,120,5.0,0.0,2.0,[40 42],78.0,124.0,68.0,105.0,69.0,145.0,84.0,111.0,71.0,83.0
41,121,5.0,0.0,2.0,[40 42],71.0,83.0,69.0,145.0,78.0,124.0,90.0,116.0,84.0,111.0
41,122,5.0,0.0,2.0,[40 42],84.0,111.0,78.0,124.0,71.0,83.0,86.0,104.0,90.0,116.0
41,123,5.0,0.0,2.0,[40 42],90.0,116.0,71.0,83.0,84.0,111.0,61.0,127.0,86.0,104.0
41,124,5.0,0.0,2.0,[40 42],86.0,104.0,84.0,111.0,90.0,116.0,49.0,145.0,61.0,127.0
41,125,5.0,0.0,2.0,[40 42],61.0,127.0,90.0,116.0,86.0,104.0,51.0,102.0,49.0,145.0
41,126,5.0,0.0,2.0,[40 42],49.0,145.0,86.0,104.0,61.0,127.0,48.0,101.0,51.0,102.0
41,127,5.0,0.0,2.0,[40 42],51.0,102.0,61.0,127.0,49.0,145.0,51.0,127.0,48.0,101.0
41,128,5.0,0.0,2.0,[40 42],48.0,101.0,49.0,145.0,51.0,102.0,36.0,82.0,51.0,127.0
41,129,5.0,0.0,2.0,[40 42],51.0,127.0,51.0,102.0,48.0,101.0,33.0,87.0,36.0,82.0
41,130,5.0,0.0,2.0,[40 42],36.0,82.0,48.0,101.0,51.0,127.0,31.0,87.0,33.0,87.0
41,131,5.0,0.0,2.0,[40 42],33.0,87.0,51.0,127.0,36.0,82.0,23.0,88.0,31.0,87.0
41,132,5.0,0.0,2.0,[40 42],31.0,87.0,36.0,82.0,33.0,87.0,24.0,114.0,23.0,88.0
41,133,5.0,0.0,2.0,[40 42],23.0,88.0,33.0,87.0,31.0,87.0,22.0,61.0,24.0,114.0
41,134,5.0,0.0,2.0,[40 42],24.0,114.0,31.0,87.0,23.0,88.0,20.0,80.0,22.0,61.0
41,135,5.0,0.0,2.0,[40 42],22.0,61.0,23.0,88.0,24.0,114.0,5.0,54.0,20.0,80.0
41,136,5.0,0.0,2.0,[40 42],20.0,80.0,24.0,114.0,22.0,61.0,6.0,41.0,5.0,54.0
41,137,5.0,0.0,2.0,[40 42],5.0,54.0,22.0,61.0,20.0,80.0,5.0,31.0,6.0,41.0
41,138,5.0,0.0,2.0,[40 42],6.0,41.0,20.0,80.0,5.0,54.0,0.0,28.0,5.0,31.0
41,139,5.0,0.0,2.0,[40 42],5.0,31.0,5.0,54.0,6.0,41.0,3.0,16.0,0.0,28.0
41,140,5.0,0.0,2.0,[40 42],0.0,28.0,6.0,41.0,5.0,31.0,1.0,12.0,3.0,16.0
41,141,5.0,0.0,2.0,[40 42],3.0,16.0,5.0,31.0,0.0,28.0,0.0,0.0,1.0,12.0
41,142,5.0,0.0,2.0,[40 42],1.0,12.0,0.0,28.0,3.0,16.0,0.0,0.0,0.0,0.0
41,143,5.0,0.0,2.0,[40 42],0.0,0.0,3.0,16.0,1.0,12.0,0.0,0.0,0.0,0.0
42,0,5.0,0.0,2.0,[41 43],0.0,0.0,0.0,0.0,0.0,0.0,0.0,0.0,0.0,0.0
42,1,5.0,0.0,2.0,[41 43],0.0,0.0,0.0,0.0,0.0,0.0,4.0,1.0,0.0,0.0
42,2,5.0,0.0,2.0,[41 43],0.0,0.0,0.0,0.0,0.0,0.0,1.0,4.0,4.0,1.0
42,3,5.0,0.0,2.0,[41 43],4.0,1.0,0.0,0.0,0.0,0.0,2.0,0.0,1.0,4.0
42,4,5.0,0.0,2.0,[41 43],1.0,4.0,0.0,0.0,4.0,1.0,7.0,2.0,2.0,0.0
42,5,5.0,0.0,2.0,[41 43],2.0,0.0,4.0,1.0,1.0,4.0,1.0,0.0,7.0,2.0
42,6,5.0,0.0,2.0,[41 43],7.0,2.0,1.0,4.0,2.0,0.0,0.0,1.0,1.0,0.0
42,7,5.0,0.0,2.0,[41 43],1.0,0.0,2.0,0.0,7.0,2.0,0.0,0.0,0.0,1.0
42,8,5.0,0.0,2.0,[41 43],0.0,1.0,7.0,2.0,1.0,0.0,0.0,0.0,0.0,0.0
42,9,5.0,0.0,2.0,[41 43],0.0,0.0,1.0,0.0,0.0,1.0,0.0,0.0,0.0,0.0
42,10,5.0,0.0,2.0,[41 43],0.0,0.0,0.0,1.0,0.0,0.0,0.0,0.0,0.0,0.0
42,11,5.0,0.0,2.0,[41 43],0.0,0.0,0.0,0.0,0.0,0.0,0.0,0.0,0.0,0.0
42,12,5.0,0.0,2.0,[41 43],0.0,0.0,0.0,0.0,0.0,0.0,0.0,0.0,0.0,0.0
42,13,5.0,0.0,2.0,[41 43],0.0,0.0,0.0,0.0,0.0,0.0,1.0,1.0,0.0,0.0
42,14,5.0,0.0,2.0,[41 43],0.0,0.0,0.0,0.0,0.0,0.0,0.0,0.0,1.0,1.0
42,15,5.0,0.0,2.0,[41 43],1.0,1.0,0.0,0.0,0.0,0.0,0.0,0.0,0.0,0.0
42,16,5.0,0.0,2.0,[41 43],0.0,0.0,0.0,0.0,1.0,1.0,0.0,0.0,0.0,0.0
42,17,5.0,0.0,2.0,[41 43],0.0,0.0,1.0,1.0,0.0,0.0,0.0,0.0,0.0,0.0
42,18,5.0,0.0,2.0,[41 43],0.0,0.0,0.0,0.0,0.0,0.0,0.0,0.0,0.0,0.0
42,19,5.0,0.0,2.0,[41 43],0.0,0.0,0.0,0.0,0.0,0.0,0.0,2.0,0.0,0.0
42,20,5.0,0.0,2.0,[41 43],0.0,0.0,0.0,0.0,0.0,0.0,0.0,4.0,0.0,2.0
42,21,5.0,0.0,2.0,[41 43],0.0,2.0,0.0,0.0,0.0,0.0,1.0,1.0,0.0,4.0
42,22,5.0,0.0,2.0,[41 43],0.0,4.0,0.0,0.0,0.0,2.0,0.0,0.0,1.0,1.0
42,23,5.0,0.0,2.0,[41 43],1.0,1.0,0.0,2.0,0.0,4.0,3.0,1.0,0.0,0.0
42,24,5.0,0.0,2.0,[41 43],0.0,0.0,0.0,4.0,1.0,1.0,0.0,0.0,3.0,1.0
42,25,5.0,0.0,2.0,[41 43],3.0,1.0,1.0,1.0,0.0,0.0,2.0,0.0,0.0,0.0
42,26,5.0,0.0,2.0,[41 43],0.0,0.0,0.0,0.0,3.0,1.0,0.0,2.0,2.0,0.0
42,27,5.0,0.0,2.0,[41 43],2.0,0.0,3.0,1.0,0.0,0.0,0.0,0.0,0.0,2.0
42,28,5.0,0.0,2.0,[41 43],0.0,2.0,0.0,0.0,2.0,0.0,1.0,1.0,0.0,0.0
42,29,5.0,0.0,2.0,[41 43],0.0,0.0,2.0,0.0,0.0,2.0,0.0,0.0,1.0,1.0
42,30,5.0,0.0,2.0,[41 43],1.0,1.0,0.0,2.0,0.0,0.0,0.0,0.0,0.0,0.0
42,31,5.0,0.0,2.0,[41 43],0.0,0.0,0.0,0.0,1.0,1.0,0.0,0.0,0.0,0.0
42,32,5.0,0.0,2.0,[41 43],0.0,0.0,1.0,1.0,0.0,0.0,5.0,0.0,0.0,0.0
42,33,5.0,0.0,2.0,[41 43],0.0,0.0,0.0,0.0,0.0,0.0,17.0,1.0,5.0,0.0
42,34,5.0,0.0,2.0,[41 43],5.0,0.0,0.0,0.0,0.0,0.0,31.0,2.0,17.0,1.0
42,35,5.0,0.0,2.0,[41 43],17.0,1.0,0.0,0.0,5.0,0.0,24.0,2.0,31.0,2.0
42,36,5.0,0.0,2.0,[41 43],31.0,2.0,5.0,0.0,17.0,1.0,41.0,3.0,24.0,2.0
42,37,5.0,0.0,2.0,[41 43],24.0,2.0,17.0,1.0,31.0,2.0,46.0,7.0,41.0,3.0
42,38,5.0,0.0,2.0,[41 43],41.0,3.0,31.0,2.0,24.0,2.0,50.0,5.0,46.0,7.0
42,39,5.0,0.0,2.0,[41 43],46.0,7.0,24.0,2.0,41.0,3.0,81.0,34.0,50.0,5.0
42,40,5.0,0.0,2.0,[41 43],50.0,5.0,41.0,3.0,46.0,7.0,116.0,33.0,81.0,34.0
42,41,5.0,0.0,2.0,[41 43],81.0,34.0,46.0,7.0,50.0,5.0,191.0,65.0,116.0,33.0
42,42,5.0,0.0,2.0,[41 43],116.0,33.0,50.0,5.0,81.0,34.0,241.0,51.0,191.0,65.0
42,43,5.0,0.0,2.0,[41 43],191.0,65.0,81.0,34.0,116.0,33.0,323.0,106.0,241.0,51.0
42,44,5.0,0.0,2.0,[41 43],241.0,51.0,116.0,33.0,191.0,65.0,450.0,134.0,323.0,106.0
42,45,5.0,0.0,2.0,[41 43],323.0,106.0,191.0,65.0,241.0,51.0,499.0,140.0,450.0,134.0
42,46,5.0,0.0,2.0,[41 43],450.0,134.0,241.0,51.0,323.0,106.0,647.0,167.0,499.0,140.0
42,47,5.0,0.0,2.0,[41 43],499.0,140.0,323.0,106.0,450.0,134.0,566.0,245.0,647.0,167.0
42,48,5.0,0.0,2.0,[41 43],647.0,167.0,450.0,134.0,499.0,140.0,555.0,241.0,566.0,245.0
42,49,5.0,0.0,2.0,[41 43],566.0,245.0,499.0,140.0,647.0,167.0,559.0,203.0,555.0,241.0
42,50,5.0,0.0,2.0,[41 43],555.0,241.0,647.0,167.0,566.0,245.0,473.0,245.0,559.0,203.0
42,51,5.0,0.0,2.0,[41 43],559.0,203.0,566.0,245.0,555.0,241.0,333.0,304.0,473.0,245.0
42,52,5.0,0.0,2.0,[41 43],473.0,245.0,555.0,241.0,559.0,203.0,282.0,126.0,333.0,304.0
42,53,5.0,0.0,2.0,[41 43],333.0,304.0,559.0,203.0,473.0,245.0,204.0,78.0,282.0,126.0
42,54,5.0,0.0,2.0,[41 43],282.0,126.0,473.0,245.0,333.0,304.0,175.0,131.0,204.0,78.0
42,55,5.0,0.0,2.0,[41 43],204.0,78.0,333.0,304.0,282.0,126.0,169.0,91.0,175.0,131.0
42,56,5.0,0.0,2.0,[41 43],175.0,131.0,282.0,126.0,204.0,78.0,136.0,90.0,169.0,91.0
42,57,5.0,0.0,2.0,[41 43],169.0,91.0,204.0,78.0,175.0,131.0,107.0,78.0,136.0,90.0
42,58,5.0,0.0,2.0,[41 43],136.0,90.0,175.0,131.0,169.0,91.0,85.0,86.0,107.0,78.0
42,59,5.0,0.0,2.0,[41 43],107.0,78.0,169.0,91.0,136.0,90.0,107.0,83.0,85.0,86.0
42,60,5.0,0.0,2.0,[41 43],85.0,86.0,136.0,90.0,107.0,78.0,57.0,37.0,107.0,83.0
42,61,5.0,0.0,2.0,[41 43],107.0,83.0,107.0,78.0,85.0,86.0,103.0,66.0,57.0,37.0
42,62,5.0,0.0,2.0,[41 43],57.0,37.0,85.0,86.0,107.0,83.0,87.0,56.0,103.0,66.0
42,63,5.0,0.0,2.0,[41 43],103.0,66.0,107.0,83.0,57.0,37.0,68.0,64.0,87.0,56.0
42,64,5.0,0.0,2.0,[41 43],87.0,56.0,57.0,37.0,103.0,66.0,65.0,39.0,68.0,64.0
42,65,5.0,0.0,2.0,[41 43],68.0,64.0,103.0,66.0,87.0,56.0,73.0,90.0,65.0,39.0
42,66,5.0,0.0,2.0,[41 43],65.0,39.0,87.0,56.0,68.0,64.0,72.0,55.0,73.0,90.0
42,67,5.0,0.0,2.0,[41 43],73.0,90.0,68.0,64.0,65.0,39.0,72.0,58.0,72.0,55.0
42,68,5.0,0.0,2.0,[41 43],72.0,55.0,65.0,39.0,73.0,90.0,70.0,63.0,72.0,58.0
42,69,5.0,0.0,2.0,[41 43],72.0,58.0,73.0,90.0,72.0,55.0,76.0,61.0,70.0,63.0
42,70,5.0,0.0,2.0,[41 43],70.0,63.0,72.0,55.0,72.0,58.0,96.0,83.0,76.0,61.0
42,71,5.0,0.0,2.0,[41 43],76.0,61.0,72.0,58.0,70.0,63.0,75.0,50.0,96.0,83.0
42,72,5.0,0.0,2.0,[41 43],96.0,83.0,70.0,63.0,76.0,61.0,73.0,55.0,75.0,50.0
42,73,5.0,0.0,2.0,[41 43],75.0,50.0,76.0,61.0,96.0,83.0,90.0,83.0,73.0,55.0
42,74,5.0,0.0,2.0,[41 43],73.0,55.0,96.0,83.0,75.0,50.0,83.0,60.0,90.0,83.0
42,75,5.0,0.0,2.0,[41 43],90.0,83.0,75.0,50.0,73.0,55.0,82.0,67.0,83.0,60.0
42,76,5.0,0.0,2.0,[41 43],83.0,60.0,73.0,55.0,90.0,83.0,92.0,71.0,82.0,67.0
42,77,5.0,0.0,2.0,[41 43],82.0,67.0,90.0,83.0,83.0,60.0,92.0,69.0,92.0,71.0
42,78,5.0,0.0,2.0,[41 43],92.0,71.0,83.0,60.0,82.0,67.0,86.0,71.0,92.0,69.0
42,79,5.0,0.0,2.0,[41 43],92.0,69.0,82.0,67.0,92.0,71.0,116.0,71.0,86.0,71.0
42,80,5.0,0.0,2.0,[41 43],86.0,71.0,92.0,71.0,92.0,69.0,94.0,62.0,116.0,71.0
42,81,5.0,0.0,2.0,[41 43],116.0,71.0,92.0,69.0,86.0,71.0,86.0,85.0,94.0,62.0
42,82,5.0,0.0,2.0,[41 43],94.0,62.0,86.0,71.0,116.0,71.0,79.0,85.0,86.0,85.0
42,83,5.0,0.0,2.0,[41 43],86.0,85.0,116.0,71.0,94.0,62.0,87.0,72.0,79.0,85.0
42,84,5.0,0.0,2.0,[41 43],79.0,85.0,94.0,62.0,86.0,85.0,80.0,97.0,87.0,72.0
42,85,5.0,0.0,2.0,[41 43],87.0,72.0,86.0,85.0,79.0,85.0,105.0,78.0,80.0,97.0
42,86,5.0,0.0,2.0,[41 43],80.0,97.0,79.0,85.0,87.0,72.0,81.0,83.0,105.0,78.0
42,87,5.0,0.0,2.0,[41 43],105.0,78.0,87.0,72.0,80.0,97.0,87.0,72.0,81.0,83.0
42,88,5.0,0.0,2.0,[41 43],81.0,83.0,80.0,97.0,105.0,78.0,89.0,71.0,87.0,72.0
42,89,5.0,0.0,2.0,[41 43],87.0,72.0,105.0,78.0,81.0,83.0,93.0,107.0,89.0,71.0
42,90,5.0,0.0,2.0,[41 43],89.0,71.0,81.0,83.0,87.0,72.0,79.0,104.0,93.0,107.0
42,91,5.0,0.0,2.0,[41 43],93.0,107.0,87.0,72.0,89.0,71.0,89.0,89.0,79.0,104.0
42,92,5.0,0.0,2.0,[41 43],79.0,104.0,89.0,71.0,93.0,107.0,87.0,127.0,89.0,89.0
42,93,5.0,0.0,2.0,[41 43],89.0,89.0,93.0,107.0,79.0,104.0,88.0,132.0,87.0,127.0
42,94,5.0,0.0,2.0,[41 43],87.0,127.0,79.0,104.0,89.0,89.0,95.0,105.0,88.0,132.0
42,95,5.0,0.0,2.0,[41 43],88.0,132.0,89.0,89.0,87.0,127.0,114.0,131.0,95.0,105.0
42,96,5.0,0.0,2.0,[41 43],95.0,105.0,87.0,127.0,88.0,132.0,94.0,115.0,114.0,131.0
42,97,5.0,0.0,2.0,[41 43],114.0,131.0,88.0,132.0,95.0,105.0,124.0,105.0,94.0,115.0
42,98,5.0,0.0,2.0,[41 43],94.0,115.0,95.0,105.0,114.0,131.0,103.0,134.0,124.0,105.0
42,99,5.0,0.0,2.0,[41 43],124.0,105.0,114.0,131.0,94.0,115.0,126.0,124.0,103.0,134.0
42,100,5.0,0.0,2.0,[41 43],103.0,134.0,94.0,115.0,124.0,105.0,275.0,121.0,126.0,124.0
42,101,5.0,0.0,2.0,[41 43],126.0,124.0,124.0,105.0,103.0,134.0,254.0,159.0,275.0,121.0
42,102,5.0,0.0,2.0,[41 43],275.0,121.0,103.0,134.0,126.0,124.0,224.0,198.0,254.0,159.0
42,103,5.0,0.0,2.0,[41 43],254.0,159.0,126.0,124.0,275.0,121.0,238.0,223.0,224.0,198.0
42,104,5.0,0.0,2.0,[41 43],224.0,198.0,275.0,121.0,254.0,159.0,263.0,235.0,238.0,223.0
42,105,5.0,0.0,2.0,[41 43],238.0,223.0,254.0,159.0,224.0,198.0,169.0,345.0,263.0,235.0
42,106,5.0,0.0,2.0,[41 43],263.0,235.0,224.0,198.0,238.0,223.0,196.0,327.0,169.0,345.0
42,107,5.0,0.0,2.0,[41 43],169.0,345.0,238.0,223.0,263.0,235.0,234.0,341.0,196.0,327.0
42,108,5.0,0.0,2.0,[41 43],196.0,327.0,263.0,235.0,169.0,345.0,166.0,340.0,234.0,341.0
42,109,5.0,0.0,2.0,[41 43],234.0,341.0,169.0,345.0,196.0,327.0,171.0,272.0,166.0,340.0
42,110,5.0,0.0,2.0,[41 43],166.0,340.0,196.0,327.0,234.0,341.0,144.0,395.0,171.0,272.0
42,111,5.0,0.0,2.0,[41 43],171.0,272.0,234.0,341.0,166.0,340.0,95.0,210.0,144.0,395.0
42,112,5.0,0.0,2.0,[41 43],144.0,395.0,166.0,340.0,171.0,272.0,95.0,293.0,95.0,210.0
42,113,5.0,0.0,2.0,[41 43],95.0,210.0,171.0,272.0,144.0,395.0,86.0,222.0,95.0,293.0
42,114,5.0,0.0,2.0,[41 43],95.0,293.0,144.0,395.0,95.0,210.0,86.0,153.0,86.0,222.0
42,115,5.0,0.0,2.0,[41 43],86.0,222.0,95.0,210.0,95.0,293.0,99.0,167.0,86.0,153.0
42,116,5.0,0.0,2.0,[41 43],86.0,153.0,95.0,293.0,86.0,222.0,64.0,194.0,99.0,167.0
42,117,5.0,0.0,2.0,[41 43],99.0,167.0,86.0,222.0,86.0,153.0,75.0,161.0,64.0,194.0
42,118,5.0,0.0,2.0,[41 43],64.0,194.0,86.0,153.0,99.0,167.0,78.0,149.0,75.0,161.0
42,119,5.0,0.0,2.0,[41 43],75.0,161.0,99.0,167.0,64.0,194.0,78.0,195.0,78.0,149.0
42,120,5.0,0.0,2.0,[41 43],78.0,149.0,64.0,194.0,75.0,161.0,81.0,147.0,78.0,195.0
42,121,5.0,0.0,2.0,[41 43],78.0,195.0,75.0,161.0,78.0,149.0,53.0,169.0,81.0,147.0
42,122,5.0,0.0,2.0,[41 43],81.0,147.0,78.0,149.0,78.0,195.0,64.0,173.0,53.0,169.0
42,123,5.0,0.0,2.0,[41 43],53.0,169.0,78.0,195.0,81.0,147.0,60.0,211.0,64.0,173.0
42,124,5.0,0.0,2.0,[41 43],64.0,173.0,81.0,147.0,53.0,169.0,59.0,252.0,60.0,211.0
42,125,5.0,0.0,2.0,[41 43],60.0,211.0,53.0,169.0,64.0,173.0,59.0,193.0,59.0,252.0
42,126,5.0,0.0,2.0,[41 43],59.0,252.0,64.0,173.0,60.0,211.0,37.0,115.0,59.0,193.0
42,127,5.0,0.0,2.0,[41 43],59.0,193.0,60.0,211.0,59.0,252.0,49.0,204.0,37.0,115.0
42,128,5.0,0.0,2.0,[41 43],37.0,115.0,59.0,252.0,59.0,193.0,36.0,150.0,49.0,204.0
42,129,5.0,0.0,2.0,[41 43],49.0,204.0,59.0,193.0,37.0,115.0,29.0,167.0,36.0,150.0
42,130,5.0,0.0,2.0,[41 43],36.0,150.0,37.0,115.0,49.0,204.0,34.0,152.0,29.0,167.0
42,131,5.0,0.0,2.0,[41 43],29.0,167.0,49.0,204.0,36.0,150.0,36.0,80.0,34.0,152.0
42,132,5.0,0.0,2.0,[41 43],34.0,152.0,36.0,150.0,29.0,167.0,12.0,118.0,36.0,80.0
42,133,5.0,0.0,2.0,[41 43],36.0,80.0,29.0,167.0,34.0,152.0,15.0,147.0,12.0,118.0
42,134,5.0,0.0,2.0,[41 43],12.0,118.0,34.0,152.0,36.0,80.0,16.0,94.0,15.0,147.0
42,135,5.0,0.0,2.0,[41 43],15.0,147.0,36.0,80.0,12.0,118.0,7.0,106.0,16.0,94.0
42,136,5.0,0.0,2.0,[41 43],16.0,94.0,12.0,118.0,15.0,147.0,5.0,59.0,7.0,106.0
42,137,5.0,0.0,2.0,[41 43],7.0,106.0,15.0,147.0,16.0,94.0,8.0,43.0,5.0,59.0
42,138,5.0,0.0,2.0,[41 43],5.0,59.0,16.0,94.0,7.0,106.0,0.0,44.0,8.0,43.0
42,139,5.0,0.0,2.0,[41 43],8.0,43.0,7.0,106.0,5.0,59.0,1.0,38.0,0.0,44.0
42,140,5.0,0.0,2.0,[41 43],0.0,44.0,5.0,59.0,8.0,43.0,0.0,13.0,1.0,38.0
42,141,5.0,0.0,2.0,[41 43],1.0,38.0,8.0,43.0,0.0,44.0,1.0,0.0,0.0,13.0
42,142,5.0,0.0,2.0,[41 43],0.0,13.0,0.0,44.0,1.0,38.0,0.0,0.0,1.0,0.0
42,143,5.0,0.0,2.0,[41 43],1.0,0.0,1.0,38.0,0.0,13.0,0.0,0.0,0.0,0.0
43,0,5.0,0.0,2.0,[42 44],1.0,1.0,0.0,0.0,0.0,0.0,0.0,0.0,0.0,0.0
43,1,5.0,0.0,2.0,[42 44],0.0,0.0,0.0,0.0,1.0,1.0,1.0,1.0,0.0,0.0
43,2,5.0,0.0,2.0,[42 44],0.0,0.0,1.0,1.0,0.0,0.0,1.0,1.0,1.0,1.0
43,3,5.0,0.0,2.0,[42 44],1.0,1.0,0.0,0.0,0.0,0.0,4.0,0.0,1.0,1.0
43,4,5.0,0.0,2.0,[42 44],1.0,1.0,0.0,0.0,1.0,1.0,0.0,0.0,4.0,0.0
43,5,5.0,0.0,2.0,[42 44],4.0,0.0,1.0,1.0,1.0,1.0,1.0,4.0,0.0,0.0
43,6,5.0,0.0,2.0,[42 44],0.0,0.0,1.0,1.0,4.0,0.0,1.0,2.0,1.0,4.0
43,7,5.0,0.0,2.0,[42 44],1.0,4.0,4.0,0.0,0.0,0.0,1.0,1.0,1.0,2.0
43,8,5.0,0.0,2.0,[42 44],1.0,2.0,0.0,0.0,1.0,4.0,0.0,0.0,1.0,1.0
43,9,5.0,0.0,2.0,[42 44],1.0,1.0,1.0,4.0,1.0,2.0,0.0,0.0,0.0,0.0
43,10,5.0,0.0,2.0,[42 44],0.0,0.0,1.0,2.0,1.0,1.0,0.0,0.0,0.0,0.0
43,11,5.0,0.0,2.0,[42 44],0.0,0.0,1.0,1.0,0.0,0.0,0.0,0.0,0.0,0.0
43,12,5.0,0.0,2.0,[42 44],0.0,0.0,0.0,0.0,0.0,0.0,0.0,0.0,0.0,0.0
43,13,5.0,0.0,2.0,[42 44],0.0,0.0,0.0,0.0,0.0,0.0,0.0,0.0,0.0,0.0
43,14,5.0,0.0,2.0,[42 44],0.0,0.0,0.0,0.0,0.0,0.0,0.0,0.0,0.0,0.0
43,15,5.0,0.0,2.0,[42 44],0.0,0.0,0.0,0.0,0.0,0.0,0.0,0.0,0.0,0.0
43,16,5.0,0.0,2.0,[42 44],0.0,0.0,0.0,0.0,0.0,0.0,0.0,0.0,0.0,0.0
43,17,5.0,0.0,2.0,[42 44],0.0,0.0,0.0,0.0,0.0,0.0,0.0,0.0,0.0,0.0
43,18,5.0,0.0,2.0,[42 44],0.0,0.0,0.0,0.0,0.0,0.0,0.0,0.0,0.0,0.0
43,19,5.0,0.0,2.0,[42 44],0.0,0.0,0.0,0.0,0.0,0.0,0.0,0.0,0.0,0.0
43,20,5.0,0.0,2.0,[42 44],0.0,0.0,0.0,0.0,0.0,0.0,0.0,0.0,0.0,0.0
43,21,5.0,0.0,2.0,[42 44],0.0,0.0,0.0,0.0,0.0,0.0,0.0,0.0,0.0,0.0
43,22,5.0,0.0,2.0,[42 44],0.0,0.0,0.0,0.0,0.0,0.0,0.0,0.0,0.0,0.0
43,23,5.0,0.0,2.0,[42 44],0.0,0.0,0.0,0.0,0.0,0.0,0.0,0.0,0.0,0.0
43,24,5.0,0.0,2.0,[42 44],0.0,0.0,0.0,0.0,0.0,0.0,0.0,0.0,0.0,0.0
43,25,5.0,0.0,2.0,[42 44],0.0,0.0,0.0,0.0,0.0,0.0,2.0,0.0,0.0,0.0
43,26,5.0,0.0,2.0,[42 44],0.0,0.0,0.0,0.0,0.0,0.0,0.0,2.0,2.0,0.0
43,27,5.0,0.0,2.0,[42 44],2.0,0.0,0.0,0.0,0.0,0.0,0.0,0.0,0.0,2.0
43,28,5.0,0.0,2.0,[42 44],0.0,2.0,0.0,0.0,2.0,0.0,0.0,0.0,0.0,0.0
43,29,5.0,0.0,2.0,[42 44],0.0,0.0,2.0,0.0,0.0,2.0,0.0,0.0,0.0,0.0
43,30,5.0,0.0,2.0,[42 44],0.0,0.0,0.0,2.0,0.0,0.0,0.0,0.0,0.0,0.0
43,31,5.0,0.0,2.0,[42 44],0.0,0.0,0.0,0.0,0.0,0.0,1.0,2.0,0.0,0.0
43,32,5.0,0.0,2.0,[42 44],0.0,0.0,0.0,0.0,0.0,0.0,1.0,0.0,1.0,2.0
43,33,5.0,0.0,2.0,[42 44],1.0,2.0,0.0,0.0,0.0,0.0,11.0,0.0,1.0,0.0
43,34,5.0,0.0,2.0,[42 44],1.0,0.0,0.0,0.0,1.0,2.0,19.0,2.0,11.0,0.0
43,35,5.0,0.0,2.0,[42 44],11.0,0.0,1.0,2.0,1.0,0.0,19.0,8.0,19.0,2.0
43,36,5.0,0.0,2.0,[42 44],19.0,2.0,1.0,0.0,11.0,0.0,25.0,6.0,19.0,8.0
43,37,5.0,0.0,2.0,[42 44],19.0,8.0,11.0,0.0,19.0,2.0,35.0,7.0,25.0,6.0
43,38,5.0,0.0,2.0,[42 44],25.0,6.0,19.0,2.0,19.0,8.0,54.0,10.0,35.0,7.0
43,39,5.0,0.0,2.0,[42 44],35.0,7.0,19.0,8.0,25.0,6.0,84.0,15.0,54.0,10.0
43,40,5.0,0.0,2.0,[42 44],54.0,10.0,25.0,6.0,35.0,7.0,103.0,12.0,84.0,15.0
43,41,5.0,0.0,2.0,[42 44],84.0,15.0,35.0,7.0,54.0,10.0,154.0,30.0,103.0,12.0
43,42,5.0,0.0,2.0,[42 44],103.0,12.0,54.0,10.0,84.0,15.0,236.0,19.0,154.0,30.0
43,43,5.0,0.0,2.0,[42 44],154.0,30.0,84.0,15.0,103.0,12.0,336.0,27.0,236.0,19.0
43,44,5.0,0.0,2.0,[42 44],236.0,19.0,103.0,12.0,154.0,30.0,407.0,48.0,336.0,27.0
43,45,5.0,0.0,2.0,[42 44],336.0,27.0,154.0,30.0,236.0,19.0,595.0,85.0,407.0,48.0
43,46,5.0,0.0,2.0,[42 44],407.0,48.0,236.0,19.0,336.0,27.0,625.0,77.0,595.0,85.0
43,47,5.0,0.0,2.0,[42 44],595.0,85.0,336.0,27.0,407.0,48.0,658.0,105.0,625.0,77.0
43,48,5.0,0.0,2.0,[42 44],625.0,77.0,407.0,48.0,595.0,85.0,661.0,98.0,658.0,105.0
43,49,5.0,0.0,2.0,[42 44],658.0,105.0,595.0,85.0,625.0,77.0,702.0,127.0,661.0,98.0
43,50,5.0,0.0,2.0,[42 44],661.0,98.0,625.0,77.0,658.0,105.0,514.0,162.0,702.0,127.0
43,51,5.0,0.0,2.0,[42 44],702.0,127.0,658.0,105.0,661.0,98.0,309.0,111.0,514.0,162.0
43,52,5.0,0.0,2.0,[42 44],514.0,162.0,661.0,98.0,702.0,127.0,247.0,67.0,309.0,111.0
43,53,5.0,0.0,2.0,[42 44],309.0,111.0,702.0,127.0,514.0,162.0,197.0,69.0,247.0,67.0
43,54,5.0,0.0,2.0,[42 44],247.0,67.0,514.0,162.0,309.0,111.0,164.0,39.0,197.0,69.0
43,55,5.0,0.0,2.0,[42 44],197.0,69.0,309.0,111.0,247.0,67.0,139.0,55.0,164.0,39.0
43,56,5.0,0.0,2.0,[42 44],164.0,39.0,247.0,67.0,197.0,69.0,94.0,47.0,139.0,55.0
43,57,5.0,0.0,2.0,[42 44],139.0,55.0,197.0,69.0,164.0,39.0,97.0,59.0,94.0,47.0
43,58,5.0,0.0,2.0,[42 44],94.0,47.0,164.0,39.0,139.0,55.0,74.0,32.0,97.0,59.0
43,59,5.0,0.0,2.0,[42 44],97.0,59.0,139.0,55.0,94.0,47.0,63.0,48.0,74.0,32.0
43,60,5.0,0.0,2.0,[42 44],74.0,32.0,94.0,47.0,97.0,59.0,68.0,36.0,63.0,48.0
43,61,5.0,0.0,2.0,[42 44],63.0,48.0,97.0,59.0,74.0,32.0,62.0,25.0,68.0,36.0
43,62,5.0,0.0,2.0,[42 44],68.0,36.0,74.0,32.0,63.0,48.0,54.0,38.0,62.0,25.0
43,63,5.0,0.0,2.0,[42 44],62.0,25.0,63.0,48.0,68.0,36.0,39.0,30.0,54.0,38.0
43,64,5.0,0.0,2.0,[42 44],54.0,38.0,68.0,36.0,62.0,25.0,50.0,48.0,39.0,30.0
43,65,5.0,0.0,2.0,[42 44],39.0,30.0,62.0,25.0,54.0,38.0,51.0,30.0,50.0,48.0
43,66,5.0,0.0,2.0,[42 44],50.0,48.0,54.0,38.0,39.0,30.0,48.0,32.0,51.0,30.0
43,67,5.0,0.0,2.0,[42 44],51.0,30.0,39.0,30.0,50.0,48.0,54.0,25.0,48.0,32.0
43,68,5.0,0.0,2.0,[42 44],48.0,32.0,50.0,48.0,51.0,30.0,51.0,41.0,54.0,25.0
43,69,5.0,0.0,2.0,[42 44],54.0,25.0,51.0,30.0,48.0,32.0,62.0,29.0,51.0,41.0
43,70,5.0,0.0,2.0,[42 44],51.0,41.0,48.0,32.0,54.0,25.0,60.0,42.0,62.0,29.0
43,71,5.0,0.0,2.0,[42 44],62.0,29.0,54.0,25.0,51.0,41.0,66.0,40.0,60.0,42.0
43,72,5.0,0.0,2.0,[42 44],60.0,42.0,51.0,41.0,62.0,29.0,75.0,37.0,66.0,40.0
43,73,5.0,0.0,2.0,[42 44],66.0,40.0,62.0,29.0,60.0,42.0,62.0,29.0,75.0,37.0
43,74,5.0,0.0,2.0,[42 44],75.0,37.0,60.0,42.0,66.0,40.0,89.0,49.0,62.0,29.0
43,75,5.0,0.0,2.0,[42 44],62.0,29.0,66.0,40.0,75.0,37.0,64.0,40.0,89.0,49.0
43,76,5.0,0.0,2.0,[42 44],89.0,49.0,75.0,37.0,62.0,29.0,70.0,33.0,64.0,40.0
43,77,5.0,0.0,2.0,[42 44],64.0,40.0,62.0,29.0,89.0,49.0,66.0,37.0,70.0,33.0
43,78,5.0,0.0,2.0,[42 44],70.0,33.0,89.0,49.0,64.0,40.0,74.0,35.0,66.0,37.0
43,79,5.0,0.0,2.0,[42 44],66.0,37.0,64.0,40.0,70.0,33.0,59.0,33.0,74.0,35.0
43,80,5.0,0.0,2.0,[42 44],74.0,35.0,70.0,33.0,66.0,37.0,65.0,40.0,59.0,33.0
43,81,5.0,0.0,2.0,[42 44],59.0,33.0,66.0,37.0,74.0,35.0,47.0,35.0,65.0,40.0
43,82,5.0,0.0,2.0,[42 44],65.0,40.0,74.0,35.0,59.0,33.0,53.0,22.0,47.0,35.0
43,83,5.0,0.0,2.0,[42 44],47.0,35.0,59.0,33.0,65.0,40.0,65.0,39.0,53.0,22.0
43,84,5.0,0.0,2.0,[42 44],53.0,22.0,65.0,40.0,47.0,35.0,71.0,46.0,65.0,39.0
43,85,5.0,0.0,2.0,[42 44],65.0,39.0,47.0,35.0,53.0,22.0,45.0,47.0,71.0,46.0
43,86,5.0,0.0,2.0,[42 44],71.0,46.0,53.0,22.0,65.0,39.0,41.0,41.0,45.0,47.0
43,87,5.0,0.0,2.0,[42 44],45.0,47.0,65.0,39.0,71.0,46.0,46.0,50.0,41.0,41.0
43,88,5.0,0.0,2.0,[42 44],41.0,41.0,71.0,46.0,45.0,47.0,37.0,83.0,46.0,50.0
43,89,5.0,0.0,2.0,[42 44],46.0,50.0,45.0,47.0,41.0,41.0,48.0,59.0,37.0,83.0
43,90,5.0,0.0,2.0,[42 44],37.0,83.0,41.0,41.0,46.0,50.0,49.0,84.0,48.0,59.0
43,91,5.0,0.0,2.0,[42 44],48.0,59.0,46.0,50.0,37.0,83.0,42.0,72.0,49.0,84.0
43,92,5.0,0.0,2.0,[42 44],49.0,84.0,37.0,83.0,48.0,59.0,38.0,78.0,42.0,72.0
43,93,5.0,0.0,2.0,[42 44],42.0,72.0,48.0,59.0,49.0,84.0,39.0,83.0,38.0,78.0
43,94,5.0,0.0,2.0,[42 44],38.0,78.0,49.0,84.0,42.0,72.0,55.0,85.0,39.0,83.0
43,95,5.0,0.0,2.0,[42 44],39.0,83.0,42.0,72.0,38.0,78.0,48.0,100.0,55.0,85.0
43,96,5.0,0.0,2.0,[42 44],55.0,85.0,38.0,78.0,39.0,83.0,69.0,79.0,48.0,100.0
43,97,5.0,0.0,2.0,[42 44],48.0,100.0,39.0,83.0,55.0,85.0,57.0,90.0,69.0,79.0
43,98,5.0,0.0,2.0,[42 44],69.0,79.0,55.0,85.0,48.0,100.0,79.0,90.0,57.0,90.0
43,99,5.0,0.0,2.0,[42 44],57.0,90.0,48.0,100.0,69.0,79.0,69.0,123.0,79.0,90.0
43,100,5.0,0.0,2.0,[42 44],79.0,90.0,69.0,79.0,57.0,90.0,82.0,101.0,69.0,123.0
43,101,5.0,0.0,2.0,[42 44],69.0,123.0,57.0,90.0,79.0,90.0,107.0,141.0,82.0,101.0
43,102,5.0,0.0,2.0,[42 44],82.0,101.0,79.0,90.0,69.0,123.0,123.0,168.0,107.0,141.0
43,103,5.0,0.0,2.0,[42 44],107.0,141.0,69.0,123.0,82.0,101.0,94.0,233.0,123.0,168.0
43,104,5.0,0.0,2.0,[42 44],123.0,168.0,82.0,101.0,107.0,141.0,140.0,167.0,94.0,233.0
43,105,5.0,0.0,2.0,[42 44],94.0,233.0,107.0,141.0,123.0,168.0,177.0,306.0,140.0,167.0
43,106,5.0,0.0,2.0,[42 44],140.0,167.0,123.0,168.0,94.0,233.0,119.0,273.0,177.0,306.0
43,107,5.0,0.0,2.0,[42 44],177.0,306.0,94.0,233.0,140.0,167.0,146.0,416.0,119.0,273.0
43,108,5.0,0.0,2.0,[42 44],119.0,273.0,140.0,167.0,177.0,306.0,110.0,289.0,146.0,416.0
43,109,5.0,0.0,2.0,[42 44],146.0,416.0,177.0,306.0,119.0,273.0,114.0,391.0,110.0,289.0
43,110,5.0,0.0,2.0,[42 44],110.0,289.0,119.0,273.0,146.0,416.0,86.0,300.0,114.0,391.0
43,111,5.0,0.0,2.0,[42 44],114.0,391.0,146.0,416.0,110.0,289.0,71.0,317.0,86.0,300.0
43,112,5.0,0.0,2.0,[42 44],86.0,300.0,110.0,289.0,114.0,391.0,50.0,203.0,71.0,317.0
43,113,5.0,0.0,2.0,[42 44],71.0,317.0,114.0,391.0,86.0,300.0,55.0,231.0,50.0,203.0
43,114,5.0,0.0,2.0,[42 44],50.0,203.0,86.0,300.0,71.0,317.0,44.0,259.0,55.0,231.0
43,115,5.0,0.0,2.0,[42 44],55.0,231.0,71.0,317.0,50.0,203.0,49.0,173.0,44.0,259.0
43,116,5.0,0.0,2.0,[42 44],44.0,259.0,50.0,203.0,55.0,231.0,49.0,147.0,49.0,173.0
43,117,5.0,0.0,2.0,[42 44],49.0,173.0,55.0,231.0,44.0,259.0,45.0,189.0,49.0,147.0
43,118,5.0,0.0,2.0,[42 44],49.0,147.0,44.0,259.0,49.0,173.0,53.0,192.0,45.0,189.0
43,119,5.0,0.0,2.0,[42 44],45.0,189.0,49.0,173.0,49.0,147.0,50.0,170.0,53.0,192.0
43,120,5.0,0.0,2.0,[42 44],53.0,192.0,49.0,147.0,45.0,189.0,37.0,180.0,50.0,170.0
43,121,5.0,0.0,2.0,[42 44],50.0,170.0,45.0,189.0,53.0,192.0,25.0,206.0,37.0,180.0
43,122,5.0,0.0,2.0,[42 44],37.0,180.0,53.0,192.0,50.0,170.0,32.0,210.0,25.0,206.0
43,123,5.0,0.0,2.0,[42 44],25.0,206.0,50.0,170.0,37.0,180.0,24.0,170.0,32.0,210.0
43,124,5.0,0.0,2.0,[42 44],32.0,210.0,37.0,180.0,25.0,206.0,32.0,172.0,24.0,170.0
43,125,5.0,0.0,2.0,[42 44],24.0,170.0,25.0,206.0,32.0,210.0,46.0,156.0,32.0,172.0
43,126,5.0,0.0,2.0,[42 44],32.0,172.0,32.0,210.0,24.0,170.0,27.0,201.0,46.0,156.0
43,127,5.0,0.0,2.0,[42 44],46.0,156.0,24.0,170.0,32.0,172.0,27.0,139.0,27.0,201.0
43,128,5.0,0.0,2.0,[42 44],27.0,201.0,32.0,172.0,46.0,156.0,31.0,193.0,27.0,139.0
43,129,5.0,0.0,2.0,[42 44],27.0,139.0,46.0,156.0,27.0,201.0,24.0,155.0,31.0,193.0
43,130,5.0,0.0,2.0,[42 44],31.0,193.0,27.0,201.0,27.0,139.0,14.0,164.0,24.0,155.0
43,131,5.0,0.0,2.0,[42 44],24.0,155.0,27.0,139.0,31.0,193.0,11.0,175.0,14.0,164.0
43,132,5.0,0.0,2.0,[42 44],14.0,164.0,31.0,193.0,24.0,155.0,7.0,102.0,11.0,175.0
43,133,5.0,0.0,2.0,[42 44],11.0,175.0,24.0,155.0,14.0,164.0,7.0,159.0,7.0,102.0
43,134,5.0,0.0,2.0,[42 44],7.0,102.0,14.0,164.0,11.0,175.0,13.0,145.0,7.0,159.0
43,135,5.0,0.0,2.0,[42 44],7.0,159.0,11.0,175.0,7.0,102.0,10.0,66.0,13.0,145.0
43,136,5.0,0.0,2.0,[42 44],13.0,145.0,7.0,102.0,7.0,159.0,4.0,73.0,10.0,66.0
43,137,5.0,0.0,2.0,[42 44],10.0,66.0,7.0,159.0,13.0,145.0,5.0,36.0,4.0,73.0
43,138,5.0,0.0,2.0,[42 44],4.0,73.0,13.0,145.0,10.0,66.0,1.0,52.0,5.0,36.0
43,139,5.0,0.0,2.0,[42 44],5.0,36.0,10.0,66.0,4.0,73.0,3.0,39.0,1.0,52.0
43,140,5.0,0.0,2.0,[42 44],1.0,52.0,4.0,73.0,5.0,36.0,0.0,13.0,3.0,39.0
43,141,5.0,0.0,2.0,[42 44],3.0,39.0,5.0,36.0,1.0,52.0,0.0,0.0,0.0,13.0
43,142,5.0,0.0,2.0,[42 44],0.0,13.0,1.0,52.0,3.0,39.0,0.0,0.0,0.0,0.0
43,143,5.0,0.0,2.0,[42 44],0.0,0.0,3.0,39.0,0.0,13.0,0.0,0.0,0.0,0.0
44,0,5.0,0.0,2.0,[43 45],0.0,0.0,0.0,0.0,0.0,0.0,0.0,0.0,0.0,0.0
44,1,5.0,0.0,2.0,[43 45],0.0,0.0,0.0,0.0,0.0,0.0,2.0,0.0,0.0,0.0
44,2,5.0,0.0,2.0,[43 45],0.0,0.0,0.0,0.0,0.0,0.0,3.0,2.0,2.0,0.0
44,3,5.0,0.0,2.0,[43 45],2.0,0.0,0.0,0.0,0.0,0.0,0.0,0.0,3.0,2.0
44,4,5.0,0.0,2.0,[43 45],3.0,2.0,0.0,0.0,2.0,0.0,0.0,1.0,0.0,0.0
44,5,5.0,0.0,2.0,[43 45],0.0,0.0,2.0,0.0,3.0,2.0,0.0,0.0,0.0,1.0
44,6,5.0,0.0,2.0,[43 45],0.0,1.0,3.0,2.0,0.0,0.0,0.0,2.0,0.0,0.0
44,7,5.0,0.0,2.0,[43 45],0.0,0.0,0.0,0.0,0.0,1.0,0.0,0.0,0.0,2.0
44,8,5.0,0.0,2.0,[43 45],0.0,2.0,0.0,1.0,0.0,0.0,0.0,0.0,0.0,0.0
44,9,5.0,0.0,2.0,[43 45],0.0,0.0,0.0,0.0,0.0,2.0,0.0,0.0,0.0,0.0
44,10,5.0,0.0,2.0,[43 45],0.0,0.0,0.0,2.0,0.0,0.0,0.0,0.0,0.0,0.0
44,11,5.0,0.0,2.0,[43 45],0.0,0.0,0.0,0.0,0.0,0.0,0.0,0.0,0.0,0.0
44,12,5.0,0.0,2.0,[43 45],0.0,0.0,0.0,0.0,0.0,0.0,0.0,0.0,0.0,0.0
44,13,5.0,0.0,2.0,[43 45],0.0,0.0,0.0,0.0,0.0,0.0,0.0,0.0,0.0,0.0
44,14,5.0,0.0,2.0,[43 45],0.0,0.0,0.0,0.0,0.0,0.0,0.0,0.0,0.0,0.0
44,15,5.0,0.0,2.0,[43 45],0.0,0.0,0.0,0.0,0.0,0.0,0.0,0.0,0.0,0.0
44,16,5.0,0.0,2.0,[43 45],0.0,0.0,0.0,0.0,0.0,0.0,0.0,0.0,0.0,0.0
44,17,5.0,0.0,2.0,[43 45],0.0,0.0,0.0,0.0,0.0,0.0,0.0,0.0,0.0,0.0
44,18,5.0,0.0,2.0,[43 45],0.0,0.0,0.0,0.0,0.0,0.0,0.0,0.0,0.0,0.0
44,19,5.0,0.0,2.0,[43 45],0.0,0.0,0.0,0.0,0.0,0.0,0.0,0.0,0.0,0.0
44,20,5.0,0.0,2.0,[43 45],0.0,0.0,0.0,0.0,0.0,0.0,0.0,0.0,0.0,0.0
44,21,5.0,0.0,2.0,[43 45],0.0,0.0,0.0,0.0,0.0,0.0,0.0,0.0,0.0,0.0
44,22,5.0,0.0,2.0,[43 45],0.0,0.0,0.0,0.0,0.0,0.0,0.0,0.0,0.0,0.0
44,23,5.0,0.0,2.0,[43 45],0.0,0.0,0.0,0.0,0.0,0.0,0.0,0.0,0.0,0.0
44,24,5.0,0.0,2.0,[43 45],0.0,0.0,0.0,0.0,0.0,0.0,0.0,0.0,0.0,0.0
44,25,5.0,0.0,2.0,[43 45],0.0,0.0,0.0,0.0,0.0,0.0,2.0,0.0,0.0,0.0
44,26,5.0,0.0,2.0,[43 45],0.0,0.0,0.0,0.0,0.0,0.0,0.0,2.0,2.0,0.0
44,27,5.0,0.0,2.0,[43 45],2.0,0.0,0.0,0.0,0.0,0.0,0.0,0.0,0.0,2.0
44,28,5.0,0.0,2.0,[43 45],0.0,2.0,0.0,0.0,2.0,0.0,0.0,0.0,0.0,0.0
44,29,5.0,0.0,2.0,[43 45],0.0,0.0,2.0,0.0,0.0,2.0,0.0,0.0,0.0,0.0
44,30,5.0,0.0,2.0,[43 45],0.0,0.0,0.0,2.0,0.0,0.0,0.0,0.0,0.0,0.0
44,31,5.0,0.0,2.0,[43 45],0.0,0.0,0.0,0.0,0.0,0.0,0.0,0.0,0.0,0.0
44,32,5.0,0.0,2.0,[43 45],0.0,0.0,0.0,0.0,0.0,0.0,5.0,0.0,0.0,0.0
44,33,5.0,0.0,2.0,[43 45],0.0,0.0,0.0,0.0,0.0,0.0,7.0,0.0,5.0,0.0
44,34,5.0,0.0,2.0,[43 45],5.0,0.0,0.0,0.0,0.0,0.0,2.0,3.0,7.0,0.0
44,35,5.0,0.0,2.0,[43 45],7.0,0.0,0.0,0.0,5.0,0.0,15.0,11.0,2.0,3.0
44,36,5.0,0.0,2.0,[43 45],2.0,3.0,5.0,0.0,7.0,0.0,5.0,6.0,15.0,11.0
44,37,5.0,0.0,2.0,[43 45],15.0,11.0,7.0,0.0,2.0,3.0,19.0,14.0,5.0,6.0
44,38,5.0,0.0,2.0,[43 45],5.0,6.0,2.0,3.0,15.0,11.0,27.0,10.0,19.0,14.0
44,39,5.0,0.0,2.0,[43 45],19.0,14.0,15.0,11.0,5.0,6.0,38.0,5.0,27.0,10.0
44,40,5.0,0.0,2.0,[43 45],27.0,10.0,5.0,6.0,19.0,14.0,31.0,12.0,38.0,5.0
44,41,5.0,0.0,2.0,[43 45],38.0,5.0,19.0,14.0,27.0,10.0,42.0,18.0,31.0,12.0
44,42,5.0,0.0,2.0,[43 45],31.0,12.0,27.0,10.0,38.0,5.0,77.0,37.0,42.0,18.0
44,43,5.0,0.0,2.0,[43 45],42.0,18.0,38.0,5.0,31.0,12.0,80.0,68.0,77.0,37.0
44,44,5.0,0.0,2.0,[43 45],77.0,37.0,31.0,12.0,42.0,18.0,137.0,107.0,80.0,68.0
44,45,5.0,0.0,2.0,[43 45],80.0,68.0,42.0,18.0,77.0,37.0,170.0,209.0,137.0,107.0
44,46,5.0,0.0,2.0,[43 45],137.0,107.0,77.0,37.0,80.0,68.0,234.0,356.0,170.0,209.0
44,47,5.0,0.0,2.0,[43 45],170.0,209.0,80.0,68.0,137.0,107.0,202.0,674.0,234.0,356.0
44,48,5.0,0.0,2.0,[43 45],234.0,356.0,137.0,107.0,170.0,209.0,212.0,568.0,202.0,674.0
44,49,5.0,0.0,2.0,[43 45],202.0,674.0,170.0,209.0,234.0,356.0,187.0,593.0,212.0,568.0
44,50,5.0,0.0,2.0,[43 45],212.0,568.0,234.0,356.0,202.0,674.0,204.0,902.0,187.0,593.0
44,51,5.0,0.0,2.0,[43 45],187.0,593.0,202.0,674.0,212.0,568.0,135.0,846.0,204.0,902.0
44,52,5.0,0.0,2.0,[43 45],204.0,902.0,212.0,568.0,187.0,593.0,133.0,459.0,135.0,846.0
44,53,5.0,0.0,2.0,[43 45],135.0,846.0,187.0,593.0,204.0,902.0,92.0,291.0,133.0,459.0
44,54,5.0,0.0,2.0,[43 45],133.0,459.0,204.0,902.0,135.0,846.0,73.0,278.0,92.0,291.0
44,55,5.0,0.0,2.0,[43 45],92.0,291.0,135.0,846.0,133.0,459.0,90.0,192.0,73.0,278.0
44,56,5.0,0.0,2.0,[43 45],73.0,278.0,133.0,459.0,92.0,291.0,55.0,91.0,90.0,192.0
44,57,5.0,0.0,2.0,[43 45],90.0,192.0,92.0,291.0,73.0,278.0,39.0,153.0,55.0,91.0
44,58,5.0,0.0,2.0,[43 45],55.0,91.0,73.0,278.0,90.0,192.0,65.0,90.0,39.0,153.0
44,59,5.0,0.0,2.0,[43 45],39.0,153.0,90.0,192.0,55.0,91.0,58.0,84.0,65.0,90.0
44,60,5.0,0.0,2.0,[43 45],65.0,90.0,55.0,91.0,39.0,153.0,62.0,69.0,58.0,84.0
44,61,5.0,0.0,2.0,[43 45],58.0,84.0,39.0,153.0,65.0,90.0,58.0,68.0,62.0,69.0
44,62,5.0,0.0,2.0,[43 45],62.0,69.0,65.0,90.0,58.0,84.0,78.0,74.0,58.0,68.0
44,63,5.0,0.0,2.0,[43 45],58.0,68.0,58.0,84.0,62.0,69.0,67.0,48.0,78.0,74.0
44,64,5.0,0.0,2.0,[43 45],78.0,74.0,62.0,69.0,58.0,68.0,42.0,66.0,67.0,48.0
44,65,5.0,0.0,2.0,[43 45],67.0,48.0,58.0,68.0,78.0,74.0,56.0,54.0,42.0,66.0
44,66,5.0,0.0,2.0,[43 45],42.0,66.0,78.0,74.0,67.0,48.0,62.0,54.0,56.0,54.0
44,67,5.0,0.0,2.0,[43 45],56.0,54.0,67.0,48.0,42.0,66.0,59.0,70.0,62.0,54.0
44,68,5.0,0.0,2.0,[43 45],62.0,54.0,42.0,66.0,56.0,54.0,56.0,53.0,59.0,70.0
44,69,5.0,0.0,2.0,[43 45],59.0,70.0,56.0,54.0,62.0,54.0,57.0,37.0,56.0,53.0
44,70,5.0,0.0,2.0,[43 45],56.0,53.0,62.0,54.0,59.0,70.0,74.0,62.0,57.0,37.0
44,71,5.0,0.0,2.0,[43 45],57.0,37.0,59.0,70.0,56.0,53.0,94.0,47.0,74.0,62.0
44,72,5.0,0.0,2.0,[43 45],74.0,62.0,56.0,53.0,57.0,37.0,71.0,50.0,94.0,47.0
44,73,5.0,0.0,2.0,[43 45],94.0,47.0,57.0,37.0,74.0,62.0,64.0,42.0,71.0,50.0
44,74,5.0,0.0,2.0,[43 45],71.0,50.0,74.0,62.0,94.0,47.0,59.0,53.0,64.0,42.0
44,75,5.0,0.0,2.0,[43 45],64.0,42.0,94.0,47.0,71.0,50.0,76.0,71.0,59.0,53.0
44,76,5.0,0.0,2.0,[43 45],59.0,53.0,71.0,50.0,64.0,42.0,62.0,67.0,76.0,71.0
44,77,5.0,0.0,2.0,[43 45],76.0,71.0,64.0,42.0,59.0,53.0,71.0,60.0,62.0,67.0
44,78,5.0,0.0,2.0,[43 45],62.0,67.0,59.0,53.0,76.0,71.0,82.0,81.0,71.0,60.0
44,79,5.0,0.0,2.0,[43 45],71.0,60.0,76.0,71.0,62.0,67.0,58.0,72.0,82.0,81.0
44,80,5.0,0.0,2.0,[43 45],82.0,81.0,62.0,67.0,71.0,60.0,70.0,51.0,58.0,72.0
44,81,5.0,0.0,2.0,[43 45],58.0,72.0,71.0,60.0,82.0,81.0,55.0,57.0,70.0,51.0
44,82,5.0,0.0,2.0,[43 45],70.0,51.0,82.0,81.0,58.0,72.0,72.0,90.0,55.0,57.0
44,83,5.0,0.0,2.0,[43 45],55.0,57.0,58.0,72.0,70.0,51.0,50.0,46.0,72.0,90.0
44,84,5.0,0.0,2.0,[43 45],72.0,90.0,70.0,51.0,55.0,57.0,78.0,74.0,50.0,46.0
44,85,5.0,0.0,2.0,[43 45],50.0,46.0,55.0,57.0,72.0,90.0,84.0,58.0,78.0,74.0
44,86,5.0,0.0,2.0,[43 45],78.0,74.0,72.0,90.0,50.0,46.0,105.0,61.0,84.0,58.0
44,87,5.0,0.0,2.0,[43 45],84.0,58.0,50.0,46.0,78.0,74.0,81.0,65.0,105.0,61.0
44,88,5.0,0.0,2.0,[43 45],105.0,61.0,78.0,74.0,84.0,58.0,96.0,43.0,81.0,65.0
44,89,5.0,0.0,2.0,[43 45],81.0,65.0,84.0,58.0,105.0,61.0,90.0,41.0,96.0,43.0
44,90,5.0,0.0,2.0,[43 45],96.0,43.0,105.0,61.0,81.0,65.0,57.0,60.0,90.0,41.0
44,91,5.0,0.0,2.0,[43 45],90.0,41.0,81.0,65.0,96.0,43.0,88.0,53.0,57.0,60.0
44,92,5.0,0.0,2.0,[43 45],57.0,60.0,96.0,43.0,90.0,41.0,80.0,67.0,88.0,53.0
44,93,5.0,0.0,2.0,[43 45],88.0,53.0,90.0,41.0,57.0,60.0,99.0,66.0,80.0,67.0
44,94,5.0,0.0,2.0,[43 45],80.0,67.0,57.0,60.0,88.0,53.0,98.0,49.0,99.0,66.0
44,95,5.0,0.0,2.0,[43 45],99.0,66.0,88.0,53.0,80.0,67.0,109.0,80.0,98.0,49.0
44,96,5.0,0.0,2.0,[43 45],98.0,49.0,80.0,67.0,99.0,66.0,95.0,62.0,109.0,80.0
44,97,5.0,0.0,2.0,[43 45],109.0,80.0,99.0,66.0,98.0,49.0,96.0,77.0,95.0,62.0
44,98,5.0,0.0,2.0,[43 45],95.0,62.0,98.0,49.0,109.0,80.0,122.0,76.0,96.0,77.0
44,99,5.0,0.0,2.0,[43 45],96.0,77.0,109.0,80.0,95.0,62.0,148.0,81.0,122.0,76.0
44,100,5.0,0.0,2.0,[43 45],122.0,76.0,95.0,62.0,96.0,77.0,220.0,62.0,148.0,81.0
44,101,5.0,0.0,2.0,[43 45],148.0,81.0,96.0,77.0,122.0,76.0,313.0,86.0,220.0,62.0
44,102,5.0,0.0,2.0,[43 45],220.0,62.0,122.0,76.0,148.0,81.0,240.0,86.0,313.0,86.0
44,103,5.0,0.0,2.0,[43 45],313.0,86.0,148.0,81.0,220.0,62.0,421.0,85.0,240.0,86.0
44,104,5.0,0.0,2.0,[43 45],240.0,86.0,220.0,62.0,313.0,86.0,608.0,127.0,421.0,85.0
44,105,5.0,0.0,2.0,[43 45],421.0,85.0,313.0,86.0,240.0,86.0,422.0,97.0,608.0,127.0
44,106,5.0,0.0,2.0,[43 45],608.0,127.0,240.0,86.0,421.0,85.0,451.0,178.0,422.0,97.0
44,107,5.0,0.0,2.0,[43 45],422.0,97.0,421.0,85.0,608.0,127.0,573.0,104.0,451.0,178.0
44,108,5.0,0.0,2.0,[43 45],451.0,178.0,608.0,127.0,422.0,97.0,450.0,122.0,573.0,104.0
44,109,5.0,0.0,2.0,[43 45],573.0,104.0,422.0,97.0,451.0,178.0,337.0,198.0,450.0,122.0
44,110,5.0,0.0,2.0,[43 45],450.0,122.0,451.0,178.0,573.0,104.0,292.0,129.0,337.0,198.0
44,111,5.0,0.0,2.0,[43 45],337.0,198.0,573.0,104.0,450.0,122.0,258.0,136.0,292.0,129.0
44,112,5.0,0.0,2.0,[43 45],292.0,129.0,450.0,122.0,337.0,198.0,181.0,119.0,258.0,136.0
44,113,5.0,0.0,2.0,[43 45],258.0,136.0,337.0,198.0,292.0,129.0,160.0,82.0,181.0,119.0
44,114,5.0,0.0,2.0,[43 45],181.0,119.0,292.0,129.0,258.0,136.0,134.0,79.0,160.0,82.0
44,115,5.0,0.0,2.0,[43 45],160.0,82.0,258.0,136.0,181.0,119.0,132.0,110.0,134.0,79.0
44,116,5.0,0.0,2.0,[43 45],134.0,79.0,181.0,119.0,160.0,82.0,111.0,102.0,132.0,110.0
44,117,5.0,0.0,2.0,[43 45],132.0,110.0,160.0,82.0,134.0,79.0,96.0,73.0,111.0,102.0
44,118,5.0,0.0,2.0,[43 45],111.0,102.0,134.0,79.0,132.0,110.0,122.0,81.0,96.0,73.0
44,119,5.0,0.0,2.0,[43 45],96.0,73.0,132.0,110.0,111.0,102.0,100.0,68.0,122.0,81.0
44,120,5.0,0.0,2.0,[43 45],122.0,81.0,111.0,102.0,96.0,73.0,95.0,98.0,100.0,68.0
44,121,5.0,0.0,2.0,[43 45],100.0,68.0,96.0,73.0,122.0,81.0,118.0,96.0,95.0,98.0
44,122,5.0,0.0,2.0,[43 45],95.0,98.0,122.0,81.0,100.0,68.0,90.0,96.0,118.0,96.0
44,123,5.0,0.0,2.0,[43 45],118.0,96.0,100.0,68.0,95.0,98.0,82.0,49.0,90.0,96.0
44,124,5.0,0.0,2.0,[43 45],90.0,96.0,95.0,98.0,118.0,96.0,65.0,61.0,82.0,49.0
44,125,5.0,0.0,2.0,[43 45],82.0,49.0,118.0,96.0,90.0,96.0,78.0,107.0,65.0,61.0
44,126,5.0,0.0,2.0,[43 45],65.0,61.0,90.0,96.0,82.0,49.0,52.0,66.0,78.0,107.0
44,127,5.0,0.0,2.0,[43 45],78.0,107.0,82.0,49.0,65.0,61.0,53.0,89.0,52.0,66.0
44,128,5.0,0.0,2.0,[43 45],52.0,66.0,65.0,61.0,78.0,107.0,36.0,69.0,53.0,89.0
44,129,5.0,0.0,2.0,[43 45],53.0,89.0,78.0,107.0,52.0,66.0,34.0,97.0,36.0,69.0
44,130,5.0,0.0,2.0,[43 45],36.0,69.0,52.0,66.0,53.0,89.0,39.0,73.0,34.0,97.0
44,131,5.0,0.0,2.0,[43 45],34.0,97.0,53.0,89.0,36.0,69.0,41.0,71.0,39.0,73.0
44,132,5.0,0.0,2.0,[43 45],39.0,73.0,36.0,69.0,34.0,97.0,24.0,81.0,41.0,71.0
44,133,5.0,0.0,2.0,[43 45],41.0,71.0,34.0,97.0,39.0,73.0,29.0,34.0,24.0,81.0
44,134,5.0,0.0,2.0,[43 45],24.0,81.0,39.0,73.0,41.0,71.0,25.0,71.0,29.0,34.0
44,135,5.0,0.0,2.0,[43 45],29.0,34.0,41.0,71.0,24.0,81.0,22.0,32.0,25.0,71.0
44,136,5.0,0.0,2.0,[43 45],25.0,71.0,24.0,81.0,29.0,34.0,12.0,43.0,22.0,32.0
44,137,5.0,0.0,2.0,[43 45],22.0,32.0,29.0,34.0,25.0,71.0,3.0,31.0,12.0,43.0
44,138,5.0,0.0,2.0,[43 45],12.0,43.0,25.0,71.0,22.0,32.0,9.0,9.0,3.0,31.0
44,139,5.0,0.0,2.0,[43 45],3.0,31.0,22.0,32.0,12.0,43.0,1.0,5.0,9.0,9.0
44,140,5.0,0.0,2.0,[43 45],9.0,9.0,12.0,43.0,3.0,31.0,0.0,1.0,1.0,5.0
44,141,5.0,0.0,2.0,[43 45],1.0,5.0,3.0,31.0,9.0,9.0,0.0,0.0,0.0,1.0
44,142,5.0,0.0,2.0,[43 45],0.0,1.0,9.0,9.0,1.0,5.0,0.0,0.0,0.0,0.0
44,143,5.0,0.0,2.0,[43 45],0.0,0.0,1.0,5.0,0.0,1.0,0.0,0.0,0.0,0.0
45,0,5.0,0.0,2.0,[44 46],1.0,3.0,0.0,0.0,0.0,0.0,0.0,0.0,1.0,1.0
45,1,5.0,0.0,2.0,[44 46],1.0,1.0,0.0,0.0,1.0,3.0,0.0,0.0,0.0,0.0
45,2,5.0,0.0,2.0,[44 46],0.0,0.0,1.0,3.0,1.0,1.0,1.0,1.0,0.0,0.0
45,3,5.0,0.0,2.0,[44 46],0.0,0.0,1.0,1.0,0.0,0.0,0.0,0.0,1.0,1.0
45,4,5.0,0.0,2.0,[44 46],1.0,1.0,0.0,0.0,0.0,0.0,0.0,0.0,0.0,0.0
45,5,5.0,0.0,2.0,[44 46],0.0,0.0,0.0,0.0,1.0,1.0,0.0,0.0,0.0,0.0
45,6,5.0,0.0,2.0,[44 46],0.0,0.0,1.0,1.0,0.0,0.0,1.0,1.0,0.0,0.0
45,7,5.0,0.0,2.0,[44 46],0.0,0.0,0.0,0.0,0.0,0.0,0.0,0.0,1.0,1.0
45,8,5.0,0.0,2.0,[44 46],1.0,1.0,0.0,0.0,0.0,0.0,0.0,0.0,0.0,0.0
45,9,5.0,0.0,2.0,[44 46],0.0,0.0,0.0,0.0,1.0,1.0,0.0,0.0,0.0,0.0
45,10,5.0,0.0,2.0,[44 46],0.0,0.0,1.0,1.0,0.0,0.0,0.0,0.0,0.0,0.0
45,11,5.0,0.0,2.0,[44 46],0.0,0.0,0.0,0.0,0.0,0.0,1.0,1.0,0.0,0.0
45,12,5.0,0.0,2.0,[44 46],0.0,0.0,0.0,0.0,0.0,0.0,1.0,1.0,1.0,1.0
45,13,5.0,0.0,2.0,[44 46],1.0,1.0,0.0,0.0,0.0,0.0,0.0,0.0,1.0,1.0
45,14,5.0,0.0,2.0,[44 46],1.0,1.0,0.0,0.0,1.0,1.0,0.0,0.0,0.0,0.0
45,15,5.0,0.0,2.0,[44 46],0.0,0.0,1.0,1.0,1.0,1.0,0.0,0.0,0.0,0.0
45,16,5.0,0.0,2.0,[44 46],0.0,0.0,1.0,1.0,0.0,0.0,0.0,0.0,0.0,0.0
45,17,5.0,0.0,2.0,[44 46],0.0,0.0,0.0,0.0,0.0,0.0,0.0,0.0,0.0,0.0
45,18,5.0,0.0,2.0,[44 46],0.0,0.0,0.0,0.0,0.0,0.0,0.0,0.0,0.0,0.0
45,19,5.0,0.0,2.0,[44 46],0.0,0.0,0.0,0.0,0.0,0.0,0.0,0.0,0.0,0.0
45,20,5.0,0.0,2.0,[44 46],0.0,0.0,0.0,0.0,0.0,0.0,0.0,0.0,0.0,0.0
45,21,5.0,0.0,2.0,[44 46],0.0,0.0,0.0,0.0,0.0,0.0,0.0,0.0,0.0,0.0
45,22,5.0,0.0,2.0,[44 46],0.0,0.0,0.0,0.0,0.0,0.0,0.0,0.0,0.0,0.0
45,23,5.0,0.0,2.0,[44 46],0.0,0.0,0.0,0.0,0.0,0.0,0.0,0.0,0.0,0.0
45,24,5.0,0.0,2.0,[44 46],0.0,0.0,0.0,0.0,0.0,0.0,0.0,0.0,0.0,0.0
45,25,5.0,0.0,2.0,[44 46],0.0,0.0,0.0,0.0,0.0,0.0,0.0,0.0,0.0,0.0
45,26,5.0,0.0,2.0,[44 46],0.0,0.0,0.0,0.0,0.0,0.0,2.0,0.0,0.0,0.0
45,27,5.0,0.0,2.0,[44 46],0.0,0.0,0.0,0.0,0.0,0.0,0.0,2.0,2.0,0.0
45,28,5.0,0.0,2.0,[44 46],2.0,0.0,0.0,0.0,0.0,0.0,0.0,0.0,0.0,2.0
45,29,5.0,0.0,2.0,[44 46],0.0,2.0,0.0,0.0,2.0,0.0,0.0,1.0,0.0,0.0
45,30,5.0,0.0,2.0,[44 46],0.0,0.0,2.0,0.0,0.0,2.0,2.0,1.0,0.0,1.0
45,31,5.0,0.0,2.0,[44 46],0.0,1.0,0.0,2.0,0.0,0.0,0.0,0.0,2.0,1.0
45,32,5.0,0.0,2.0,[44 46],2.0,1.0,0.0,0.0,0.0,1.0,5.0,1.0,0.0,0.0
45,33,5.0,0.0,2.0,[44 46],0.0,0.0,0.0,1.0,2.0,1.0,5.0,0.0,5.0,1.0
45,34,5.0,0.0,2.0,[44 46],5.0,1.0,2.0,1.0,0.0,0.0,22.0,0.0,5.0,0.0
45,35,5.0,0.0,2.0,[44 46],5.0,0.0,0.0,0.0,5.0,1.0,21.0,5.0,22.0,0.0
45,36,5.0,0.0,2.0,[44 46],22.0,0.0,5.0,1.0,5.0,0.0,17.0,5.0,21.0,5.0
45,37,5.0,0.0,2.0,[44 46],21.0,5.0,5.0,0.0,22.0,0.0,32.0,10.0,17.0,5.0
45,38,5.0,0.0,2.0,[44 46],17.0,5.0,22.0,0.0,21.0,5.0,38.0,19.0,32.0,10.0
45,39,5.0,0.0,2.0,[44 46],32.0,10.0,21.0,5.0,17.0,5.0,31.0,20.0,38.0,19.0
45,40,5.0,0.0,2.0,[44 46],38.0,19.0,17.0,5.0,32.0,10.0,54.0,16.0,31.0,20.0
45,41,5.0,0.0,2.0,[44 46],31.0,20.0,32.0,10.0,38.0,19.0,83.0,58.0,54.0,16.0
45,42,5.0,0.0,2.0,[44 46],54.0,16.0,38.0,19.0,31.0,20.0,118.0,45.0,83.0,58.0
45,43,5.0,0.0,2.0,[44 46],83.0,58.0,31.0,20.0,54.0,16.0,130.0,94.0,118.0,45.0
45,44,5.0,0.0,2.0,[44 46],118.0,45.0,54.0,16.0,83.0,58.0,199.0,201.0,130.0,94.0
45,45,5.0,0.0,2.0,[44 46],130.0,94.0,83.0,58.0,118.0,45.0,244.0,219.0,199.0,201.0
45,46,5.0,0.0,2.0,[44 46],199.0,201.0,118.0,45.0,130.0,94.0,335.0,477.0,244.0,219.0
45,47,5.0,0.0,2.0,[44 46],244.0,219.0,130.0,94.0,199.0,201.0,299.0,621.0,335.0,477.0
45,48,5.0,0.0,2.0,[44 46],335.0,477.0,199.0,201.0,244.0,219.0,323.0,653.0,299.0,621.0
45,49,5.0,0.0,2.0,[44 46],299.0,621.0,244.0,219.0,335.0,477.0,345.0,533.0,323.0,653.0
45,50,5.0,0.0,2.0,[44 46],323.0,653.0,335.0,477.0,299.0,621.0,247.0,608.0,345.0,533.0
45,51,5.0,0.0,2.0,[44 46],345.0,533.0,299.0,621.0,323.0,653.0,174.0,778.0,247.0,608.0
45,52,5.0,0.0,2.0,[44 46],247.0,608.0,323.0,653.0,345.0,533.0,163.0,320.0,174.0,778.0
45,53,5.0,0.0,2.0,[44 46],174.0,778.0,345.0,533.0,247.0,608.0,124.0,217.0,163.0,320.0
45,54,5.0,0.0,2.0,[44 46],163.0,320.0,247.0,608.0,174.0,778.0,112.0,215.0,124.0,217.0
45,55,5.0,0.0,2.0,[44 46],124.0,217.0,174.0,778.0,163.0,320.0,64.0,181.0,112.0,215.0
45,56,5.0,0.0,2.0,[44 46],112.0,215.0,163.0,320.0,124.0,217.0,87.0,91.0,64.0,181.0
45,57,5.0,0.0,2.0,[44 46],64.0,181.0,124.0,217.0,112.0,215.0,50.0,148.0,87.0,91.0
45,58,5.0,0.0,2.0,[44 46],87.0,91.0,112.0,215.0,64.0,181.0,59.0,92.0,50.0,148.0
45,59,5.0,0.0,2.0,[44 46],50.0,148.0,64.0,181.0,87.0,91.0,62.0,100.0,59.0,92.0
45,60,5.0,0.0,2.0,[44 46],59.0,92.0,87.0,91.0,50.0,148.0,34.0,47.0,62.0,100.0
45,61,5.0,0.0,2.0,[44 46],62.0,100.0,50.0,148.0,59.0,92.0,54.0,82.0,34.0,47.0
45,62,5.0,0.0,2.0,[44 46],34.0,47.0,59.0,92.0,62.0,100.0,65.0,79.0,54.0,82.0
45,63,5.0,0.0,2.0,[44 46],54.0,82.0,62.0,100.0,34.0,47.0,54.0,56.0,65.0,79.0
45,64,5.0,0.0,2.0,[44 46],65.0,79.0,34.0,47.0,54.0,82.0,50.0,57.0,54.0,56.0
45,65,5.0,0.0,2.0,[44 46],54.0,56.0,54.0,82.0,65.0,79.0,46.0,48.0,50.0,57.0
45,66,5.0,0.0,2.0,[44 46],50.0,57.0,65.0,79.0,54.0,56.0,56.0,53.0,46.0,48.0
45,67,5.0,0.0,2.0,[44 46],46.0,48.0,54.0,56.0,50.0,57.0,49.0,43.0,56.0,53.0
45,68,5.0,0.0,2.0,[44 46],56.0,53.0,50.0,57.0,46.0,48.0,64.0,34.0,49.0,43.0
45,69,5.0,0.0,2.0,[44 46],49.0,43.0,46.0,48.0,56.0,53.0,57.0,51.0,64.0,34.0
45,70,5.0,0.0,2.0,[44 46],64.0,34.0,56.0,53.0,49.0,43.0,59.0,67.0,57.0,51.0
45,71,5.0,0.0,2.0,[44 46],57.0,51.0,49.0,43.0,64.0,34.0,65.0,31.0,59.0,67.0
45,72,5.0,0.0,2.0,[44 46],59.0,67.0,64.0,34.0,57.0,51.0,75.0,45.0,65.0,31.0
45,73,5.0,0.0,2.0,[44 46],65.0,31.0,57.0,51.0,59.0,67.0,50.0,76.0,75.0,45.0
45,74,5.0,0.0,2.0,[44 46],75.0,45.0,59.0,67.0,65.0,31.0,71.0,71.0,50.0,76.0
45,75,5.0,0.0,2.0,[44 46],50.0,76.0,65.0,31.0,75.0,45.0,69.0,99.0,71.0,71.0
45,76,5.0,0.0,2.0,[44 46],71.0,71.0,75.0,45.0,50.0,76.0,48.0,87.0,69.0,99.0
45,77,5.0,0.0,2.0,[44 46],69.0,99.0,50.0,76.0,71.0,71.0,58.0,88.0,48.0,87.0
45,78,5.0,0.0,2.0,[44 46],48.0,87.0,71.0,71.0,69.0,99.0,82.0,60.0,58.0,88.0
45,79,5.0,0.0,2.0,[44 46],58.0,88.0,69.0,99.0,48.0,87.0,72.0,40.0,82.0,60.0
45,80,5.0,0.0,2.0,[44 46],82.0,60.0,48.0,87.0,58.0,88.0,71.0,70.0,72.0,40.0
45,81,5.0,0.0,2.0,[44 46],72.0,40.0,58.0,88.0,82.0,60.0,58.0,62.0,71.0,70.0
45,82,5.0,0.0,2.0,[44 46],71.0,70.0,82.0,60.0,72.0,40.0,76.0,57.0,58.0,62.0
45,83,5.0,0.0,2.0,[44 46],58.0,62.0,72.0,40.0,71.0,70.0,55.0,68.0,76.0,57.0
45,84,5.0,0.0,2.0,[44 46],76.0,57.0,71.0,70.0,58.0,62.0,41.0,54.0,55.0,68.0
45,85,5.0,0.0,2.0,[44 46],55.0,68.0,58.0,62.0,76.0,57.0,82.0,47.0,41.0,54.0
45,86,5.0,0.0,2.0,[44 46],41.0,54.0,76.0,57.0,55.0,68.0,54.0,43.0,82.0,47.0
45,87,5.0,0.0,2.0,[44 46],82.0,47.0,55.0,68.0,41.0,54.0,69.0,73.0,54.0,43.0
45,88,5.0,0.0,2.0,[44 46],54.0,43.0,41.0,54.0,82.0,47.0,83.0,67.0,69.0,73.0
45,89,5.0,0.0,2.0,[44 46],69.0,73.0,82.0,47.0,54.0,43.0,105.0,52.0,83.0,67.0
45,90,5.0,0.0,2.0,[44 46],83.0,67.0,54.0,43.0,69.0,73.0,89.0,85.0,105.0,52.0
45,91,5.0,0.0,2.0,[44 46],105.0,52.0,69.0,73.0,83.0,67.0,89.0,68.0,89.0,85.0
45,92,5.0,0.0,2.0,[44 46],89.0,85.0,83.0,67.0,105.0,52.0,75.0,64.0,89.0,68.0
45,93,5.0,0.0,2.0,[44 46],89.0,68.0,105.0,52.0,89.0,85.0,87.0,60.0,75.0,64.0
45,94,5.0,0.0,2.0,[44 46],75.0,64.0,89.0,85.0,89.0,68.0,73.0,60.0,87.0,60.0
45,95,5.0,0.0,2.0,[44 46],87.0,60.0,89.0,68.0,75.0,64.0,93.0,63.0,73.0,60.0
45,96,5.0,0.0,2.0,[44 46],73.0,60.0,75.0,64.0,87.0,60.0,100.0,62.0,93.0,63.0
45,97,5.0,0.0,2.0,[44 46],93.0,63.0,87.0,60.0,73.0,60.0,132.0,82.0,100.0,62.0
45,98,5.0,0.0,2.0,[44 46],100.0,62.0,73.0,60.0,93.0,63.0,119.0,81.0,132.0,82.0
45,99,5.0,0.0,2.0,[44 46],132.0,82.0,93.0,63.0,100.0,62.0,112.0,88.0,119.0,81.0
45,100,5.0,0.0,2.0,[44 46],119.0,81.0,100.0,62.0,132.0,82.0,189.0,99.0,112.0,88.0
45,101,5.0,0.0,2.0,[44 46],112.0,88.0,132.0,82.0,119.0,81.0,329.0,100.0,189.0,99.0
45,102,5.0,0.0,2.0,[44 46],189.0,99.0,119.0,81.0,112.0,88.0,343.0,124.0,329.0,100.0
45,103,5.0,0.0,2.0,[44 46],329.0,100.0,112.0,88.0,189.0,99.0,301.0,158.0,343.0,124.0
45,104,5.0,0.0,2.0,[44 46],343.0,124.0,189.0,99.0,329.0,100.0,653.0,238.0,301.0,158.0
45,105,5.0,0.0,2.0,[44 46],301.0,158.0,329.0,100.0,343.0,124.0,422.0,208.0,653.0,238.0
45,106,5.0,0.0,2.0,[44 46],653.0,238.0,343.0,124.0,301.0,158.0,386.0,200.0,422.0,208.0
45,107,5.0,0.0,2.0,[44 46],422.0,208.0,301.0,158.0,653.0,238.0,494.0,164.0,386.0,200.0
45,108,5.0,0.0,2.0,[44 46],386.0,200.0,653.0,238.0,422.0,208.0,409.0,258.0,494.0,164.0
45,109,5.0,0.0,2.0,[44 46],494.0,164.0,422.0,208.0,386.0,200.0,265.0,199.0,409.0,258.0
45,110,5.0,0.0,2.0,[44 46],409.0,258.0,386.0,200.0,494.0,164.0,255.0,178.0,265.0,199.0
45,111,5.0,0.0,2.0,[44 46],265.0,199.0,494.0,164.0,409.0,258.0,185.0,197.0,255.0,178.0
45,112,5.0,0.0,2.0,[44 46],255.0,178.0,409.0,258.0,265.0,199.0,158.0,143.0,185.0,197.0
45,113,5.0,0.0,2.0,[44 46],185.0,197.0,265.0,199.0,255.0,178.0,153.0,129.0,158.0,143.0
45,114,5.0,0.0,2.0,[44 46],158.0,143.0,255.0,178.0,185.0,197.0,136.0,150.0,153.0,129.0
45,115,5.0,0.0,2.0,[44 46],153.0,129.0,185.0,197.0,158.0,143.0,99.0,124.0,136.0,150.0
45,116,5.0,0.0,2.0,[44 46],136.0,150.0,158.0,143.0,153.0,129.0,102.0,130.0,99.0,124.0
45,117,5.0,0.0,2.0,[44 46],99.0,124.0,153.0,129.0,136.0,150.0,72.0,78.0,102.0,130.0
45,118,5.0,0.0,2.0,[44 46],102.0,130.0,136.0,150.0,99.0,124.0,99.0,120.0,72.0,78.0
45,119,5.0,0.0,2.0,[44 46],72.0,78.0,99.0,124.0,102.0,130.0,138.0,129.0,99.0,120.0
45,120,5.0,0.0,2.0,[44 46],99.0,120.0,102.0,130.0,72.0,78.0,112.0,130.0,138.0,129.0
45,121,5.0,0.0,2.0,[44 46],138.0,129.0,72.0,78.0,99.0,120.0,118.0,77.0,112.0,130.0
45,122,5.0,0.0,2.0,[44 46],112.0,130.0,99.0,120.0,138.0,129.0,143.0,80.0,118.0,77.0
45,123,5.0,0.0,2.0,[44 46],118.0,77.0,138.0,129.0,112.0,130.0,82.0,117.0,143.0,80.0
45,124,5.0,0.0,2.0,[44 46],143.0,80.0,112.0,130.0,118.0,77.0,81.0,114.0,82.0,117.0
45,125,5.0,0.0,2.0,[44 46],82.0,117.0,118.0,77.0,143.0,80.0,100.0,90.0,81.0,114.0
45,126,5.0,0.0,2.0,[44 46],81.0,114.0,143.0,80.0,82.0,117.0,112.0,103.0,100.0,90.0
45,127,5.0,0.0,2.0,[44 46],100.0,90.0,82.0,117.0,81.0,114.0,71.0,95.0,112.0,103.0
45,128,5.0,0.0,2.0,[44 46],112.0,103.0,81.0,114.0,100.0,90.0,58.0,94.0,71.0,95.0
45,129,5.0,0.0,2.0,[44 46],71.0,95.0,100.0,90.0,112.0,103.0,40.0,105.0,58.0,94.0
45,130,5.0,0.0,2.0,[44 46],58.0,94.0,112.0,103.0,71.0,95.0,66.0,109.0,40.0,105.0
45,131,5.0,0.0,2.0,[44 46],40.0,105.0,71.0,95.0,58.0,94.0,84.0,99.0,66.0,109.0
45,132,5.0,0.0,2.0,[44 46],66.0,109.0,58.0,94.0,40.0,105.0,36.0,45.0,84.0,99.0
45,133,5.0,0.0,2.0,[44 46],84.0,99.0,40.0,105.0,66.0,109.0,29.0,87.0,36.0,45.0
45,134,5.0,0.0,2.0,[44 46],36.0,45.0,66.0,109.0,84.0,99.0,27.0,40.0,29.0,87.0
45,135,5.0,0.0,2.0,[44 46],29.0,87.0,84.0,99.0,36.0,45.0,23.0,80.0,27.0,40.0
45,136,5.0,0.0,2.0,[44 46],27.0,40.0,36.0,45.0,29.0,87.0,22.0,39.0,23.0,80.0
45,137,5.0,0.0,2.0,[44 46],23.0,80.0,29.0,87.0,27.0,40.0,15.0,26.0,22.0,39.0
45,138,5.0,0.0,2.0,[44 46],22.0,39.0,27.0,40.0,23.0,80.0,8.0,24.0,15.0,26.0
45,139,5.0,0.0,2.0,[44 46],15.0,26.0,23.0,80.0,22.0,39.0,3.0,11.0,8.0,24.0
45,140,5.0,0.0,2.0,[44 46],8.0,24.0,22.0,39.0,15.0,26.0,1.0,2.0,3.0,11.0
45,141,5.0,0.0,2.0,[44 46],3.0,11.0,15.0,26.0,8.0,24.0,0.0,0.0,1.0,2.0
45,142,5.0,0.0,2.0,[44 46],1.0,2.0,8.0,24.0,3.0,11.0,0.0,0.0,0.0,0.0
45,143,5.0,0.0,2.0,[44 46],0.0,0.0,3.0,11.0,1.0,2.0,0.0,0.0,0.0,0.0
46,0,5.0,0.0,4.0,[45 47 77 78],0.0,0.0,0.0,0.0,0.0,0.0,0.0,0.0,0.0,0.0
46,1,5.0,0.0,4.0,[45 47 77 78],0.0,0.0,0.0,0.0,0.0,0.0,0.0,0.0,0.0,0.0
46,2,5.0,0.0,4.0,[45 47 77 78],0.0,0.0,0.0,0.0,0.0,0.0,0.0,0.0,0.0,0.0
46,3,5.0,0.0,4.0,[45 47 77 78],0.0,0.0,0.0,0.0,0.0,0.0,0.0,0.0,0.0,0.0
46,4,5.0,0.0,4.0,[45 47 77 78],0.0,0.0,0.0,0.0,0.0,0.0,0.0,0.0,0.0,0.0
46,5,5.0,0.0,4.0,[45 47 77 78],0.0,0.0,0.0,0.0,0.0,0.0,0.0,0.0,0.0,0.0
46,6,5.0,0.0,4.0,[45 47 77 78],0.0,0.0,0.0,0.0,0.0,0.0,0.0,0.0,0.0,0.0
46,7,5.0,0.0,4.0,[45 47 77 78],0.0,0.0,0.0,0.0,0.0,0.0,0.0,0.0,0.0,0.0
46,8,5.0,0.0,4.0,[45 47 77 78],0.0,0.0,0.0,0.0,0.0,0.0,0.0,0.0,0.0,0.0
46,9,5.0,0.0,4.0,[45 47 77 78],0.0,0.0,0.0,0.0,0.0,0.0,0.0,0.0,0.0,0.0
46,10,5.0,0.0,4.0,[45 47 77 78],0.0,0.0,0.0,0.0,0.0,0.0,0.0,0.0,0.0,0.0
46,11,5.0,0.0,4.0,[45 47 77 78],0.0,0.0,0.0,0.0,0.0,0.0,0.0,0.0,0.0,0.0
46,12,5.0,0.0,4.0,[45 47 77 78],0.0,0.0,0.0,0.0,0.0,0.0,0.0,0.0,0.0,0.0
46,13,5.0,0.0,4.0,[45 47 77 78],0.0,0.0,0.0,0.0,0.0,0.0,0.0,0.0,0.0,0.0
46,14,5.0,0.0,4.0,[45 47 77 78],0.0,0.0,0.0,0.0,0.0,0.0,0.0,0.0,0.0,0.0
46,15,5.0,0.0,4.0,[45 47 77 78],0.0,0.0,0.0,0.0,0.0,0.0,0.0,0.0,0.0,0.0
46,16,5.0,0.0,4.0,[45 47 77 78],0.0,0.0,0.0,0.0,0.0,0.0,0.0,0.0,0.0,0.0
46,17,5.0,0.0,4.0,[45 47 77 78],0.0,0.0,0.0,0.0,0.0,0.0,0.0,0.0,0.0,0.0
46,18,5.0,0.0,4.0,[45 47 77 78],0.0,0.0,0.0,0.0,0.0,0.0,0.0,0.0,0.0,0.0
46,19,5.0,0.0,4.0,[45 47 77 78],0.0,0.0,0.0,0.0,0.0,0.0,0.0,0.0,0.0,0.0
46,20,5.0,0.0,4.0,[45 47 77 78],0.0,0.0,0.0,0.0,0.0,0.0,0.0,0.0,0.0,0.0
46,21,5.0,0.0,4.0,[45 47 77 78],0.0,0.0,0.0,0.0,0.0,0.0,0.0,0.0,0.0,0.0
46,22,5.0,0.0,4.0,[45 47 77 78],0.0,0.0,0.0,0.0,0.0,0.0,0.0,0.0,0.0,0.0
46,23,5.0,0.0,4.0,[45 47 77 78],0.0,0.0,0.0,0.0,0.0,0.0,0.0,0.0,0.0,0.0
46,24,5.0,0.0,4.0,[45 47 77 78],0.0,0.0,0.0,0.0,0.0,0.0,0.0,0.0,0.0,0.0
46,25,5.0,0.0,4.0,[45 47 77 78],0.0,0.0,0.0,0.0,0.0,0.0,0.0,0.0,0.0,0.0
46,26,5.0,0.0,4.0,[45 47 77 78],0.0,0.0,0.0,0.0,0.0,0.0,0.0,0.0,0.0,0.0
46,27,5.0,0.0,4.0,[45 47 77 78],0.0,0.0,0.0,0.0,0.0,0.0,0.0,0.0,0.0,0.0
46,28,5.0,0.0,4.0,[45 47 77 78],0.0,0.0,0.0,0.0,0.0,0.0,0.0,0.0,0.0,0.0
46,29,5.0,0.0,4.0,[45 47 77 78],0.0,0.0,0.0,0.0,0.0,0.0,0.0,0.0,0.0,0.0
46,30,5.0,0.0,4.0,[45 47 77 78],0.0,0.0,0.0,0.0,0.0,0.0,0.0,0.0,0.0,0.0
46,31,5.0,0.0,4.0,[45 47 77 78],0.0,0.0,0.0,0.0,0.0,0.0,0.0,0.0,0.0,0.0
46,32,5.0,0.0,4.0,[45 47 77 78],0.0,0.0,0.0,0.0,0.0,0.0,3.0,2.0,0.0,0.0
46,33,5.0,0.0,4.0,[45 47 77 78],0.0,0.0,0.0,0.0,0.0,0.0,6.0,2.0,3.0,2.0
46,34,5.0,0.0,4.0,[45 47 77 78],3.0,2.0,0.0,0.0,0.0,0.0,16.0,3.0,6.0,2.0
46,35,5.0,0.0,4.0,[45 47 77 78],6.0,2.0,0.0,0.0,3.0,2.0,15.0,14.0,16.0,3.0
46,36,5.0,0.0,4.0,[45 47 77 78],16.0,3.0,3.0,2.0,6.0,2.0,21.0,24.0,15.0,14.0
46,37,5.0,0.0,4.0,[45 47 77 78],15.0,14.0,6.0,2.0,16.0,3.0,51.0,24.0,21.0,24.0
46,38,5.0,0.0,4.0,[45 47 77 78],21.0,24.0,16.0,3.0,15.0,14.0,48.0,43.0,51.0,24.0
46,39,5.0,0.0,4.0,[45 47 77 78],51.0,24.0,15.0,14.0,21.0,24.0,62.0,44.0,48.0,43.0
46,40,5.0,0.0,4.0,[45 47 77 78],48.0,43.0,21.0,24.0,51.0,24.0,95.0,54.0,62.0,44.0
46,41,5.0,0.0,4.0,[45 47 77 78],62.0,44.0,51.0,24.0,48.0,43.0,116.0,93.0,95.0,54.0
46,42,5.0,0.0,4.0,[45 47 77 78],95.0,54.0,48.0,43.0,62.0,44.0,158.0,102.0,116.0,93.0
46,43,5.0,0.0,4.0,[45 47 77 78],116.0,93.0,62.0,44.0,95.0,54.0,237.0,150.0,158.0,102.0
46,44,5.0,0.0,4.0,[45 47 77 78],158.0,102.0,95.0,54.0,116.0,93.0,259.0,219.0,237.0,150.0
46,45,5.0,0.0,4.0,[45 47 77 78],237.0,150.0,116.0,93.0,158.0,102.0,401.0,365.0,259.0,219.0
46,46,5.0,0.0,4.0,[45 47 77 78],259.0,219.0,158.0,102.0,237.0,150.0,491.0,534.0,401.0,365.0
46,47,5.0,0.0,4.0,[45 47 77 78],401.0,365.0,237.0,150.0,259.0,219.0,424.0,842.0,491.0,534.0
46,48,5.0,0.0,4.0,[45 47 77 78],491.0,534.0,259.0,219.0,401.0,365.0,388.0,712.0,424.0,842.0
46,49,5.0,0.0,4.0,[45 47 77 78],424.0,842.0,401.0,365.0,491.0,534.0,398.0,812.0,388.0,712.0
46,50,5.0,0.0,4.0,[45 47 77 78],388.0,712.0,491.0,534.0,424.0,842.0,366.0,1143.0,398.0,812.0
46,51,5.0,0.0,4.0,[45 47 77 78],398.0,812.0,424.0,842.0,388.0,712.0,263.0,964.0,366.0,1143.0
46,52,5.0,0.0,4.0,[45 47 77 78],366.0,1143.0,388.0,712.0,398.0,812.0,281.0,461.0,263.0,964.0
46,53,5.0,0.0,4.0,[45 47 77 78],263.0,964.0,398.0,812.0,366.0,1143.0,177.0,474.0,281.0,461.0
46,54,5.0,0.0,4.0,[45 47 77 78],281.0,461.0,366.0,1143.0,263.0,964.0,156.0,491.0,177.0,474.0
46,55,5.0,0.0,4.0,[45 47 77 78],177.0,474.0,263.0,964.0,281.0,461.0,156.0,290.0,156.0,491.0
46,56,5.0,0.0,4.0,[45 47 77 78],156.0,491.0,281.0,461.0,177.0,474.0,166.0,230.0,156.0,290.0
46,57,5.0,0.0,4.0,[45 47 77 78],156.0,290.0,177.0,474.0,156.0,491.0,141.0,228.0,166.0,230.0
46,58,5.0,0.0,4.0,[45 47 77 78],166.0,230.0,156.0,491.0,156.0,290.0,101.0,178.0,141.0,228.0
46,59,5.0,0.0,4.0,[45 47 77 78],141.0,228.0,156.0,290.0,166.0,230.0,122.0,184.0,101.0,178.0
46,60,5.0,0.0,4.0,[45 47 77 78],101.0,178.0,166.0,230.0,141.0,228.0,96.0,111.0,122.0,184.0
46,61,5.0,0.0,4.0,[45 47 77 78],122.0,184.0,141.0,228.0,101.0,178.0,95.0,180.0,96.0,111.0
46,62,5.0,0.0,4.0,[45 47 77 78],96.0,111.0,101.0,178.0,122.0,184.0,99.0,157.0,95.0,180.0
46,63,5.0,0.0,4.0,[45 47 77 78],95.0,180.0,122.0,184.0,96.0,111.0,99.0,152.0,99.0,157.0
46,64,5.0,0.0,4.0,[45 47 77 78],99.0,157.0,96.0,111.0,95.0,180.0,81.0,116.0,99.0,152.0
46,65,5.0,0.0,4.0,[45 47 77 78],99.0,152.0,95.0,180.0,99.0,157.0,105.0,153.0,81.0,116.0
46,66,5.0,0.0,4.0,[45 47 77 78],81.0,116.0,99.0,157.0,99.0,152.0,118.0,112.0,105.0,153.0
46,67,5.0,0.0,4.0,[45 47 77 78],105.0,153.0,99.0,152.0,81.0,116.0,165.0,150.0,118.0,112.0
46,68,5.0,0.0,4.0,[45 47 77 78],118.0,112.0,81.0,116.0,105.0,153.0,139.0,116.0,165.0,150.0
46,69,5.0,0.0,4.0,[45 47 77 78],165.0,150.0,105.0,153.0,118.0,112.0,121.0,126.0,139.0,116.0
46,70,5.0,0.0,4.0,[45 47 77 78],139.0,116.0,118.0,112.0,165.0,150.0,135.0,140.0,121.0,126.0
46,71,5.0,0.0,4.0,[45 47 77 78],121.0,126.0,165.0,150.0,139.0,116.0,162.0,140.0,135.0,140.0
46,72,5.0,0.0,4.0,[45 47 77 78],135.0,140.0,139.0,116.0,121.0,126.0,154.0,116.0,162.0,140.0
46,73,5.0,0.0,4.0,[45 47 77 78],162.0,140.0,121.0,126.0,135.0,140.0,128.0,152.0,154.0,116.0
46,74,5.0,0.0,4.0,[45 47 77 78],154.0,116.0,135.0,140.0,162.0,140.0,139.0,170.0,128.0,152.0
46,75,5.0,0.0,4.0,[45 47 77 78],128.0,152.0,162.0,140.0,154.0,116.0,117.0,177.0,139.0,170.0
46,76,5.0,0.0,4.0,[45 47 77 78],139.0,170.0,154.0,116.0,128.0,152.0,164.0,153.0,117.0,177.0
46,77,5.0,0.0,4.0,[45 47 77 78],117.0,177.0,128.0,152.0,139.0,170.0,139.0,123.0,164.0,153.0
46,78,5.0,0.0,4.0,[45 47 77 78],164.0,153.0,139.0,170.0,117.0,177.0,131.0,119.0,139.0,123.0
46,79,5.0,0.0,4.0,[45 47 77 78],139.0,123.0,117.0,177.0,164.0,153.0,111.0,148.0,131.0,119.0
46,80,5.0,0.0,4.0,[45 47 77 78],131.0,119.0,164.0,153.0,139.0,123.0,126.0,146.0,111.0,148.0
46,81,5.0,0.0,4.0,[45 47 77 78],111.0,148.0,139.0,123.0,131.0,119.0,122.0,131.0,126.0,146.0
46,82,5.0,0.0,4.0,[45 47 77 78],126.0,146.0,131.0,119.0,111.0,148.0,114.0,127.0,122.0,131.0
46,83,5.0,0.0,4.0,[45 47 77 78],122.0,131.0,111.0,148.0,126.0,146.0,158.0,132.0,114.0,127.0
46,84,5.0,0.0,4.0,[45 47 77 78],114.0,127.0,126.0,146.0,122.0,131.0,129.0,123.0,158.0,132.0
46,85,5.0,0.0,4.0,[45 47 77 78],158.0,132.0,122.0,131.0,114.0,127.0,177.0,148.0,129.0,123.0
46,86,5.0,0.0,4.0,[45 47 77 78],129.0,123.0,114.0,127.0,158.0,132.0,136.0,124.0,177.0,148.0
46,87,5.0,0.0,4.0,[45 47 77 78],177.0,148.0,158.0,132.0,129.0,123.0,136.0,133.0,136.0,124.0
46,88,5.0,0.0,4.0,[45 47 77 78],136.0,124.0,129.0,123.0,177.0,148.0,169.0,116.0,136.0,133.0
46,89,5.0,0.0,4.0,[45 47 77 78],136.0,133.0,177.0,148.0,136.0,124.0,201.0,129.0,169.0,116.0
46,90,5.0,0.0,4.0,[45 47 77 78],169.0,116.0,136.0,124.0,136.0,133.0,158.0,124.0,201.0,129.0
46,91,5.0,0.0,4.0,[45 47 77 78],201.0,129.0,136.0,133.0,169.0,116.0,216.0,157.0,158.0,124.0
46,92,5.0,0.0,4.0,[45 47 77 78],158.0,124.0,169.0,116.0,201.0,129.0,210.0,165.0,216.0,157.0
46,93,5.0,0.0,4.0,[45 47 77 78],216.0,157.0,201.0,129.0,158.0,124.0,266.0,130.0,210.0,165.0
46,94,5.0,0.0,4.0,[45 47 77 78],210.0,165.0,158.0,124.0,216.0,157.0,265.0,167.0,266.0,130.0
46,95,5.0,0.0,4.0,[45 47 77 78],266.0,130.0,216.0,157.0,210.0,165.0,206.0,150.0,265.0,167.0
46,96,5.0,0.0,4.0,[45 47 77 78],265.0,167.0,210.0,165.0,266.0,130.0,178.0,158.0,206.0,150.0
46,97,5.0,0.0,4.0,[45 47 77 78],206.0,150.0,266.0,130.0,265.0,167.0,190.0,157.0,178.0,158.0
46,98,5.0,0.0,4.0,[45 47 77 78],178.0,158.0,265.0,167.0,206.0,150.0,191.0,161.0,190.0,157.0
46,99,5.0,0.0,4.0,[45 47 77 78],190.0,157.0,206.0,150.0,178.0,158.0,202.0,172.0,191.0,161.0
46,100,5.0,0.0,4.0,[45 47 77 78],191.0,161.0,178.0,158.0,190.0,157.0,332.0,208.0,202.0,172.0
46,101,5.0,0.0,4.0,[45 47 77 78],202.0,172.0,190.0,157.0,191.0,161.0,392.0,251.0,332.0,208.0
46,102,5.0,0.0,4.0,[45 47 77 78],332.0,208.0,191.0,161.0,202.0,172.0,413.0,241.0,392.0,251.0
46,103,5.0,0.0,4.0,[45 47 77 78],392.0,251.0,202.0,172.0,332.0,208.0,458.0,263.0,413.0,241.0
46,104,5.0,0.0,4.0,[45 47 77 78],413.0,241.0,332.0,208.0,392.0,251.0,711.0,273.0,458.0,263.0
46,105,5.0,0.0,4.0,[45 47 77 78],458.0,263.0,392.0,251.0,413.0,241.0,698.0,329.0,711.0,273.0
46,106,5.0,0.0,4.0,[45 47 77 78],711.0,273.0,413.0,241.0,458.0,263.0,542.0,313.0,698.0,329.0
46,107,5.0,0.0,4.0,[45 47 77 78],698.0,329.0,458.0,263.0,711.0,273.0,729.0,306.0,542.0,313.0
46,108,5.0,0.0,4.0,[45 47 77 78],542.0,313.0,711.0,273.0,698.0,329.0,603.0,376.0,729.0,306.0
46,109,5.0,0.0,4.0,[45 47 77 78],729.0,306.0,698.0,329.0,542.0,313.0,470.0,315.0,603.0,376.0
46,110,5.0,0.0,4.0,[45 47 77 78],603.0,376.0,542.0,313.0,729.0,306.0,453.0,297.0,470.0,315.0
46,111,5.0,0.0,4.0,[45 47 77 78],470.0,315.0,729.0,306.0,603.0,376.0,349.0,283.0,453.0,297.0
46,112,5.0,0.0,4.0,[45 47 77 78],453.0,297.0,603.0,376.0,470.0,315.0,313.0,206.0,349.0,283.0
46,113,5.0,0.0,4.0,[45 47 77 78],349.0,283.0,470.0,315.0,453.0,297.0,313.0,195.0,313.0,206.0
46,114,5.0,0.0,4.0,[45 47 77 78],313.0,206.0,453.0,297.0,349.0,283.0,283.0,174.0,313.0,195.0
46,115,5.0,0.0,4.0,[45 47 77 78],313.0,195.0,349.0,283.0,313.0,206.0,239.0,178.0,283.0,174.0
46,116,5.0,0.0,4.0,[45 47 77 78],283.0,174.0,313.0,206.0,313.0,195.0,215.0,144.0,239.0,178.0
46,117,5.0,0.0,4.0,[45 47 77 78],239.0,178.0,313.0,195.0,283.0,174.0,210.0,172.0,215.0,144.0
46,118,5.0,0.0,4.0,[45 47 77 78],215.0,144.0,283.0,174.0,239.0,178.0,243.0,131.0,210.0,172.0
46,119,5.0,0.0,4.0,[45 47 77 78],210.0,172.0,239.0,178.0,215.0,144.0,272.0,173.0,243.0,131.0
46,120,5.0,0.0,4.0,[45 47 77 78],243.0,131.0,215.0,144.0,210.0,172.0,277.0,125.0,272.0,173.0
46,121,5.0,0.0,4.0,[45 47 77 78],272.0,173.0,210.0,172.0,243.0,131.0,237.0,137.0,277.0,125.0
46,122,5.0,0.0,4.0,[45 47 77 78],277.0,125.0,243.0,131.0,272.0,173.0,234.0,121.0,237.0,137.0
46,123,5.0,0.0,4.0,[45 47 77 78],237.0,137.0,272.0,173.0,277.0,125.0,244.0,161.0,234.0,121.0
46,124,5.0,0.0,4.0,[45 47 77 78],234.0,121.0,277.0,125.0,237.0,137.0,230.0,147.0,244.0,161.0
46,125,5.0,0.0,4.0,[45 47 77 78],244.0,161.0,237.0,137.0,234.0,121.0,241.0,128.0,230.0,147.0
46,126,5.0,0.0,4.0,[45 47 77 78],230.0,147.0,234.0,121.0,244.0,161.0,210.0,109.0,241.0,128.0
46,127,5.0,0.0,4.0,[45 47 77 78],241.0,128.0,244.0,161.0,230.0,147.0,200.0,125.0,210.0,109.0
46,128,5.0,0.0,4.0,[45 47 77 78],210.0,109.0,230.0,147.0,241.0,128.0,198.0,141.0,200.0,125.0
46,129,5.0,0.0,4.0,[45 47 77 78],200.0,125.0,241.0,128.0,210.0,109.0,193.0,111.0,198.0,141.0
46,130,5.0,0.0,4.0,[45 47 77 78],198.0,141.0,210.0,109.0,200.0,125.0,161.0,88.0,193.0,111.0
46,131,5.0,0.0,4.0,[45 47 77 78],193.0,111.0,200.0,125.0,198.0,141.0,203.0,91.0,161.0,88.0
46,132,5.0,0.0,4.0,[45 47 77 78],161.0,88.0,198.0,141.0,193.0,111.0,170.0,91.0,203.0,91.0
46,133,5.0,0.0,4.0,[45 47 77 78],203.0,91.0,193.0,111.0,161.0,88.0,119.0,76.0,170.0,91.0
46,134,5.0,0.0,4.0,[45 47 77 78],170.0,91.0,161.0,88.0,203.0,91.0,161.0,80.0,119.0,76.0
46,135,5.0,0.0,4.0,[45 47 77 78],119.0,76.0,203.0,91.0,170.0,91.0,60.0,64.0,161.0,80.0
46,136,5.0,0.0,4.0,[45 47 77 78],161.0,80.0,170.0,91.0,119.0,76.0,77.0,58.0,60.0,64.0
46,137,5.0,0.0,4.0,[45 47 77 78],60.0,64.0,119.0,76.0,161.0,80.0,58.0,53.0,77.0,58.0
46,138,5.0,0.0,4.0,[45 47 77 78],77.0,58.0,161.0,80.0,60.0,64.0,6.0,31.0,58.0,53.0
46,139,5.0,0.0,4.0,[45 47 77 78],58.0,53.0,60.0,64.0,77.0,58.0,0.0,13.0,6.0,31.0
46,140,5.0,0.0,4.0,[45 47 77 78],6.0,31.0,77.0,58.0,58.0,53.0,0.0,0.0,0.0,13.0
46,141,5.0,0.0,4.0,[45 47 77 78],0.0,13.0,58.0,53.0,6.0,31.0,0.0,0.0,0.0,0.0
46,142,5.0,0.0,4.0,[45 47 77 78],0.0,0.0,6.0,31.0,0.0,13.0,0.0,0.0,0.0,0.0
46,143,5.0,0.0,4.0,[45 47 77 78],0.0,0.0,0.0,13.0,0.0,0.0,0.0,0.0,0.0,0.0
47,0,5.0,0.0,2.0,[46 48],0.0,0.0,0.0,0.0,0.0,0.0,0.0,0.0,0.0,0.0
47,1,5.0,0.0,2.0,[46 48],0.0,0.0,0.0,0.0,0.0,0.0,0.0,0.0,0.0,0.0
47,2,5.0,0.0,2.0,[46 48],0.0,0.0,0.0,0.0,0.0,0.0,0.0,0.0,0.0,0.0
47,3,5.0,0.0,2.0,[46 48],0.0,0.0,0.0,0.0,0.0,0.0,0.0,0.0,0.0,0.0
47,4,5.0,0.0,2.0,[46 48],0.0,0.0,0.0,0.0,0.0,0.0,0.0,0.0,0.0,0.0
47,5,5.0,0.0,2.0,[46 48],0.0,0.0,0.0,0.0,0.0,0.0,0.0,0.0,0.0,0.0
47,6,5.0,0.0,2.0,[46 48],0.0,0.0,0.0,0.0,0.0,0.0,0.0,0.0,0.0,0.0
47,7,5.0,0.0,2.0,[46 48],0.0,0.0,0.0,0.0,0.0,0.0,0.0,0.0,0.0,0.0
47,8,5.0,0.0,2.0,[46 48],0.0,0.0,0.0,0.0,0.0,0.0,0.0,0.0,0.0,0.0
47,9,5.0,0.0,2.0,[46 48],0.0,0.0,0.0,0.0,0.0,0.0,0.0,0.0,0.0,0.0
47,10,5.0,0.0,2.0,[46 48],0.0,0.0,0.0,0.0,0.0,0.0,0.0,0.0,0.0,0.0
47,11,5.0,0.0,2.0,[46 48],0.0,0.0,0.0,0.0,0.0,0.0,0.0,0.0,0.0,0.0
47,12,5.0,0.0,2.0,[46 48],0.0,0.0,0.0,0.0,0.0,0.0,0.0,0.0,0.0,0.0
47,13,5.0,0.0,2.0,[46 48],0.0,0.0,0.0,0.0,0.0,0.0,0.0,0.0,0.0,0.0
47,14,5.0,0.0,2.0,[46 48],0.0,0.0,0.0,0.0,0.0,0.0,0.0,0.0,0.0,0.0
47,15,5.0,0.0,2.0,[46 48],0.0,0.0,0.0,0.0,0.0,0.0,0.0,0.0,0.0,0.0
47,16,5.0,0.0,2.0,[46 48],0.0,0.0,0.0,0.0,0.0,0.0,0.0,0.0,0.0,0.0
47,17,5.0,0.0,2.0,[46 48],0.0,0.0,0.0,0.0,0.0,0.0,0.0,0.0,0.0,0.0
47,18,5.0,0.0,2.0,[46 48],0.0,0.0,0.0,0.0,0.0,0.0,0.0,0.0,0.0,0.0
47,19,5.0,0.0,2.0,[46 48],0.0,0.0,0.0,0.0,0.0,0.0,0.0,0.0,0.0,0.0
47,20,5.0,0.0,2.0,[46 48],0.0,0.0,0.0,0.0,0.0,0.0,0.0,0.0,0.0,0.0
47,21,5.0,0.0,2.0,[46 48],0.0,0.0,0.0,0.0,0.0,0.0,0.0,0.0,0.0,0.0
47,22,5.0,0.0,2.0,[46 48],0.0,0.0,0.0,0.0,0.0,0.0,0.0,0.0,0.0,0.0
47,23,5.0,0.0,2.0,[46 48],0.0,0.0,0.0,0.0,0.0,0.0,0.0,0.0,0.0,0.0
47,24,5.0,0.0,2.0,[46 48],0.0,0.0,0.0,0.0,0.0,0.0,0.0,0.0,0.0,0.0
47,25,5.0,0.0,2.0,[46 48],0.0,0.0,0.0,0.0,0.0,0.0,0.0,0.0,0.0,0.0
47,26,5.0,0.0,2.0,[46 48],0.0,0.0,0.0,0.0,0.0,0.0,0.0,0.0,0.0,0.0
47,27,5.0,0.0,2.0,[46 48],0.0,0.0,0.0,0.0,0.0,0.0,0.0,0.0,0.0,0.0
47,28,5.0,0.0,2.0,[46 48],0.0,0.0,0.0,0.0,0.0,0.0,0.0,0.0,0.0,0.0
47,29,5.0,0.0,2.0,[46 48],0.0,0.0,0.0,0.0,0.0,0.0,0.0,0.0,0.0,0.0
47,30,5.0,0.0,2.0,[46 48],0.0,0.0,0.0,0.0,0.0,0.0,0.0,0.0,0.0,0.0
47,31,5.0,0.0,2.0,[46 48],0.0,0.0,0.0,0.0,0.0,0.0,0.0,0.0,0.0,0.0
47,32,5.0,0.0,2.0,[46 48],0.0,0.0,0.0,0.0,0.0,0.0,0.0,0.0,0.0,0.0
47,33,5.0,0.0,2.0,[46 48],0.0,0.0,0.0,0.0,0.0,0.0,5.0,0.0,0.0,0.0
47,34,5.0,0.0,2.0,[46 48],0.0,0.0,0.0,0.0,0.0,0.0,5.0,1.0,5.0,0.0
47,35,5.0,0.0,2.0,[46 48],5.0,0.0,0.0,0.0,0.0,0.0,7.0,9.0,5.0,1.0
47,36,5.0,0.0,2.0,[46 48],5.0,1.0,0.0,0.0,5.0,0.0,6.0,14.0,7.0,9.0
47,37,5.0,0.0,2.0,[46 48],7.0,9.0,5.0,0.0,5.0,1.0,17.0,19.0,6.0,14.0
47,38,5.0,0.0,2.0,[46 48],6.0,14.0,5.0,1.0,7.0,9.0,19.0,44.0,17.0,19.0
47,39,5.0,0.0,2.0,[46 48],17.0,19.0,7.0,9.0,6.0,14.0,35.0,53.0,19.0,44.0
47,40,5.0,0.0,2.0,[46 48],19.0,44.0,6.0,14.0,17.0,19.0,42.0,93.0,35.0,53.0
47,41,5.0,0.0,2.0,[46 48],35.0,53.0,17.0,19.0,19.0,44.0,48.0,180.0,42.0,93.0
47,42,5.0,0.0,2.0,[46 48],42.0,93.0,19.0,44.0,35.0,53.0,58.0,148.0,48.0,180.0
47,43,5.0,0.0,2.0,[46 48],48.0,180.0,35.0,53.0,42.0,93.0,75.0,178.0,58.0,148.0
47,44,5.0,0.0,2.0,[46 48],58.0,148.0,42.0,93.0,48.0,180.0,89.0,370.0,75.0,178.0
47,45,5.0,0.0,2.0,[46 48],75.0,178.0,48.0,180.0,58.0,148.0,134.0,468.0,89.0,370.0
47,46,5.0,0.0,2.0,[46 48],89.0,370.0,58.0,148.0,75.0,178.0,156.0,392.0,134.0,468.0
47,47,5.0,0.0,2.0,[46 48],134.0,468.0,75.0,178.0,89.0,370.0,146.0,634.0,156.0,392.0
47,48,5.0,0.0,2.0,[46 48],156.0,392.0,89.0,370.0,134.0,468.0,142.0,701.0,146.0,634.0
47,49,5.0,0.0,2.0,[46 48],146.0,634.0,134.0,468.0,156.0,392.0,155.0,588.0,142.0,701.0
47,50,5.0,0.0,2.0,[46 48],142.0,701.0,156.0,392.0,146.0,634.0,150.0,809.0,155.0,588.0
47,51,5.0,0.0,2.0,[46 48],155.0,588.0,146.0,634.0,142.0,701.0,123.0,944.0,150.0,809.0
47,52,5.0,0.0,2.0,[46 48],150.0,809.0,142.0,701.0,155.0,588.0,158.0,628.0,123.0,944.0
47,53,5.0,0.0,2.0,[46 48],123.0,944.0,155.0,588.0,150.0,809.0,126.0,383.0,158.0,628.0
47,54,5.0,0.0,2.0,[46 48],158.0,628.0,150.0,809.0,123.0,944.0,135.0,455.0,126.0,383.0
47,55,5.0,0.0,2.0,[46 48],126.0,383.0,123.0,944.0,158.0,628.0,124.0,355.0,135.0,455.0
47,56,5.0,0.0,2.0,[46 48],135.0,455.0,158.0,628.0,126.0,383.0,140.0,288.0,124.0,355.0
47,57,5.0,0.0,2.0,[46 48],124.0,355.0,126.0,383.0,135.0,455.0,132.0,237.0,140.0,288.0
47,58,5.0,0.0,2.0,[46 48],140.0,288.0,135.0,455.0,124.0,355.0,143.0,250.0,132.0,237.0
47,59,5.0,0.0,2.0,[46 48],132.0,237.0,124.0,355.0,140.0,288.0,141.0,147.0,143.0,250.0
47,60,5.0,0.0,2.0,[46 48],143.0,250.0,140.0,288.0,132.0,237.0,114.0,167.0,141.0,147.0
47,61,5.0,0.0,2.0,[46 48],141.0,147.0,132.0,237.0,143.0,250.0,139.0,174.0,114.0,167.0
47,62,5.0,0.0,2.0,[46 48],114.0,167.0,143.0,250.0,141.0,147.0,149.0,162.0,139.0,174.0
47,63,5.0,0.0,2.0,[46 48],139.0,174.0,141.0,147.0,114.0,167.0,147.0,113.0,149.0,162.0
47,64,5.0,0.0,2.0,[46 48],149.0,162.0,114.0,167.0,139.0,174.0,141.0,157.0,147.0,113.0
47,65,5.0,0.0,2.0,[46 48],147.0,113.0,139.0,174.0,149.0,162.0,139.0,110.0,141.0,157.0
47,66,5.0,0.0,2.0,[46 48],141.0,157.0,149.0,162.0,147.0,113.0,159.0,116.0,139.0,110.0
47,67,5.0,0.0,2.0,[46 48],139.0,110.0,147.0,113.0,141.0,157.0,118.0,172.0,159.0,116.0
47,68,5.0,0.0,2.0,[46 48],159.0,116.0,141.0,157.0,139.0,110.0,166.0,137.0,118.0,172.0
47,69,5.0,0.0,2.0,[46 48],118.0,172.0,139.0,110.0,159.0,116.0,136.0,127.0,166.0,137.0
47,70,5.0,0.0,2.0,[46 48],166.0,137.0,159.0,116.0,118.0,172.0,139.0,123.0,136.0,127.0
47,71,5.0,0.0,2.0,[46 48],136.0,127.0,118.0,172.0,166.0,137.0,132.0,142.0,139.0,123.0
47,72,5.0,0.0,2.0,[46 48],139.0,123.0,166.0,137.0,136.0,127.0,138.0,130.0,132.0,142.0
47,73,5.0,0.0,2.0,[46 48],132.0,142.0,136.0,127.0,139.0,123.0,118.0,149.0,138.0,130.0
47,74,5.0,0.0,2.0,[46 48],138.0,130.0,139.0,123.0,132.0,142.0,157.0,183.0,118.0,149.0
47,75,5.0,0.0,2.0,[46 48],118.0,149.0,132.0,142.0,138.0,130.0,159.0,203.0,157.0,183.0
47,76,5.0,0.0,2.0,[46 48],157.0,183.0,138.0,130.0,118.0,149.0,132.0,164.0,159.0,203.0
47,77,5.0,0.0,2.0,[46 48],159.0,203.0,118.0,149.0,157.0,183.0,154.0,175.0,132.0,164.0
47,78,5.0,0.0,2.0,[46 48],132.0,164.0,157.0,183.0,159.0,203.0,134.0,180.0,154.0,175.0
47,79,5.0,0.0,2.0,[46 48],154.0,175.0,159.0,203.0,132.0,164.0,127.0,174.0,134.0,180.0
47,80,5.0,0.0,2.0,[46 48],134.0,180.0,132.0,164.0,154.0,175.0,139.0,144.0,127.0,174.0
47,81,5.0,0.0,2.0,[46 48],127.0,174.0,154.0,175.0,134.0,180.0,162.0,193.0,139.0,144.0
47,82,5.0,0.0,2.0,[46 48],139.0,144.0,134.0,180.0,127.0,174.0,155.0,142.0,162.0,193.0
47,83,5.0,0.0,2.0,[46 48],162.0,193.0,127.0,174.0,139.0,144.0,168.0,151.0,155.0,142.0
47,84,5.0,0.0,2.0,[46 48],155.0,142.0,139.0,144.0,162.0,193.0,191.0,163.0,168.0,151.0
47,85,5.0,0.0,2.0,[46 48],168.0,151.0,162.0,193.0,155.0,142.0,203.0,116.0,191.0,163.0
47,86,5.0,0.0,2.0,[46 48],191.0,163.0,155.0,142.0,168.0,151.0,156.0,87.0,203.0,116.0
47,87,5.0,0.0,2.0,[46 48],203.0,116.0,168.0,151.0,191.0,163.0,183.0,127.0,156.0,87.0
47,88,5.0,0.0,2.0,[46 48],156.0,87.0,191.0,163.0,203.0,116.0,187.0,127.0,183.0,127.0
47,89,5.0,0.0,2.0,[46 48],183.0,127.0,203.0,116.0,156.0,87.0,190.0,132.0,187.0,127.0
47,90,5.0,0.0,2.0,[46 48],187.0,127.0,156.0,87.0,183.0,127.0,198.0,127.0,190.0,132.0
47,91,5.0,0.0,2.0,[46 48],190.0,132.0,183.0,127.0,187.0,127.0,185.0,143.0,198.0,127.0
47,92,5.0,0.0,2.0,[46 48],198.0,127.0,187.0,127.0,190.0,132.0,233.0,131.0,185.0,143.0
47,93,5.0,0.0,2.0,[46 48],185.0,143.0,190.0,132.0,198.0,127.0,201.0,119.0,233.0,131.0
47,94,5.0,0.0,2.0,[46 48],233.0,131.0,198.0,127.0,185.0,143.0,212.0,107.0,201.0,119.0
47,95,5.0,0.0,2.0,[46 48],201.0,119.0,185.0,143.0,233.0,131.0,214.0,160.0,212.0,107.0
47,96,5.0,0.0,2.0,[46 48],212.0,107.0,233.0,131.0,201.0,119.0,224.0,109.0,214.0,160.0
47,97,5.0,0.0,2.0,[46 48],214.0,160.0,201.0,119.0,212.0,107.0,236.0,108.0,224.0,109.0
47,98,5.0,0.0,2.0,[46 48],224.0,109.0,212.0,107.0,214.0,160.0,233.0,135.0,236.0,108.0
47,99,5.0,0.0,2.0,[46 48],236.0,108.0,214.0,160.0,224.0,109.0,218.0,107.0,233.0,135.0
47,100,5.0,0.0,2.0,[46 48],233.0,135.0,224.0,109.0,236.0,108.0,353.0,141.0,218.0,107.0
47,101,5.0,0.0,2.0,[46 48],218.0,107.0,236.0,108.0,233.0,135.0,440.0,210.0,353.0,141.0
47,102,5.0,0.0,2.0,[46 48],353.0,141.0,233.0,135.0,218.0,107.0,412.0,210.0,440.0,210.0
47,103,5.0,0.0,2.0,[46 48],440.0,210.0,218.0,107.0,353.0,141.0,490.0,208.0,412.0,210.0
47,104,5.0,0.0,2.0,[46 48],412.0,210.0,353.0,141.0,440.0,210.0,608.0,216.0,490.0,208.0
47,105,5.0,0.0,2.0,[46 48],490.0,208.0,440.0,210.0,412.0,210.0,594.0,263.0,608.0,216.0
47,106,5.0,0.0,2.0,[46 48],608.0,216.0,412.0,210.0,490.0,208.0,470.0,270.0,594.0,263.0
47,107,5.0,0.0,2.0,[46 48],594.0,263.0,490.0,208.0,608.0,216.0,518.0,232.0,470.0,270.0
47,108,5.0,0.0,2.0,[46 48],470.0,270.0,608.0,216.0,594.0,263.0,409.0,254.0,518.0,232.0
47,109,5.0,0.0,2.0,[46 48],518.0,232.0,594.0,263.0,470.0,270.0,306.0,210.0,409.0,254.0
47,110,5.0,0.0,2.0,[46 48],409.0,254.0,470.0,270.0,518.0,232.0,280.0,171.0,306.0,210.0
47,111,5.0,0.0,2.0,[46 48],306.0,210.0,518.0,232.0,409.0,254.0,243.0,189.0,280.0,171.0
47,112,5.0,0.0,2.0,[46 48],280.0,171.0,409.0,254.0,306.0,210.0,238.0,124.0,243.0,189.0
47,113,5.0,0.0,2.0,[46 48],243.0,189.0,306.0,210.0,280.0,171.0,223.0,136.0,238.0,124.0
47,114,5.0,0.0,2.0,[46 48],238.0,124.0,280.0,171.0,243.0,189.0,243.0,114.0,223.0,136.0
47,115,5.0,0.0,2.0,[46 48],223.0,136.0,243.0,189.0,238.0,124.0,185.0,104.0,243.0,114.0
47,116,5.0,0.0,2.0,[46 48],243.0,114.0,238.0,124.0,223.0,136.0,120.0,115.0,185.0,104.0
47,117,5.0,0.0,2.0,[46 48],185.0,104.0,223.0,136.0,243.0,114.0,153.0,82.0,120.0,115.0
47,118,5.0,0.0,2.0,[46 48],120.0,115.0,243.0,114.0,185.0,104.0,194.0,44.0,153.0,82.0
47,119,5.0,0.0,2.0,[46 48],153.0,82.0,185.0,104.0,120.0,115.0,181.0,54.0,194.0,44.0
47,120,5.0,0.0,2.0,[46 48],194.0,44.0,120.0,115.0,153.0,82.0,180.0,44.0,181.0,54.0
47,121,5.0,0.0,2.0,[46 48],181.0,54.0,153.0,82.0,194.0,44.0,215.0,52.0,180.0,44.0
47,122,5.0,0.0,2.0,[46 48],180.0,44.0,194.0,44.0,181.0,54.0,244.0,69.0,215.0,52.0
47,123,5.0,0.0,2.0,[46 48],215.0,52.0,181.0,54.0,180.0,44.0,195.0,49.0,244.0,69.0
47,124,5.0,0.0,2.0,[46 48],244.0,69.0,180.0,44.0,215.0,52.0,232.0,50.0,195.0,49.0
47,125,5.0,0.0,2.0,[46 48],195.0,49.0,215.0,52.0,244.0,69.0,258.0,67.0,232.0,50.0
47,126,5.0,0.0,2.0,[46 48],232.0,50.0,244.0,69.0,195.0,49.0,201.0,29.0,258.0,67.0
47,127,5.0,0.0,2.0,[46 48],258.0,67.0,195.0,49.0,232.0,50.0,182.0,59.0,201.0,29.0
47,128,5.0,0.0,2.0,[46 48],201.0,29.0,232.0,50.0,258.0,67.0,147.0,27.0,182.0,59.0
47,129,5.0,0.0,2.0,[46 48],182.0,59.0,258.0,67.0,201.0,29.0,115.0,37.0,147.0,27.0
47,130,5.0,0.0,2.0,[46 48],147.0,27.0,201.0,29.0,182.0,59.0,117.0,42.0,115.0,37.0
47,131,5.0,0.0,2.0,[46 48],115.0,37.0,182.0,59.0,147.0,27.0,101.0,36.0,117.0,42.0
47,132,5.0,0.0,2.0,[46 48],117.0,42.0,147.0,27.0,115.0,37.0,61.0,23.0,101.0,36.0
47,133,5.0,0.0,2.0,[46 48],101.0,36.0,115.0,37.0,117.0,42.0,66.0,39.0,61.0,23.0
47,134,5.0,0.0,2.0,[46 48],61.0,23.0,117.0,42.0,101.0,36.0,66.0,18.0,66.0,39.0
47,135,5.0,0.0,2.0,[46 48],66.0,39.0,101.0,36.0,61.0,23.0,44.0,24.0,66.0,18.0
47,136,5.0,0.0,2.0,[46 48],66.0,18.0,61.0,23.0,66.0,39.0,32.0,19.0,44.0,24.0
47,137,5.0,0.0,2.0,[46 48],44.0,24.0,66.0,39.0,66.0,18.0,8.0,17.0,32.0,19.0
47,138,5.0,0.0,2.0,[46 48],32.0,19.0,66.0,18.0,44.0,24.0,0.0,9.0,8.0,17.0
47,139,5.0,0.0,2.0,[46 48],8.0,17.0,44.0,24.0,32.0,19.0,0.0,2.0,0.0,9.0
47,140,5.0,0.0,2.0,[46 48],0.0,9.0,32.0,19.0,8.0,17.0,0.0,0.0,0.0,2.0
47,141,5.0,0.0,2.0,[46 48],0.0,2.0,8.0,17.0,0.0,9.0,0.0,0.0,0.0,0.0
47,142,5.0,0.0,2.0,[46 48],0.0,0.0,0.0,9.0,0.0,2.0,0.0,0.0,0.0,0.0
47,143,5.0,0.0,2.0,[46 48],0.0,0.0,0.0,2.0,0.0,0.0,0.0,0.0,0.0,0.0
48,0,5.0,0.0,2.0,[47 49],0.0,0.0,0.0,0.0,0.0,0.0,0.0,1.0,1.0,0.0
48,1,5.0,0.0,2.0,[47 49],1.0,0.0,0.0,0.0,0.0,0.0,1.0,0.0,0.0,1.0
48,2,5.0,0.0,2.0,[47 49],0.0,1.0,0.0,0.0,1.0,0.0,0.0,0.0,1.0,0.0
48,3,5.0,0.0,2.0,[47 49],1.0,0.0,1.0,0.0,0.0,1.0,0.0,0.0,0.0,0.0
48,4,5.0,0.0,2.0,[47 49],0.0,0.0,0.0,1.0,1.0,0.0,0.0,0.0,0.0,0.0
48,5,5.0,0.0,2.0,[47 49],0.0,0.0,1.0,0.0,0.0,0.0,0.0,0.0,0.0,0.0
48,6,5.0,0.0,2.0,[47 49],0.0,0.0,0.0,0.0,0.0,0.0,0.0,0.0,0.0,0.0
48,7,5.0,0.0,2.0,[47 49],0.0,0.0,0.0,0.0,0.0,0.0,0.0,0.0,0.0,0.0
48,8,5.0,0.0,2.0,[47 49],0.0,0.0,0.0,0.0,0.0,0.0,0.0,0.0,0.0,0.0
48,9,5.0,0.0,2.0,[47 49],0.0,0.0,0.0,0.0,0.0,0.0,0.0,0.0,0.0,0.0
48,10,5.0,0.0,2.0,[47 49],0.0,0.0,0.0,0.0,0.0,0.0,0.0,0.0,0.0,0.0
48,11,5.0,0.0,2.0,[47 49],0.0,0.0,0.0,0.0,0.0,0.0,0.0,0.0,0.0,0.0
48,12,5.0,0.0,2.0,[47 49],0.0,0.0,0.0,0.0,0.0,0.0,0.0,0.0,0.0,0.0
48,13,5.0,0.0,2.0,[47 49],0.0,0.0,0.0,0.0,0.0,0.0,0.0,0.0,0.0,0.0
48,14,5.0,0.0,2.0,[47 49],0.0,0.0,0.0,0.0,0.0,0.0,0.0,0.0,0.0,0.0
48,15,5.0,0.0,2.0,[47 49],0.0,0.0,0.0,0.0,0.0,0.0,0.0,0.0,0.0,0.0
48,16,5.0,0.0,2.0,[47 49],0.0,0.0,0.0,0.0,0.0,0.0,0.0,0.0,0.0,0.0
48,17,5.0,0.0,2.0,[47 49],0.0,0.0,0.0,0.0,0.0,0.0,0.0,0.0,0.0,0.0
48,18,5.0,0.0,2.0,[47 49],0.0,0.0,0.0,0.0,0.0,0.0,0.0,0.0,0.0,0.0
48,19,5.0,0.0,2.0,[47 49],0.0,0.0,0.0,0.0,0.0,0.0,0.0,0.0,0.0,0.0
48,20,5.0,0.0,2.0,[47 49],0.0,0.0,0.0,0.0,0.0,0.0,0.0,0.0,0.0,0.0
48,21,5.0,0.0,2.0,[47 49],0.0,0.0,0.0,0.0,0.0,0.0,0.0,0.0,0.0,0.0
48,22,5.0,0.0,2.0,[47 49],0.0,0.0,0.0,0.0,0.0,0.0,0.0,0.0,0.0,0.0
48,23,5.0,0.0,2.0,[47 49],0.0,0.0,0.0,0.0,0.0,0.0,0.0,1.0,0.0,0.0
48,24,5.0,0.0,2.0,[47 49],0.0,0.0,0.0,0.0,0.0,0.0,2.0,0.0,0.0,1.0
48,25,5.0,0.0,2.0,[47 49],0.0,1.0,0.0,0.0,0.0,0.0,0.0,0.0,2.0,0.0
48,26,5.0,0.0,2.0,[47 49],2.0,0.0,0.0,0.0,0.0,1.0,0.0,2.0,0.0,0.0
48,27,5.0,0.0,2.0,[47 49],0.0,0.0,0.0,1.0,2.0,0.0,0.0,0.0,0.0,2.0
48,28,5.0,0.0,2.0,[47 49],0.0,2.0,2.0,0.0,0.0,0.0,2.0,0.0,0.0,0.0
48,29,5.0,0.0,2.0,[47 49],0.0,0.0,0.0,0.0,0.0,2.0,1.0,1.0,2.0,0.0
48,30,5.0,0.0,2.0,[47 49],2.0,0.0,0.0,2.0,0.0,0.0,1.0,3.0,1.0,1.0
48,31,5.0,0.0,2.0,[47 49],1.0,1.0,0.0,0.0,2.0,0.0,0.0,0.0,1.0,3.0
48,32,5.0,0.0,2.0,[47 49],1.0,3.0,2.0,0.0,1.0,1.0,1.0,0.0,0.0,0.0
48,33,5.0,0.0,2.0,[47 49],0.0,0.0,1.0,1.0,1.0,3.0,3.0,0.0,1.0,0.0
48,34,5.0,0.0,2.0,[47 49],1.0,0.0,1.0,3.0,0.0,0.0,10.0,2.0,3.0,0.0
48,35,5.0,0.0,2.0,[47 49],3.0,0.0,0.0,0.0,1.0,0.0,20.0,6.0,10.0,2.0
48,36,5.0,0.0,2.0,[47 49],10.0,2.0,1.0,0.0,3.0,0.0,12.0,10.0,20.0,6.0
48,37,5.0,0.0,2.0,[47 49],20.0,6.0,3.0,0.0,10.0,2.0,24.0,14.0,12.0,10.0
48,38,5.0,0.0,2.0,[47 49],12.0,10.0,10.0,2.0,20.0,6.0,63.0,40.0,24.0,14.0
48,39,5.0,0.0,2.0,[47 49],24.0,14.0,20.0,6.0,12.0,10.0,72.0,44.0,63.0,40.0
48,40,5.0,0.0,2.0,[47 49],63.0,40.0,12.0,10.0,24.0,14.0,79.0,78.0,72.0,44.0
48,41,5.0,0.0,2.0,[47 49],72.0,44.0,24.0,14.0,63.0,40.0,119.0,100.0,79.0,78.0
48,42,5.0,0.0,2.0,[47 49],79.0,78.0,63.0,40.0,72.0,44.0,129.0,75.0,119.0,100.0
48,43,5.0,0.0,2.0,[47 49],119.0,100.0,72.0,44.0,79.0,78.0,186.0,140.0,129.0,75.0
48,44,5.0,0.0,2.0,[47 49],129.0,75.0,79.0,78.0,119.0,100.0,240.0,152.0,186.0,140.0
48,45,5.0,0.0,2.0,[47 49],186.0,140.0,119.0,100.0,129.0,75.0,342.0,169.0,240.0,152.0
48,46,5.0,0.0,2.0,[47 49],240.0,152.0,129.0,75.0,186.0,140.0,391.0,288.0,342.0,169.0
48,47,5.0,0.0,2.0,[47 49],342.0,169.0,186.0,140.0,240.0,152.0,321.0,307.0,391.0,288.0
48,48,5.0,0.0,2.0,[47 49],391.0,288.0,240.0,152.0,342.0,169.0,271.0,444.0,321.0,307.0
48,49,5.0,0.0,2.0,[47 49],321.0,307.0,342.0,169.0,391.0,288.0,278.0,342.0,271.0,444.0
48,50,5.0,0.0,2.0,[47 49],271.0,444.0,391.0,288.0,321.0,307.0,242.0,336.0,278.0,342.0
48,51,5.0,0.0,2.0,[47 49],278.0,342.0,321.0,307.0,271.0,444.0,176.0,292.0,242.0,336.0
48,52,5.0,0.0,2.0,[47 49],242.0,336.0,271.0,444.0,278.0,342.0,122.0,136.0,176.0,292.0
48,53,5.0,0.0,2.0,[47 49],176.0,292.0,278.0,342.0,242.0,336.0,110.0,182.0,122.0,136.0
48,54,5.0,0.0,2.0,[47 49],122.0,136.0,242.0,336.0,176.0,292.0,101.0,165.0,110.0,182.0
48,55,5.0,0.0,2.0,[47 49],110.0,182.0,176.0,292.0,122.0,136.0,110.0,121.0,101.0,165.0
48,56,5.0,0.0,2.0,[47 49],101.0,165.0,122.0,136.0,110.0,182.0,80.0,95.0,110.0,121.0
48,57,5.0,0.0,2.0,[47 49],110.0,121.0,110.0,182.0,101.0,165.0,94.0,113.0,80.0,95.0
48,58,5.0,0.0,2.0,[47 49],80.0,95.0,101.0,165.0,110.0,121.0,67.0,80.0,94.0,113.0
48,59,5.0,0.0,2.0,[47 49],94.0,113.0,110.0,121.0,80.0,95.0,86.0,80.0,67.0,80.0
48,60,5.0,0.0,2.0,[47 49],67.0,80.0,80.0,95.0,94.0,113.0,63.0,90.0,86.0,80.0
48,61,5.0,0.0,2.0,[47 49],86.0,80.0,94.0,113.0,67.0,80.0,68.0,81.0,63.0,90.0
48,62,5.0,0.0,2.0,[47 49],63.0,90.0,67.0,80.0,86.0,80.0,83.0,68.0,68.0,81.0
48,63,5.0,0.0,2.0,[47 49],68.0,81.0,86.0,80.0,63.0,90.0,68.0,70.0,83.0,68.0
48,64,5.0,0.0,2.0,[47 49],83.0,68.0,63.0,90.0,68.0,81.0,62.0,79.0,68.0,70.0
48,65,5.0,0.0,2.0,[47 49],68.0,70.0,68.0,81.0,83.0,68.0,63.0,63.0,62.0,79.0
48,66,5.0,0.0,2.0,[47 49],62.0,79.0,83.0,68.0,68.0,70.0,65.0,51.0,63.0,63.0
48,67,5.0,0.0,2.0,[47 49],63.0,63.0,68.0,70.0,62.0,79.0,78.0,43.0,65.0,51.0
48,68,5.0,0.0,2.0,[47 49],65.0,51.0,62.0,79.0,63.0,63.0,73.0,62.0,78.0,43.0
48,69,5.0,0.0,2.0,[47 49],78.0,43.0,63.0,63.0,65.0,51.0,69.0,66.0,73.0,62.0
48,70,5.0,0.0,2.0,[47 49],73.0,62.0,65.0,51.0,78.0,43.0,63.0,54.0,69.0,66.0
48,71,5.0,0.0,2.0,[47 49],69.0,66.0,78.0,43.0,73.0,62.0,82.0,74.0,63.0,54.0
48,72,5.0,0.0,2.0,[47 49],63.0,54.0,73.0,62.0,69.0,66.0,87.0,69.0,82.0,74.0
48,73,5.0,0.0,2.0,[47 49],82.0,74.0,69.0,66.0,63.0,54.0,75.0,68.0,87.0,69.0
48,74,5.0,0.0,2.0,[47 49],87.0,69.0,63.0,54.0,82.0,74.0,60.0,55.0,75.0,68.0
48,75,5.0,0.0,2.0,[47 49],75.0,68.0,82.0,74.0,87.0,69.0,76.0,79.0,60.0,55.0
48,76,5.0,0.0,2.0,[47 49],60.0,55.0,87.0,69.0,75.0,68.0,100.0,62.0,76.0,79.0
48,77,5.0,0.0,2.0,[47 49],76.0,79.0,75.0,68.0,60.0,55.0,77.0,82.0,100.0,62.0
48,78,5.0,0.0,2.0,[47 49],100.0,62.0,60.0,55.0,76.0,79.0,65.0,93.0,77.0,82.0
48,79,5.0,0.0,2.0,[47 49],77.0,82.0,76.0,79.0,100.0,62.0,70.0,77.0,65.0,93.0
48,80,5.0,0.0,2.0,[47 49],65.0,93.0,100.0,62.0,77.0,82.0,73.0,68.0,70.0,77.0
48,81,5.0,0.0,2.0,[47 49],70.0,77.0,77.0,82.0,65.0,93.0,84.0,97.0,73.0,68.0
48,82,5.0,0.0,2.0,[47 49],73.0,68.0,65.0,93.0,70.0,77.0,89.0,91.0,84.0,97.0
48,83,5.0,0.0,2.0,[47 49],84.0,97.0,70.0,77.0,73.0,68.0,68.0,75.0,89.0,91.0
48,84,5.0,0.0,2.0,[47 49],89.0,91.0,73.0,68.0,84.0,97.0,84.0,89.0,68.0,75.0
48,85,5.0,0.0,2.0,[47 49],68.0,75.0,84.0,97.0,89.0,91.0,78.0,105.0,84.0,89.0
48,86,5.0,0.0,2.0,[47 49],84.0,89.0,89.0,91.0,68.0,75.0,74.0,78.0,78.0,105.0
48,87,5.0,0.0,2.0,[47 49],78.0,105.0,68.0,75.0,84.0,89.0,81.0,69.0,74.0,78.0
48,88,5.0,0.0,2.0,[47 49],74.0,78.0,84.0,89.0,78.0,105.0,109.0,64.0,81.0,69.0
48,89,5.0,0.0,2.0,[47 49],81.0,69.0,78.0,105.0,74.0,78.0,139.0,76.0,109.0,64.0
48,90,5.0,0.0,2.0,[47 49],109.0,64.0,74.0,78.0,81.0,69.0,118.0,86.0,139.0,76.0
48,91,5.0,0.0,2.0,[47 49],139.0,76.0,81.0,69.0,109.0,64.0,112.0,88.0,118.0,86.0
48,92,5.0,0.0,2.0,[47 49],118.0,86.0,109.0,64.0,139.0,76.0,84.0,92.0,112.0,88.0
48,93,5.0,0.0,2.0,[47 49],112.0,88.0,139.0,76.0,118.0,86.0,85.0,84.0,84.0,92.0
48,94,5.0,0.0,2.0,[47 49],84.0,92.0,118.0,86.0,112.0,88.0,91.0,102.0,85.0,84.0
48,95,5.0,0.0,2.0,[47 49],85.0,84.0,112.0,88.0,84.0,92.0,110.0,82.0,91.0,102.0
48,96,5.0,0.0,2.0,[47 49],91.0,102.0,84.0,92.0,85.0,84.0,104.0,93.0,110.0,82.0
48,97,5.0,0.0,2.0,[47 49],110.0,82.0,85.0,84.0,91.0,102.0,129.0,88.0,104.0,93.0
48,98,5.0,0.0,2.0,[47 49],104.0,93.0,91.0,102.0,110.0,82.0,313.0,105.0,129.0,88.0
48,99,5.0,0.0,2.0,[47 49],129.0,88.0,110.0,82.0,104.0,93.0,382.0,101.0,313.0,105.0
48,100,5.0,0.0,2.0,[47 49],313.0,105.0,104.0,93.0,129.0,88.0,251.0,151.0,382.0,101.0
48,101,5.0,0.0,2.0,[47 49],382.0,101.0,129.0,88.0,313.0,105.0,296.0,129.0,251.0,151.0
48,102,5.0,0.0,2.0,[47 49],251.0,151.0,313.0,105.0,382.0,101.0,278.0,177.0,296.0,129.0
48,103,5.0,0.0,2.0,[47 49],296.0,129.0,382.0,101.0,251.0,151.0,248.0,208.0,278.0,177.0
48,104,5.0,0.0,2.0,[47 49],278.0,177.0,251.0,151.0,296.0,129.0,312.0,179.0,248.0,208.0
48,105,5.0,0.0,2.0,[47 49],248.0,208.0,296.0,129.0,278.0,177.0,274.0,304.0,312.0,179.0
48,106,5.0,0.0,2.0,[47 49],312.0,179.0,278.0,177.0,248.0,208.0,238.0,223.0,274.0,304.0
48,107,5.0,0.0,2.0,[47 49],274.0,304.0,248.0,208.0,312.0,179.0,225.0,297.0,238.0,223.0
48,108,5.0,0.0,2.0,[47 49],238.0,223.0,312.0,179.0,274.0,304.0,194.0,229.0,225.0,297.0
48,109,5.0,0.0,2.0,[47 49],225.0,297.0,274.0,304.0,238.0,223.0,157.0,152.0,194.0,229.0
48,110,5.0,0.0,2.0,[47 49],194.0,229.0,238.0,223.0,225.0,297.0,165.0,138.0,157.0,152.0
48,111,5.0,0.0,2.0,[47 49],157.0,152.0,225.0,297.0,194.0,229.0,108.0,139.0,165.0,138.0
48,112,5.0,0.0,2.0,[47 49],165.0,138.0,194.0,229.0,157.0,152.0,128.0,149.0,108.0,139.0
48,113,5.0,0.0,2.0,[47 49],108.0,139.0,157.0,152.0,165.0,138.0,120.0,113.0,128.0,149.0
48,114,5.0,0.0,2.0,[47 49],128.0,149.0,165.0,138.0,108.0,139.0,93.0,133.0,120.0,113.0
48,115,5.0,0.0,2.0,[47 49],120.0,113.0,108.0,139.0,128.0,149.0,76.0,106.0,93.0,133.0
48,116,5.0,0.0,2.0,[47 49],93.0,133.0,128.0,149.0,120.0,113.0,114.0,91.0,76.0,106.0
48,117,5.0,0.0,2.0,[47 49],76.0,106.0,120.0,113.0,93.0,133.0,82.0,90.0,114.0,91.0
48,118,5.0,0.0,2.0,[47 49],114.0,91.0,93.0,133.0,76.0,106.0,77.0,120.0,82.0,90.0
48,119,5.0,0.0,2.0,[47 49],82.0,90.0,76.0,106.0,114.0,91.0,94.0,97.0,77.0,120.0
48,120,5.0,0.0,2.0,[47 49],77.0,120.0,114.0,91.0,82.0,90.0,89.0,97.0,94.0,97.0
48,121,5.0,0.0,2.0,[47 49],94.0,97.0,82.0,90.0,77.0,120.0,92.0,126.0,89.0,97.0
48,122,5.0,0.0,2.0,[47 49],89.0,97.0,77.0,120.0,94.0,97.0,87.0,110.0,92.0,126.0
48,123,5.0,0.0,2.0,[47 49],92.0,126.0,94.0,97.0,89.0,97.0,86.0,139.0,87.0,110.0
48,124,5.0,0.0,2.0,[47 49],87.0,110.0,89.0,97.0,92.0,126.0,100.0,127.0,86.0,139.0
48,125,5.0,0.0,2.0,[47 49],86.0,139.0,92.0,126.0,87.0,110.0,104.0,114.0,100.0,127.0
48,126,5.0,0.0,2.0,[47 49],100.0,127.0,87.0,110.0,86.0,139.0,70.0,129.0,104.0,114.0
48,127,5.0,0.0,2.0,[47 49],104.0,114.0,86.0,139.0,100.0,127.0,56.0,93.0,70.0,129.0
48,128,5.0,0.0,2.0,[47 49],70.0,129.0,100.0,127.0,104.0,114.0,61.0,92.0,56.0,93.0
48,129,5.0,0.0,2.0,[47 49],56.0,93.0,104.0,114.0,70.0,129.0,46.0,99.0,61.0,92.0
48,130,5.0,0.0,2.0,[47 49],61.0,92.0,70.0,129.0,56.0,93.0,24.0,27.0,46.0,99.0
48,131,5.0,0.0,2.0,[47 49],46.0,99.0,56.0,93.0,61.0,92.0,50.0,95.0,24.0,27.0
48,132,5.0,0.0,2.0,[47 49],24.0,27.0,61.0,92.0,46.0,99.0,26.0,67.0,50.0,95.0
48,133,5.0,0.0,2.0,[47 49],50.0,95.0,46.0,99.0,24.0,27.0,20.0,52.0,26.0,67.0
48,134,5.0,0.0,2.0,[47 49],26.0,67.0,24.0,27.0,50.0,95.0,19.0,47.0,20.0,52.0
48,135,5.0,0.0,2.0,[47 49],20.0,52.0,50.0,95.0,26.0,67.0,11.0,66.0,19.0,47.0
48,136,5.0,0.0,2.0,[47 49],19.0,47.0,26.0,67.0,20.0,52.0,14.0,39.0,11.0,66.0
48,137,5.0,0.0,2.0,[47 49],11.0,66.0,20.0,52.0,19.0,47.0,16.0,28.0,14.0,39.0
48,138,5.0,0.0,2.0,[47 49],14.0,39.0,19.0,47.0,11.0,66.0,1.0,18.0,16.0,28.0
48,139,5.0,0.0,2.0,[47 49],16.0,28.0,11.0,66.0,14.0,39.0,0.0,0.0,1.0,18.0
48,140,5.0,0.0,2.0,[47 49],1.0,18.0,14.0,39.0,16.0,28.0,0.0,0.0,0.0,0.0
48,141,5.0,0.0,2.0,[47 49],0.0,0.0,16.0,28.0,1.0,18.0,0.0,0.0,0.0,0.0
48,142,5.0,0.0,2.0,[47 49],0.0,0.0,1.0,18.0,0.0,0.0,0.0,0.0,0.0,0.0
48,143,5.0,0.0,2.0,[47 49],0.0,0.0,0.0,0.0,0.0,0.0,0.0,0.0,0.0,0.0
49,0,5.0,0.0,2.0,[48 50],0.0,0.0,0.0,0.0,0.0,0.0,0.0,1.0,1.0,0.0
49,1,5.0,0.0,2.0,[48 50],1.0,0.0,0.0,0.0,0.0,0.0,0.0,0.0,0.0,1.0
49,2,5.0,0.0,2.0,[48 50],0.0,1.0,0.0,0.0,1.0,0.0,0.0,0.0,0.0,0.0
49,3,5.0,0.0,2.0,[48 50],0.0,0.0,1.0,0.0,0.0,1.0,0.0,0.0,0.0,0.0
49,4,5.0,0.0,2.0,[48 50],0.0,0.0,0.0,1.0,0.0,0.0,0.0,0.0,0.0,0.0
49,5,5.0,0.0,2.0,[48 50],0.0,0.0,0.0,0.0,0.0,0.0,0.0,0.0,0.0,0.0
49,6,5.0,0.0,2.0,[48 50],0.0,0.0,0.0,0.0,0.0,0.0,0.0,0.0,0.0,0.0
49,7,5.0,0.0,2.0,[48 50],0.0,0.0,0.0,0.0,0.0,0.0,0.0,0.0,0.0,0.0
49,8,5.0,0.0,2.0,[48 50],0.0,0.0,0.0,0.0,0.0,0.0,0.0,0.0,0.0,0.0
49,9,5.0,0.0,2.0,[48 50],0.0,0.0,0.0,0.0,0.0,0.0,0.0,0.0,0.0,0.0
49,10,5.0,0.0,2.0,[48 50],0.0,0.0,0.0,0.0,0.0,0.0,0.0,0.0,0.0,0.0
49,11,5.0,0.0,2.0,[48 50],0.0,0.0,0.0,0.0,0.0,0.0,0.0,0.0,0.0,0.0
49,12,5.0,0.0,2.0,[48 50],0.0,0.0,0.0,0.0,0.0,0.0,1.0,0.0,0.0,0.0
49,13,5.0,0.0,2.0,[48 50],0.0,0.0,0.0,0.0,0.0,0.0,0.0,0.0,1.0,0.0
49,14,5.0,0.0,2.0,[48 50],1.0,0.0,0.0,0.0,0.0,0.0,0.0,0.0,0.0,0.0
49,15,5.0,0.0,2.0,[48 50],0.0,0.0,0.0,0.0,1.0,0.0,0.0,0.0,0.0,0.0
49,16,5.0,0.0,2.0,[48 50],0.0,0.0,1.0,0.0,0.0,0.0,0.0,0.0,0.0,0.0
49,17,5.0,0.0,2.0,[48 50],0.0,0.0,0.0,0.0,0.0,0.0,0.0,0.0,0.0,0.0
49,18,5.0,0.0,2.0,[48 50],0.0,0.0,0.0,0.0,0.0,0.0,0.0,0.0,0.0,0.0
49,19,5.0,0.0,2.0,[48 50],0.0,0.0,0.0,0.0,0.0,0.0,0.0,0.0,0.0,0.0
49,20,5.0,0.0,2.0,[48 50],0.0,0.0,0.0,0.0,0.0,0.0,0.0,0.0,0.0,0.0
49,21,5.0,0.0,2.0,[48 50],0.0,0.0,0.0,0.0,0.0,0.0,0.0,0.0,0.0,0.0
49,22,5.0,0.0,2.0,[48 50],0.0,0.0,0.0,0.0,0.0,0.0,0.0,0.0,0.0,0.0
49,23,5.0,0.0,2.0,[48 50],0.0,0.0,0.0,0.0,0.0,0.0,0.0,0.0,0.0,0.0
49,24,5.0,0.0,2.0,[48 50],0.0,0.0,0.0,0.0,0.0,0.0,1.0,1.0,0.0,0.0
49,25,5.0,0.0,2.0,[48 50],0.0,0.0,0.0,0.0,0.0,0.0,0.0,0.0,1.0,1.0
49,26,5.0,0.0,2.0,[48 50],1.0,1.0,0.0,0.0,0.0,0.0,0.0,0.0,0.0,0.0
49,27,5.0,0.0,2.0,[48 50],0.0,0.0,0.0,0.0,1.0,1.0,0.0,0.0,0.0,0.0
49,28,5.0,0.0,2.0,[48 50],0.0,0.0,1.0,1.0,0.0,0.0,0.0,0.0,0.0,0.0
49,29,5.0,0.0,2.0,[48 50],0.0,0.0,0.0,0.0,0.0,0.0,0.0,1.0,0.0,0.0
49,30,5.0,0.0,2.0,[48 50],0.0,0.0,0.0,0.0,0.0,0.0,0.0,0.0,0.0,1.0
49,31,5.0,0.0,2.0,[48 50],0.0,1.0,0.0,0.0,0.0,0.0,0.0,0.0,0.0,0.0
49,32,5.0,0.0,2.0,[48 50],0.0,0.0,0.0,0.0,0.0,1.0,1.0,0.0,0.0,0.0
49,33,5.0,0.0,2.0,[48 50],0.0,0.0,0.0,1.0,0.0,0.0,7.0,0.0,1.0,0.0
49,34,5.0,0.0,2.0,[48 50],1.0,0.0,0.0,0.0,0.0,0.0,17.0,1.0,7.0,0.0
49,35,5.0,0.0,2.0,[48 50],7.0,0.0,0.0,0.0,1.0,0.0,16.0,7.0,17.0,1.0
49,36,5.0,0.0,2.0,[48 50],17.0,1.0,1.0,0.0,7.0,0.0,16.0,10.0,16.0,7.0
49,37,5.0,0.0,2.0,[48 50],16.0,7.0,7.0,0.0,17.0,1.0,41.0,25.0,16.0,10.0
49,38,5.0,0.0,2.0,[48 50],16.0,10.0,17.0,1.0,16.0,7.0,51.0,86.0,41.0,25.0
49,39,5.0,0.0,2.0,[48 50],41.0,25.0,16.0,7.0,16.0,10.0,89.0,94.0,51.0,86.0
49,40,5.0,0.0,2.0,[48 50],51.0,86.0,16.0,10.0,41.0,25.0,94.0,204.0,89.0,94.0
49,41,5.0,0.0,2.0,[48 50],89.0,94.0,41.0,25.0,51.0,86.0,122.0,198.0,94.0,204.0
49,42,5.0,0.0,2.0,[48 50],94.0,204.0,51.0,86.0,89.0,94.0,142.0,191.0,122.0,198.0
49,43,5.0,0.0,2.0,[48 50],122.0,198.0,89.0,94.0,94.0,204.0,214.0,157.0,142.0,191.0
49,44,5.0,0.0,2.0,[48 50],142.0,191.0,94.0,204.0,122.0,198.0,295.0,253.0,214.0,157.0
49,45,5.0,0.0,2.0,[48 50],214.0,157.0,122.0,198.0,142.0,191.0,358.0,338.0,295.0,253.0
49,46,5.0,0.0,2.0,[48 50],295.0,253.0,142.0,191.0,214.0,157.0,386.0,424.0,358.0,338.0
49,47,5.0,0.0,2.0,[48 50],358.0,338.0,214.0,157.0,295.0,253.0,410.0,534.0,386.0,424.0
49,48,5.0,0.0,2.0,[48 50],386.0,424.0,295.0,253.0,358.0,338.0,392.0,519.0,410.0,534.0
49,49,5.0,0.0,2.0,[48 50],410.0,534.0,358.0,338.0,386.0,424.0,393.0,416.0,392.0,519.0
49,50,5.0,0.0,2.0,[48 50],392.0,519.0,386.0,424.0,410.0,534.0,312.0,435.0,393.0,416.0
49,51,5.0,0.0,2.0,[48 50],393.0,416.0,410.0,534.0,392.0,519.0,212.0,331.0,312.0,435.0
49,52,5.0,0.0,2.0,[48 50],312.0,435.0,392.0,519.0,393.0,416.0,197.0,243.0,212.0,331.0
49,53,5.0,0.0,2.0,[48 50],212.0,331.0,393.0,416.0,312.0,435.0,171.0,270.0,197.0,243.0
49,54,5.0,0.0,2.0,[48 50],197.0,243.0,312.0,435.0,212.0,331.0,144.0,192.0,171.0,270.0
49,55,5.0,0.0,2.0,[48 50],171.0,270.0,212.0,331.0,197.0,243.0,140.0,207.0,144.0,192.0
49,56,5.0,0.0,2.0,[48 50],144.0,192.0,197.0,243.0,171.0,270.0,101.0,158.0,140.0,207.0
49,57,5.0,0.0,2.0,[48 50],140.0,207.0,171.0,270.0,144.0,192.0,115.0,140.0,101.0,158.0
49,58,5.0,0.0,2.0,[48 50],101.0,158.0,144.0,192.0,140.0,207.0,105.0,120.0,115.0,140.0
49,59,5.0,0.0,2.0,[48 50],115.0,140.0,140.0,207.0,101.0,158.0,80.0,128.0,105.0,120.0
49,60,5.0,0.0,2.0,[48 50],105.0,120.0,101.0,158.0,115.0,140.0,95.0,99.0,80.0,128.0
49,61,5.0,0.0,2.0,[48 50],80.0,128.0,115.0,140.0,105.0,120.0,96.0,89.0,95.0,99.0
49,62,5.0,0.0,2.0,[48 50],95.0,99.0,105.0,120.0,80.0,128.0,123.0,105.0,96.0,89.0
49,63,5.0,0.0,2.0,[48 50],96.0,89.0,80.0,128.0,95.0,99.0,95.0,89.0,123.0,105.0
49,64,5.0,0.0,2.0,[48 50],123.0,105.0,95.0,99.0,96.0,89.0,105.0,96.0,95.0,89.0
49,65,5.0,0.0,2.0,[48 50],95.0,89.0,96.0,89.0,123.0,105.0,97.0,88.0,105.0,96.0
49,66,5.0,0.0,2.0,[48 50],105.0,96.0,123.0,105.0,95.0,89.0,95.0,81.0,97.0,88.0
49,67,5.0,0.0,2.0,[48 50],97.0,88.0,95.0,89.0,105.0,96.0,126.0,87.0,95.0,81.0
49,68,5.0,0.0,2.0,[48 50],95.0,81.0,105.0,96.0,97.0,88.0,123.0,108.0,126.0,87.0
49,69,5.0,0.0,2.0,[48 50],126.0,87.0,97.0,88.0,95.0,81.0,98.0,104.0,123.0,108.0
49,70,5.0,0.0,2.0,[48 50],123.0,108.0,95.0,81.0,126.0,87.0,115.0,83.0,98.0,104.0
49,71,5.0,0.0,2.0,[48 50],98.0,104.0,126.0,87.0,123.0,108.0,94.0,113.0,115.0,83.0
49,72,5.0,0.0,2.0,[48 50],115.0,83.0,123.0,108.0,98.0,104.0,80.0,98.0,94.0,113.0
49,73,5.0,0.0,2.0,[48 50],94.0,113.0,98.0,104.0,115.0,83.0,109.0,89.0,80.0,98.0
49,74,5.0,0.0,2.0,[48 50],80.0,98.0,115.0,83.0,94.0,113.0,90.0,107.0,109.0,89.0
49,75,5.0,0.0,2.0,[48 50],109.0,89.0,94.0,113.0,80.0,98.0,110.0,111.0,90.0,107.0
49,76,5.0,0.0,2.0,[48 50],90.0,107.0,80.0,98.0,109.0,89.0,119.0,120.0,110.0,111.0
49,77,5.0,0.0,2.0,[48 50],110.0,111.0,109.0,89.0,90.0,107.0,96.0,118.0,119.0,120.0
49,78,5.0,0.0,2.0,[48 50],119.0,120.0,90.0,107.0,110.0,111.0,115.0,97.0,96.0,118.0
49,79,5.0,0.0,2.0,[48 50],96.0,118.0,110.0,111.0,119.0,120.0,104.0,102.0,115.0,97.0
49,80,5.0,0.0,2.0,[48 50],115.0,97.0,119.0,120.0,96.0,118.0,101.0,106.0,104.0,102.0
49,81,5.0,0.0,2.0,[48 50],104.0,102.0,96.0,118.0,115.0,97.0,117.0,106.0,101.0,106.0
49,82,5.0,0.0,2.0,[48 50],101.0,106.0,115.0,97.0,104.0,102.0,103.0,82.0,117.0,106.0
49,83,5.0,0.0,2.0,[48 50],117.0,106.0,104.0,102.0,101.0,106.0,118.0,111.0,103.0,82.0
49,84,5.0,0.0,2.0,[48 50],103.0,82.0,101.0,106.0,117.0,106.0,124.0,95.0,118.0,111.0
49,85,5.0,0.0,2.0,[48 50],118.0,111.0,117.0,106.0,103.0,82.0,98.0,115.0,124.0,95.0
49,86,5.0,0.0,2.0,[48 50],124.0,95.0,103.0,82.0,118.0,111.0,133.0,87.0,98.0,115.0
49,87,5.0,0.0,2.0,[48 50],98.0,115.0,118.0,111.0,124.0,95.0,145.0,91.0,133.0,87.0
49,88,5.0,0.0,2.0,[48 50],133.0,87.0,124.0,95.0,98.0,115.0,133.0,106.0,145.0,91.0
49,89,5.0,0.0,2.0,[48 50],145.0,91.0,98.0,115.0,133.0,87.0,154.0,100.0,133.0,106.0
49,90,5.0,0.0,2.0,[48 50],133.0,106.0,133.0,87.0,145.0,91.0,300.0,135.0,154.0,100.0
49,91,5.0,0.0,2.0,[48 50],154.0,100.0,145.0,91.0,133.0,106.0,293.0,122.0,300.0,135.0
49,92,5.0,0.0,2.0,[48 50],300.0,135.0,133.0,106.0,154.0,100.0,212.0,90.0,293.0,122.0
49,93,5.0,0.0,2.0,[48 50],293.0,122.0,154.0,100.0,300.0,135.0,187.0,137.0,212.0,90.0
49,94,5.0,0.0,2.0,[48 50],212.0,90.0,300.0,135.0,293.0,122.0,193.0,108.0,187.0,137.0
49,95,5.0,0.0,2.0,[48 50],187.0,137.0,293.0,122.0,212.0,90.0,188.0,132.0,193.0,108.0
49,96,5.0,0.0,2.0,[48 50],193.0,108.0,212.0,90.0,187.0,137.0,197.0,138.0,188.0,132.0
49,97,5.0,0.0,2.0,[48 50],188.0,132.0,187.0,137.0,193.0,108.0,175.0,129.0,197.0,138.0
49,98,5.0,0.0,2.0,[48 50],197.0,138.0,193.0,108.0,188.0,132.0,170.0,156.0,175.0,129.0
49,99,5.0,0.0,2.0,[48 50],175.0,129.0,188.0,132.0,197.0,138.0,200.0,153.0,170.0,156.0
49,100,5.0,0.0,2.0,[48 50],170.0,156.0,197.0,138.0,175.0,129.0,277.0,142.0,200.0,153.0
49,101,5.0,0.0,2.0,[48 50],200.0,153.0,175.0,129.0,170.0,156.0,334.0,181.0,277.0,142.0
49,102,5.0,0.0,2.0,[48 50],277.0,142.0,170.0,156.0,200.0,153.0,343.0,215.0,334.0,181.0
49,103,5.0,0.0,2.0,[48 50],334.0,181.0,200.0,153.0,277.0,142.0,363.0,276.0,343.0,215.0
49,104,5.0,0.0,2.0,[48 50],343.0,215.0,277.0,142.0,334.0,181.0,405.0,297.0,363.0,276.0
49,105,5.0,0.0,2.0,[48 50],363.0,276.0,334.0,181.0,343.0,215.0,357.0,363.0,405.0,297.0
49,106,5.0,0.0,2.0,[48 50],405.0,297.0,343.0,215.0,363.0,276.0,335.0,317.0,357.0,363.0
49,107,5.0,0.0,2.0,[48 50],357.0,363.0,363.0,276.0,405.0,297.0,346.0,268.0,335.0,317.0
49,108,5.0,0.0,2.0,[48 50],335.0,317.0,405.0,297.0,357.0,363.0,267.0,264.0,346.0,268.0
49,109,5.0,0.0,2.0,[48 50],346.0,268.0,357.0,363.0,335.0,317.0,215.0,313.0,267.0,264.0
49,110,5.0,0.0,2.0,[48 50],267.0,264.0,335.0,317.0,346.0,268.0,177.0,178.0,215.0,313.0
49,111,5.0,0.0,2.0,[48 50],215.0,313.0,346.0,268.0,267.0,264.0,184.0,227.0,177.0,178.0
49,112,5.0,0.0,2.0,[48 50],177.0,178.0,267.0,264.0,215.0,313.0,151.0,186.0,184.0,227.0
49,113,5.0,0.0,2.0,[48 50],184.0,227.0,215.0,313.0,177.0,178.0,140.0,141.0,151.0,186.0
49,114,5.0,0.0,2.0,[48 50],151.0,186.0,177.0,178.0,184.0,227.0,134.0,159.0,140.0,141.0
49,115,5.0,0.0,2.0,[48 50],140.0,141.0,184.0,227.0,151.0,186.0,118.0,164.0,134.0,159.0
49,116,5.0,0.0,2.0,[48 50],134.0,159.0,151.0,186.0,140.0,141.0,111.0,89.0,118.0,164.0
49,117,5.0,0.0,2.0,[48 50],118.0,164.0,140.0,141.0,134.0,159.0,136.0,111.0,111.0,89.0
49,118,5.0,0.0,2.0,[48 50],111.0,89.0,134.0,159.0,118.0,164.0,105.0,113.0,136.0,111.0
49,119,5.0,0.0,2.0,[48 50],136.0,111.0,118.0,164.0,111.0,89.0,120.0,114.0,105.0,113.0
49,120,5.0,0.0,2.0,[48 50],105.0,113.0,111.0,89.0,136.0,111.0,110.0,102.0,120.0,114.0
49,121,5.0,0.0,2.0,[48 50],120.0,114.0,136.0,111.0,105.0,113.0,134.0,129.0,110.0,102.0
49,122,5.0,0.0,2.0,[48 50],110.0,102.0,105.0,113.0,120.0,114.0,151.0,144.0,134.0,129.0
49,123,5.0,0.0,2.0,[48 50],134.0,129.0,120.0,114.0,110.0,102.0,108.0,142.0,151.0,144.0
49,124,5.0,0.0,2.0,[48 50],151.0,144.0,110.0,102.0,134.0,129.0,110.0,119.0,108.0,142.0
49,125,5.0,0.0,2.0,[48 50],108.0,142.0,134.0,129.0,151.0,144.0,105.0,136.0,110.0,119.0
49,126,5.0,0.0,2.0,[48 50],110.0,119.0,151.0,144.0,108.0,142.0,124.0,111.0,105.0,136.0
49,127,5.0,0.0,2.0,[48 50],105.0,136.0,108.0,142.0,110.0,119.0,80.0,130.0,124.0,111.0
49,128,5.0,0.0,2.0,[48 50],124.0,111.0,110.0,119.0,105.0,136.0,86.0,71.0,80.0,130.0
49,129,5.0,0.0,2.0,[48 50],80.0,130.0,105.0,136.0,124.0,111.0,73.0,127.0,86.0,71.0
49,130,5.0,0.0,2.0,[48 50],86.0,71.0,124.0,111.0,80.0,130.0,49.0,114.0,73.0,127.0
49,131,5.0,0.0,2.0,[48 50],73.0,127.0,80.0,130.0,86.0,71.0,54.0,66.0,49.0,114.0
49,132,5.0,0.0,2.0,[48 50],49.0,114.0,86.0,71.0,73.0,127.0,48.0,85.0,54.0,66.0
49,133,5.0,0.0,2.0,[48 50],54.0,66.0,73.0,127.0,49.0,114.0,39.0,96.0,48.0,85.0
49,134,5.0,0.0,2.0,[48 50],48.0,85.0,49.0,114.0,54.0,66.0,54.0,49.0,39.0,96.0
49,135,5.0,0.0,2.0,[48 50],39.0,96.0,54.0,66.0,48.0,85.0,23.0,67.0,54.0,49.0
49,136,5.0,0.0,2.0,[48 50],54.0,49.0,48.0,85.0,39.0,96.0,13.0,28.0,23.0,67.0
49,137,5.0,0.0,2.0,[48 50],23.0,67.0,39.0,96.0,54.0,49.0,12.0,35.0,13.0,28.0
49,138,5.0,0.0,2.0,[48 50],13.0,28.0,54.0,49.0,23.0,67.0,3.0,23.0,12.0,35.0
49,139,5.0,0.0,2.0,[48 50],12.0,35.0,23.0,67.0,13.0,28.0,0.0,0.0,3.0,23.0
49,140,5.0,0.0,2.0,[48 50],3.0,23.0,13.0,28.0,12.0,35.0,0.0,0.0,0.0,0.0
49,141,5.0,0.0,2.0,[48 50],0.0,0.0,12.0,35.0,3.0,23.0,0.0,0.0,0.0,0.0
49,142,5.0,0.0,2.0,[48 50],0.0,0.0,3.0,23.0,0.0,0.0,0.0,0.0,0.0,0.0
49,143,5.0,0.0,2.0,[48 50],0.0,0.0,0.0,0.0,0.0,0.0,0.0,0.0,0.0,0.0
50,0,5.0,0.0,3.0,[10 49 51],0.0,0.0,0.0,0.0,0.0,0.0,1.0,2.0,2.0,0.0
50,1,5.0,0.0,3.0,[10 49 51],2.0,0.0,0.0,0.0,0.0,0.0,2.0,1.0,1.0,2.0
50,2,5.0,0.0,3.0,[10 49 51],1.0,2.0,0.0,0.0,2.0,0.0,0.0,0.0,2.0,1.0
50,3,5.0,0.0,3.0,[10 49 51],2.0,1.0,2.0,0.0,1.0,2.0,0.0,2.0,0.0,0.0
50,4,5.0,0.0,3.0,[10 49 51],0.0,0.0,1.0,2.0,2.0,1.0,0.0,0.0,0.0,2.0
50,5,5.0,0.0,3.0,[10 49 51],0.0,2.0,2.0,1.0,0.0,0.0,1.0,0.0,0.0,0.0
50,6,5.0,0.0,3.0,[10 49 51],0.0,0.0,0.0,0.0,0.0,2.0,0.0,0.0,1.0,0.0
50,7,5.0,0.0,3.0,[10 49 51],1.0,0.0,0.0,2.0,0.0,0.0,0.0,1.0,0.0,0.0
50,8,5.0,0.0,3.0,[10 49 51],0.0,0.0,0.0,0.0,1.0,0.0,0.0,0.0,0.0,1.0
50,9,5.0,0.0,3.0,[10 49 51],0.0,1.0,1.0,0.0,0.0,0.0,0.0,0.0,0.0,0.0
50,10,5.0,0.0,3.0,[10 49 51],0.0,0.0,0.0,0.0,0.0,1.0,1.0,1.0,0.0,0.0
50,11,5.0,0.0,3.0,[10 49 51],0.0,0.0,0.0,1.0,0.0,0.0,0.0,0.0,1.0,1.0
50,12,5.0,0.0,3.0,[10 49 51],1.0,1.0,0.0,0.0,0.0,0.0,0.0,0.0,0.0,0.0
50,13,5.0,0.0,3.0,[10 49 51],0.0,0.0,0.0,0.0,1.0,1.0,0.0,0.0,0.0,0.0
50,14,5.0,0.0,3.0,[10 49 51],0.0,0.0,1.0,1.0,0.0,0.0,0.0,0.0,0.0,0.0
50,15,5.0,0.0,3.0,[10 49 51],0.0,0.0,0.0,0.0,0.0,0.0,0.0,0.0,0.0,0.0
50,16,5.0,0.0,3.0,[10 49 51],0.0,0.0,0.0,0.0,0.0,0.0,0.0,0.0,0.0,0.0
50,17,5.0,0.0,3.0,[10 49 51],0.0,0.0,0.0,0.0,0.0,0.0,0.0,0.0,0.0,0.0
50,18,5.0,0.0,3.0,[10 49 51],0.0,0.0,0.0,0.0,0.0,0.0,0.0,0.0,0.0,0.0
50,19,5.0,0.0,3.0,[10 49 51],0.0,0.0,0.0,0.0,0.0,0.0,0.0,0.0,0.0,0.0
50,20,5.0,0.0,3.0,[10 49 51],0.0,0.0,0.0,0.0,0.0,0.0,0.0,0.0,0.0,0.0
50,21,5.0,0.0,3.0,[10 49 51],0.0,0.0,0.0,0.0,0.0,0.0,0.0,0.0,0.0,0.0
50,22,5.0,0.0,3.0,[10 49 51],0.0,0.0,0.0,0.0,0.0,0.0,1.0,0.0,0.0,0.0
50,23,5.0,0.0,3.0,[10 49 51],0.0,0.0,0.0,0.0,0.0,0.0,0.0,1.0,1.0,0.0
50,24,5.0,0.0,3.0,[10 49 51],1.0,0.0,0.0,0.0,0.0,0.0,2.0,0.0,0.0,1.0
50,25,5.0,0.0,3.0,[10 49 51],0.0,1.0,0.0,0.0,1.0,0.0,0.0,0.0,2.0,0.0
50,26,5.0,0.0,3.0,[10 49 51],2.0,0.0,1.0,0.0,0.0,1.0,0.0,2.0,0.0,0.0
50,27,5.0,0.0,3.0,[10 49 51],0.0,0.0,0.0,1.0,2.0,0.0,0.0,0.0,0.0,2.0
50,28,5.0,0.0,3.0,[10 49 51],0.0,2.0,2.0,0.0,0.0,0.0,0.0,0.0,0.0,0.0
50,29,5.0,0.0,3.0,[10 49 51],0.0,0.0,0.0,0.0,0.0,2.0,0.0,0.0,0.0,0.0
50,30,5.0,0.0,3.0,[10 49 51],0.0,0.0,0.0,2.0,0.0,0.0,0.0,0.0,0.0,0.0
50,31,5.0,0.0,3.0,[10 49 51],0.0,0.0,0.0,0.0,0.0,0.0,1.0,0.0,0.0,0.0
50,32,5.0,0.0,3.0,[10 49 51],0.0,0.0,0.0,0.0,0.0,0.0,2.0,0.0,1.0,0.0
50,33,5.0,0.0,3.0,[10 49 51],1.0,0.0,0.0,0.0,0.0,0.0,3.0,2.0,2.0,0.0
50,34,5.0,0.0,3.0,[10 49 51],2.0,0.0,0.0,0.0,1.0,0.0,7.0,3.0,3.0,2.0
50,35,5.0,0.0,3.0,[10 49 51],3.0,2.0,1.0,0.0,2.0,0.0,8.0,16.0,7.0,3.0
50,36,5.0,0.0,3.0,[10 49 51],7.0,3.0,2.0,0.0,3.0,2.0,14.0,15.0,8.0,16.0
50,37,5.0,0.0,3.0,[10 49 51],8.0,16.0,3.0,2.0,7.0,3.0,41.0,31.0,14.0,15.0
50,38,5.0,0.0,3.0,[10 49 51],14.0,15.0,7.0,3.0,8.0,16.0,23.0,67.0,41.0,31.0
50,39,5.0,0.0,3.0,[10 49 51],41.0,31.0,8.0,16.0,14.0,15.0,39.0,107.0,23.0,67.0
50,40,5.0,0.0,3.0,[10 49 51],23.0,67.0,14.0,15.0,41.0,31.0,33.0,165.0,39.0,107.0
50,41,5.0,0.0,3.0,[10 49 51],39.0,107.0,41.0,31.0,23.0,67.0,77.0,210.0,33.0,165.0
50,42,5.0,0.0,3.0,[10 49 51],33.0,165.0,23.0,67.0,39.0,107.0,88.0,98.0,77.0,210.0
50,43,5.0,0.0,3.0,[10 49 51],77.0,210.0,39.0,107.0,33.0,165.0,104.0,163.0,88.0,98.0
50,44,5.0,0.0,3.0,[10 49 51],88.0,98.0,33.0,165.0,77.0,210.0,133.0,204.0,104.0,163.0
50,45,5.0,0.0,3.0,[10 49 51],104.0,163.0,77.0,210.0,88.0,98.0,187.0,379.0,133.0,204.0
50,46,5.0,0.0,3.0,[10 49 51],133.0,204.0,88.0,98.0,104.0,163.0,211.0,573.0,187.0,379.0
50,47,5.0,0.0,3.0,[10 49 51],187.0,379.0,104.0,163.0,133.0,204.0,192.0,742.0,211.0,573.0
50,48,5.0,0.0,3.0,[10 49 51],211.0,573.0,133.0,204.0,187.0,379.0,192.0,670.0,192.0,742.0
50,49,5.0,0.0,3.0,[10 49 51],192.0,742.0,187.0,379.0,211.0,573.0,213.0,396.0,192.0,670.0
50,50,5.0,0.0,3.0,[10 49 51],192.0,670.0,211.0,573.0,192.0,742.0,183.0,553.0,213.0,396.0
50,51,5.0,0.0,3.0,[10 49 51],213.0,396.0,192.0,742.0,192.0,670.0,137.0,287.0,183.0,553.0
50,52,5.0,0.0,3.0,[10 49 51],183.0,553.0,192.0,670.0,213.0,396.0,107.0,308.0,137.0,287.0
50,53,5.0,0.0,3.0,[10 49 51],137.0,287.0,213.0,396.0,183.0,553.0,103.0,256.0,107.0,308.0
50,54,5.0,0.0,3.0,[10 49 51],107.0,308.0,183.0,553.0,137.0,287.0,93.0,210.0,103.0,256.0
50,55,5.0,0.0,3.0,[10 49 51],103.0,256.0,137.0,287.0,107.0,308.0,87.0,154.0,93.0,210.0
50,56,5.0,0.0,3.0,[10 49 51],93.0,210.0,107.0,308.0,103.0,256.0,86.0,176.0,87.0,154.0
50,57,5.0,0.0,3.0,[10 49 51],87.0,154.0,103.0,256.0,93.0,210.0,66.0,152.0,86.0,176.0
50,58,5.0,0.0,3.0,[10 49 51],86.0,176.0,93.0,210.0,87.0,154.0,66.0,139.0,66.0,152.0
50,59,5.0,0.0,3.0,[10 49 51],66.0,152.0,87.0,154.0,86.0,176.0,95.0,153.0,66.0,139.0
50,60,5.0,0.0,3.0,[10 49 51],66.0,139.0,86.0,176.0,66.0,152.0,86.0,97.0,95.0,153.0
50,61,5.0,0.0,3.0,[10 49 51],95.0,153.0,66.0,152.0,66.0,139.0,88.0,108.0,86.0,97.0
50,62,5.0,0.0,3.0,[10 49 51],86.0,97.0,66.0,139.0,95.0,153.0,71.0,93.0,88.0,108.0
50,63,5.0,0.0,3.0,[10 49 51],88.0,108.0,95.0,153.0,86.0,97.0,80.0,122.0,71.0,93.0
50,64,5.0,0.0,3.0,[10 49 51],71.0,93.0,86.0,97.0,88.0,108.0,92.0,95.0,80.0,122.0
50,65,5.0,0.0,3.0,[10 49 51],80.0,122.0,88.0,108.0,71.0,93.0,71.0,114.0,92.0,95.0
50,66,5.0,0.0,3.0,[10 49 51],92.0,95.0,71.0,93.0,80.0,122.0,77.0,67.0,71.0,114.0
50,67,5.0,0.0,3.0,[10 49 51],71.0,114.0,80.0,122.0,92.0,95.0,85.0,68.0,77.0,67.0
50,68,5.0,0.0,3.0,[10 49 51],77.0,67.0,92.0,95.0,71.0,114.0,92.0,117.0,85.0,68.0
50,69,5.0,0.0,3.0,[10 49 51],85.0,68.0,71.0,114.0,77.0,67.0,95.0,84.0,92.0,117.0
50,70,5.0,0.0,3.0,[10 49 51],92.0,117.0,77.0,67.0,85.0,68.0,114.0,94.0,95.0,84.0
50,71,5.0,0.0,3.0,[10 49 51],95.0,84.0,85.0,68.0,92.0,117.0,77.0,128.0,114.0,94.0
50,72,5.0,0.0,3.0,[10 49 51],114.0,94.0,92.0,117.0,95.0,84.0,101.0,69.0,77.0,128.0
50,73,5.0,0.0,3.0,[10 49 51],77.0,128.0,95.0,84.0,114.0,94.0,109.0,98.0,101.0,69.0
50,74,5.0,0.0,3.0,[10 49 51],101.0,69.0,114.0,94.0,77.0,128.0,109.0,96.0,109.0,98.0
50,75,5.0,0.0,3.0,[10 49 51],109.0,98.0,77.0,128.0,101.0,69.0,94.0,75.0,109.0,96.0
50,76,5.0,0.0,3.0,[10 49 51],109.0,96.0,101.0,69.0,109.0,98.0,108.0,72.0,94.0,75.0
50,77,5.0,0.0,3.0,[10 49 51],94.0,75.0,109.0,98.0,109.0,96.0,108.0,104.0,108.0,72.0
50,78,5.0,0.0,3.0,[10 49 51],108.0,72.0,109.0,96.0,94.0,75.0,133.0,91.0,108.0,104.0
50,79,5.0,0.0,3.0,[10 49 51],108.0,104.0,94.0,75.0,108.0,72.0,105.0,150.0,133.0,91.0
50,80,5.0,0.0,3.0,[10 49 51],133.0,91.0,108.0,72.0,108.0,104.0,110.0,115.0,105.0,150.0
50,81,5.0,0.0,3.0,[10 49 51],105.0,150.0,108.0,104.0,133.0,91.0,76.0,122.0,110.0,115.0
50,82,5.0,0.0,3.0,[10 49 51],110.0,115.0,133.0,91.0,105.0,150.0,128.0,99.0,76.0,122.0
50,83,5.0,0.0,3.0,[10 49 51],76.0,122.0,105.0,150.0,110.0,115.0,110.0,83.0,128.0,99.0
50,84,5.0,0.0,3.0,[10 49 51],128.0,99.0,110.0,115.0,76.0,122.0,90.0,100.0,110.0,83.0
50,85,5.0,0.0,3.0,[10 49 51],110.0,83.0,76.0,122.0,128.0,99.0,137.0,67.0,90.0,100.0
50,86,5.0,0.0,3.0,[10 49 51],90.0,100.0,128.0,99.0,110.0,83.0,112.0,94.0,137.0,67.0
50,87,5.0,0.0,3.0,[10 49 51],137.0,67.0,110.0,83.0,90.0,100.0,140.0,76.0,112.0,94.0
50,88,5.0,0.0,3.0,[10 49 51],112.0,94.0,90.0,100.0,137.0,67.0,133.0,78.0,140.0,76.0
50,89,5.0,0.0,3.0,[10 49 51],140.0,76.0,137.0,67.0,112.0,94.0,118.0,73.0,133.0,78.0
50,90,5.0,0.0,3.0,[10 49 51],133.0,78.0,112.0,94.0,140.0,76.0,135.0,79.0,118.0,73.0
50,91,5.0,0.0,3.0,[10 49 51],118.0,73.0,140.0,76.0,133.0,78.0,128.0,70.0,135.0,79.0
50,92,5.0,0.0,3.0,[10 49 51],135.0,79.0,133.0,78.0,118.0,73.0,129.0,89.0,128.0,70.0
50,93,5.0,0.0,3.0,[10 49 51],128.0,70.0,118.0,73.0,135.0,79.0,130.0,90.0,129.0,89.0
50,94,5.0,0.0,3.0,[10 49 51],129.0,89.0,135.0,79.0,128.0,70.0,151.0,83.0,130.0,90.0
50,95,5.0,0.0,3.0,[10 49 51],130.0,90.0,128.0,70.0,129.0,89.0,207.0,98.0,151.0,83.0
50,96,5.0,0.0,3.0,[10 49 51],151.0,83.0,129.0,89.0,130.0,90.0,152.0,93.0,207.0,98.0
50,97,5.0,0.0,3.0,[10 49 51],207.0,98.0,130.0,90.0,151.0,83.0,199.0,87.0,152.0,93.0
50,98,5.0,0.0,3.0,[10 49 51],152.0,93.0,151.0,83.0,207.0,98.0,226.0,92.0,199.0,87.0
50,99,5.0,0.0,3.0,[10 49 51],199.0,87.0,207.0,98.0,152.0,93.0,267.0,89.0,226.0,92.0
50,100,5.0,0.0,3.0,[10 49 51],226.0,92.0,152.0,93.0,199.0,87.0,447.0,128.0,267.0,89.0
50,101,5.0,0.0,3.0,[10 49 51],267.0,89.0,199.0,87.0,226.0,92.0,526.0,104.0,447.0,128.0
50,102,5.0,0.0,3.0,[10 49 51],447.0,128.0,226.0,92.0,267.0,89.0,452.0,150.0,526.0,104.0
50,103,5.0,0.0,3.0,[10 49 51],526.0,104.0,267.0,89.0,447.0,128.0,363.0,189.0,452.0,150.0
50,104,5.0,0.0,3.0,[10 49 51],452.0,150.0,447.0,128.0,526.0,104.0,470.0,203.0,363.0,189.0
50,105,5.0,0.0,3.0,[10 49 51],363.0,189.0,526.0,104.0,452.0,150.0,464.0,171.0,470.0,203.0
50,106,5.0,0.0,3.0,[10 49 51],470.0,203.0,452.0,150.0,363.0,189.0,336.0,179.0,464.0,171.0
50,107,5.0,0.0,3.0,[10 49 51],464.0,171.0,363.0,189.0,470.0,203.0,310.0,147.0,336.0,179.0
50,108,5.0,0.0,3.0,[10 49 51],336.0,179.0,470.0,203.0,464.0,171.0,287.0,163.0,310.0,147.0
50,109,5.0,0.0,3.0,[10 49 51],310.0,147.0,464.0,171.0,336.0,179.0,211.0,148.0,287.0,163.0
50,110,5.0,0.0,3.0,[10 49 51],287.0,163.0,336.0,179.0,310.0,147.0,155.0,142.0,211.0,148.0
50,111,5.0,0.0,3.0,[10 49 51],211.0,148.0,310.0,147.0,287.0,163.0,123.0,99.0,155.0,142.0
50,112,5.0,0.0,3.0,[10 49 51],155.0,142.0,287.0,163.0,211.0,148.0,135.0,101.0,123.0,99.0
50,113,5.0,0.0,3.0,[10 49 51],123.0,99.0,211.0,148.0,155.0,142.0,116.0,88.0,135.0,101.0
50,114,5.0,0.0,3.0,[10 49 51],135.0,101.0,155.0,142.0,123.0,99.0,113.0,108.0,116.0,88.0
50,115,5.0,0.0,3.0,[10 49 51],116.0,88.0,123.0,99.0,135.0,101.0,102.0,81.0,113.0,108.0
50,116,5.0,0.0,3.0,[10 49 51],113.0,108.0,135.0,101.0,116.0,88.0,87.0,79.0,102.0,81.0
50,117,5.0,0.0,3.0,[10 49 51],102.0,81.0,116.0,88.0,113.0,108.0,81.0,80.0,87.0,79.0
50,118,5.0,0.0,3.0,[10 49 51],87.0,79.0,113.0,108.0,102.0,81.0,104.0,71.0,81.0,80.0
50,119,5.0,0.0,3.0,[10 49 51],81.0,80.0,102.0,81.0,87.0,79.0,89.0,60.0,104.0,71.0
50,120,5.0,0.0,3.0,[10 49 51],104.0,71.0,87.0,79.0,81.0,80.0,77.0,59.0,89.0,60.0
50,121,5.0,0.0,3.0,[10 49 51],89.0,60.0,81.0,80.0,104.0,71.0,113.0,76.0,77.0,59.0
50,122,5.0,0.0,3.0,[10 49 51],77.0,59.0,104.0,71.0,89.0,60.0,135.0,69.0,113.0,76.0
50,123,5.0,0.0,3.0,[10 49 51],113.0,76.0,89.0,60.0,77.0,59.0,120.0,61.0,135.0,69.0
50,124,5.0,0.0,3.0,[10 49 51],135.0,69.0,77.0,59.0,113.0,76.0,94.0,77.0,120.0,61.0
50,125,5.0,0.0,3.0,[10 49 51],120.0,61.0,113.0,76.0,135.0,69.0,106.0,103.0,94.0,77.0
50,126,5.0,0.0,3.0,[10 49 51],94.0,77.0,135.0,69.0,120.0,61.0,95.0,57.0,106.0,103.0
50,127,5.0,0.0,3.0,[10 49 51],106.0,103.0,120.0,61.0,94.0,77.0,84.0,74.0,95.0,57.0
50,128,5.0,0.0,3.0,[10 49 51],95.0,57.0,94.0,77.0,106.0,103.0,103.0,76.0,84.0,74.0
50,129,5.0,0.0,3.0,[10 49 51],84.0,74.0,106.0,103.0,95.0,57.0,80.0,45.0,103.0,76.0
50,130,5.0,0.0,3.0,[10 49 51],103.0,76.0,95.0,57.0,84.0,74.0,74.0,57.0,80.0,45.0
50,131,5.0,0.0,3.0,[10 49 51],80.0,45.0,84.0,74.0,103.0,76.0,60.0,68.0,74.0,57.0
50,132,5.0,0.0,3.0,[10 49 51],74.0,57.0,103.0,76.0,80.0,45.0,51.0,34.0,60.0,68.0
50,133,5.0,0.0,3.0,[10 49 51],60.0,68.0,80.0,45.0,74.0,57.0,38.0,58.0,51.0,34.0
50,134,5.0,0.0,3.0,[10 49 51],51.0,34.0,74.0,57.0,60.0,68.0,22.0,40.0,38.0,58.0
50,135,5.0,0.0,3.0,[10 49 51],38.0,58.0,60.0,68.0,51.0,34.0,21.0,51.0,22.0,40.0
50,136,5.0,0.0,3.0,[10 49 51],22.0,40.0,51.0,34.0,38.0,58.0,27.0,35.0,21.0,51.0
50,137,5.0,0.0,3.0,[10 49 51],21.0,51.0,38.0,58.0,22.0,40.0,25.0,30.0,27.0,35.0
50,138,5.0,0.0,3.0,[10 49 51],27.0,35.0,22.0,40.0,21.0,51.0,4.0,22.0,25.0,30.0
50,139,5.0,0.0,3.0,[10 49 51],25.0,30.0,21.0,51.0,27.0,35.0,0.0,0.0,4.0,22.0
50,140,5.0,0.0,3.0,[10 49 51],4.0,22.0,27.0,35.0,25.0,30.0,0.0,0.0,0.0,0.0
50,141,5.0,0.0,3.0,[10 49 51],0.0,0.0,25.0,30.0,4.0,22.0,0.0,0.0,0.0,0.0
50,142,5.0,0.0,3.0,[10 49 51],0.0,0.0,4.0,22.0,0.0,0.0,0.0,0.0,0.0,0.0
50,143,5.0,0.0,3.0,[10 49 51],0.0,0.0,0.0,0.0,0.0,0.0,0.0,0.0,0.0,0.0
51,0,5.0,0.0,4.0,[ 9 11 50 52],0.0,0.0,0.0,0.0,0.0,0.0,0.0,0.0,0.0,0.0
51,1,5.0,0.0,4.0,[ 9 11 50 52],0.0,0.0,0.0,0.0,0.0,0.0,0.0,0.0,0.0,0.0
51,2,5.0,0.0,4.0,[ 9 11 50 52],0.0,0.0,0.0,0.0,0.0,0.0,0.0,0.0,0.0,0.0
51,3,5.0,0.0,4.0,[ 9 11 50 52],0.0,0.0,0.0,0.0,0.0,0.0,0.0,0.0,0.0,0.0
51,4,5.0,0.0,4.0,[ 9 11 50 52],0.0,0.0,0.0,0.0,0.0,0.0,0.0,0.0,0.0,0.0
51,5,5.0,0.0,4.0,[ 9 11 50 52],0.0,0.0,0.0,0.0,0.0,0.0,0.0,0.0,0.0,0.0
51,6,5.0,0.0,4.0,[ 9 11 50 52],0.0,0.0,0.0,0.0,0.0,0.0,0.0,0.0,0.0,0.0
51,7,5.0,0.0,4.0,[ 9 11 50 52],0.0,0.0,0.0,0.0,0.0,0.0,0.0,0.0,0.0,0.0
51,8,5.0,0.0,4.0,[ 9 11 50 52],0.0,0.0,0.0,0.0,0.0,0.0,0.0,0.0,0.0,0.0
51,9,5.0,0.0,4.0,[ 9 11 50 52],0.0,0.0,0.0,0.0,0.0,0.0,0.0,0.0,0.0,0.0
51,10,5.0,0.0,4.0,[ 9 11 50 52],0.0,0.0,0.0,0.0,0.0,0.0,0.0,0.0,0.0,0.0
51,11,5.0,0.0,4.0,[ 9 11 50 52],0.0,0.0,0.0,0.0,0.0,0.0,0.0,0.0,0.0,0.0
51,12,5.0,0.0,4.0,[ 9 11 50 52],0.0,0.0,0.0,0.0,0.0,0.0,0.0,0.0,0.0,0.0
51,13,5.0,0.0,4.0,[ 9 11 50 52],0.0,0.0,0.0,0.0,0.0,0.0,0.0,0.0,0.0,0.0
51,14,5.0,0.0,4.0,[ 9 11 50 52],0.0,0.0,0.0,0.0,0.0,0.0,0.0,0.0,0.0,0.0
51,15,5.0,0.0,4.0,[ 9 11 50 52],0.0,0.0,0.0,0.0,0.0,0.0,0.0,0.0,0.0,0.0
51,16,5.0,0.0,4.0,[ 9 11 50 52],0.0,0.0,0.0,0.0,0.0,0.0,0.0,0.0,0.0,0.0
51,17,5.0,0.0,4.0,[ 9 11 50 52],0.0,0.0,0.0,0.0,0.0,0.0,0.0,0.0,0.0,0.0
51,18,5.0,0.0,4.0,[ 9 11 50 52],0.0,0.0,0.0,0.0,0.0,0.0,0.0,0.0,0.0,0.0
51,19,5.0,0.0,4.0,[ 9 11 50 52],0.0,0.0,0.0,0.0,0.0,0.0,0.0,0.0,0.0,0.0
51,20,5.0,0.0,4.0,[ 9 11 50 52],0.0,0.0,0.0,0.0,0.0,0.0,0.0,0.0,0.0,0.0
51,21,5.0,0.0,4.0,[ 9 11 50 52],0.0,0.0,0.0,0.0,0.0,0.0,0.0,0.0,0.0,0.0
51,22,5.0,0.0,4.0,[ 9 11 50 52],0.0,0.0,0.0,0.0,0.0,0.0,0.0,0.0,0.0,0.0
51,23,5.0,0.0,4.0,[ 9 11 50 52],0.0,0.0,0.0,0.0,0.0,0.0,0.0,0.0,0.0,0.0
51,24,5.0,0.0,4.0,[ 9 11 50 52],0.0,0.0,0.0,0.0,0.0,0.0,0.0,0.0,0.0,0.0
51,25,5.0,0.0,4.0,[ 9 11 50 52],0.0,0.0,0.0,0.0,0.0,0.0,0.0,0.0,0.0,0.0
51,26,5.0,0.0,4.0,[ 9 11 50 52],0.0,0.0,0.0,0.0,0.0,0.0,0.0,0.0,0.0,0.0
51,27,5.0,0.0,4.0,[ 9 11 50 52],0.0,0.0,0.0,0.0,0.0,0.0,0.0,0.0,0.0,0.0
51,28,5.0,0.0,4.0,[ 9 11 50 52],0.0,0.0,0.0,0.0,0.0,0.0,0.0,0.0,0.0,0.0
51,29,5.0,0.0,4.0,[ 9 11 50 52],0.0,0.0,0.0,0.0,0.0,0.0,0.0,0.0,0.0,0.0
51,30,5.0,0.0,4.0,[ 9 11 50 52],0.0,0.0,0.0,0.0,0.0,0.0,0.0,0.0,0.0,0.0
51,31,5.0,0.0,4.0,[ 9 11 50 52],0.0,0.0,0.0,0.0,0.0,0.0,0.0,0.0,0.0,0.0
51,32,5.0,0.0,4.0,[ 9 11 50 52],0.0,0.0,0.0,0.0,0.0,0.0,2.0,0.0,0.0,0.0
51,33,5.0,0.0,4.0,[ 9 11 50 52],0.0,0.0,0.0,0.0,0.0,0.0,9.0,0.0,2.0,0.0
51,34,5.0,0.0,4.0,[ 9 11 50 52],2.0,0.0,0.0,0.0,0.0,0.0,7.0,1.0,9.0,0.0
51,35,5.0,0.0,4.0,[ 9 11 50 52],9.0,0.0,0.0,0.0,2.0,0.0,19.0,2.0,7.0,1.0
51,36,5.0,0.0,4.0,[ 9 11 50 52],7.0,1.0,2.0,0.0,9.0,0.0,11.0,7.0,19.0,2.0
51,37,5.0,0.0,4.0,[ 9 11 50 52],19.0,2.0,9.0,0.0,7.0,1.0,17.0,27.0,11.0,7.0
51,38,5.0,0.0,4.0,[ 9 11 50 52],11.0,7.0,7.0,1.0,19.0,2.0,25.0,43.0,17.0,27.0
51,39,5.0,0.0,4.0,[ 9 11 50 52],17.0,27.0,19.0,2.0,11.0,7.0,27.0,123.0,25.0,43.0
51,40,5.0,0.0,4.0,[ 9 11 50 52],25.0,43.0,11.0,7.0,17.0,27.0,37.0,146.0,27.0,123.0
51,41,5.0,0.0,4.0,[ 9 11 50 52],27.0,123.0,17.0,27.0,25.0,43.0,46.0,61.0,37.0,146.0
51,42,5.0,0.0,4.0,[ 9 11 50 52],37.0,146.0,25.0,43.0,27.0,123.0,44.0,85.0,46.0,61.0
51,43,5.0,0.0,4.0,[ 9 11 50 52],46.0,61.0,27.0,123.0,37.0,146.0,85.0,98.0,44.0,85.0
51,44,5.0,0.0,4.0,[ 9 11 50 52],44.0,85.0,37.0,146.0,46.0,61.0,88.0,147.0,85.0,98.0
51,45,5.0,0.0,4.0,[ 9 11 50 52],85.0,98.0,46.0,61.0,44.0,85.0,116.0,172.0,88.0,147.0
51,46,5.0,0.0,4.0,[ 9 11 50 52],88.0,147.0,44.0,85.0,85.0,98.0,137.0,362.0,116.0,172.0
51,47,5.0,0.0,4.0,[ 9 11 50 52],116.0,172.0,85.0,98.0,88.0,147.0,117.0,397.0,137.0,362.0
51,48,5.0,0.0,4.0,[ 9 11 50 52],137.0,362.0,88.0,147.0,116.0,172.0,108.0,444.0,117.0,397.0
51,49,5.0,0.0,4.0,[ 9 11 50 52],117.0,397.0,116.0,172.0,137.0,362.0,145.0,404.0,108.0,444.0
51,50,5.0,0.0,4.0,[ 9 11 50 52],108.0,444.0,137.0,362.0,117.0,397.0,94.0,350.0,145.0,404.0
51,51,5.0,0.0,4.0,[ 9 11 50 52],145.0,404.0,117.0,397.0,108.0,444.0,103.0,326.0,94.0,350.0
51,52,5.0,0.0,4.0,[ 9 11 50 52],94.0,350.0,108.0,444.0,145.0,404.0,76.0,190.0,103.0,326.0
51,53,5.0,0.0,4.0,[ 9 11 50 52],103.0,326.0,145.0,404.0,94.0,350.0,71.0,265.0,76.0,190.0
51,54,5.0,0.0,4.0,[ 9 11 50 52],76.0,190.0,94.0,350.0,103.0,326.0,83.0,201.0,71.0,265.0
51,55,5.0,0.0,4.0,[ 9 11 50 52],71.0,265.0,103.0,326.0,76.0,190.0,52.0,157.0,83.0,201.0
51,56,5.0,0.0,4.0,[ 9 11 50 52],83.0,201.0,76.0,190.0,71.0,265.0,62.0,144.0,52.0,157.0
51,57,5.0,0.0,4.0,[ 9 11 50 52],52.0,157.0,71.0,265.0,83.0,201.0,43.0,142.0,62.0,144.0
51,58,5.0,0.0,4.0,[ 9 11 50 52],62.0,144.0,83.0,201.0,52.0,157.0,51.0,142.0,43.0,142.0
51,59,5.0,0.0,4.0,[ 9 11 50 52],43.0,142.0,52.0,157.0,62.0,144.0,47.0,100.0,51.0,142.0
51,60,5.0,0.0,4.0,[ 9 11 50 52],51.0,142.0,62.0,144.0,43.0,142.0,47.0,93.0,47.0,100.0
51,61,5.0,0.0,4.0,[ 9 11 50 52],47.0,100.0,43.0,142.0,51.0,142.0,36.0,95.0,47.0,93.0
51,62,5.0,0.0,4.0,[ 9 11 50 52],47.0,93.0,51.0,142.0,47.0,100.0,40.0,115.0,36.0,95.0
51,63,5.0,0.0,4.0,[ 9 11 50 52],36.0,95.0,47.0,100.0,47.0,93.0,52.0,116.0,40.0,115.0
51,64,5.0,0.0,4.0,[ 9 11 50 52],40.0,115.0,47.0,93.0,36.0,95.0,50.0,90.0,52.0,116.0
51,65,5.0,0.0,4.0,[ 9 11 50 52],52.0,116.0,36.0,95.0,40.0,115.0,54.0,77.0,50.0,90.0
51,66,5.0,0.0,4.0,[ 9 11 50 52],50.0,90.0,40.0,115.0,52.0,116.0,55.0,88.0,54.0,77.0
51,67,5.0,0.0,4.0,[ 9 11 50 52],54.0,77.0,52.0,116.0,50.0,90.0,42.0,72.0,55.0,88.0
51,68,5.0,0.0,4.0,[ 9 11 50 52],55.0,88.0,50.0,90.0,54.0,77.0,42.0,82.0,42.0,72.0
51,69,5.0,0.0,4.0,[ 9 11 50 52],42.0,72.0,54.0,77.0,55.0,88.0,71.0,85.0,42.0,82.0
51,70,5.0,0.0,4.0,[ 9 11 50 52],42.0,82.0,55.0,88.0,42.0,72.0,46.0,88.0,71.0,85.0
51,71,5.0,0.0,4.0,[ 9 11 50 52],71.0,85.0,42.0,72.0,42.0,82.0,70.0,94.0,46.0,88.0
51,72,5.0,0.0,4.0,[ 9 11 50 52],46.0,88.0,42.0,82.0,71.0,85.0,65.0,96.0,70.0,94.0
51,73,5.0,0.0,4.0,[ 9 11 50 52],70.0,94.0,71.0,85.0,46.0,88.0,75.0,82.0,65.0,96.0
51,74,5.0,0.0,4.0,[ 9 11 50 52],65.0,96.0,46.0,88.0,70.0,94.0,91.0,97.0,75.0,82.0
51,75,5.0,0.0,4.0,[ 9 11 50 52],75.0,82.0,70.0,94.0,65.0,96.0,54.0,94.0,91.0,97.0
51,76,5.0,0.0,4.0,[ 9 11 50 52],91.0,97.0,65.0,96.0,75.0,82.0,77.0,84.0,54.0,94.0
51,77,5.0,0.0,4.0,[ 9 11 50 52],54.0,94.0,75.0,82.0,91.0,97.0,76.0,114.0,77.0,84.0
51,78,5.0,0.0,4.0,[ 9 11 50 52],77.0,84.0,91.0,97.0,54.0,94.0,73.0,105.0,76.0,114.0
51,79,5.0,0.0,4.0,[ 9 11 50 52],76.0,114.0,54.0,94.0,77.0,84.0,79.0,114.0,73.0,105.0
51,80,5.0,0.0,4.0,[ 9 11 50 52],73.0,105.0,77.0,84.0,76.0,114.0,70.0,90.0,79.0,114.0
51,81,5.0,0.0,4.0,[ 9 11 50 52],79.0,114.0,76.0,114.0,73.0,105.0,68.0,94.0,70.0,90.0
51,82,5.0,0.0,4.0,[ 9 11 50 52],70.0,90.0,73.0,105.0,79.0,114.0,64.0,80.0,68.0,94.0
51,83,5.0,0.0,4.0,[ 9 11 50 52],68.0,94.0,79.0,114.0,70.0,90.0,81.0,79.0,64.0,80.0
51,84,5.0,0.0,4.0,[ 9 11 50 52],64.0,80.0,70.0,90.0,68.0,94.0,77.0,92.0,81.0,79.0
51,85,5.0,0.0,4.0,[ 9 11 50 52],81.0,79.0,68.0,94.0,64.0,80.0,75.0,105.0,77.0,92.0
51,86,5.0,0.0,4.0,[ 9 11 50 52],77.0,92.0,64.0,80.0,81.0,79.0,67.0,88.0,75.0,105.0
51,87,5.0,0.0,4.0,[ 9 11 50 52],75.0,105.0,81.0,79.0,77.0,92.0,63.0,102.0,67.0,88.0
51,88,5.0,0.0,4.0,[ 9 11 50 52],67.0,88.0,77.0,92.0,75.0,105.0,77.0,129.0,63.0,102.0
51,89,5.0,0.0,4.0,[ 9 11 50 52],63.0,102.0,75.0,105.0,67.0,88.0,96.0,88.0,77.0,129.0
51,90,5.0,0.0,4.0,[ 9 11 50 52],77.0,129.0,67.0,88.0,63.0,102.0,97.0,126.0,96.0,88.0
51,91,5.0,0.0,4.0,[ 9 11 50 52],96.0,88.0,63.0,102.0,77.0,129.0,106.0,117.0,97.0,126.0
51,92,5.0,0.0,4.0,[ 9 11 50 52],97.0,126.0,77.0,129.0,96.0,88.0,126.0,115.0,106.0,117.0
51,93,5.0,0.0,4.0,[ 9 11 50 52],106.0,117.0,96.0,88.0,97.0,126.0,95.0,126.0,126.0,115.0
51,94,5.0,0.0,4.0,[ 9 11 50 52],126.0,115.0,97.0,126.0,106.0,117.0,108.0,93.0,95.0,126.0
51,95,5.0,0.0,4.0,[ 9 11 50 52],95.0,126.0,106.0,117.0,126.0,115.0,107.0,80.0,108.0,93.0
51,96,5.0,0.0,4.0,[ 9 11 50 52],108.0,93.0,126.0,115.0,95.0,126.0,122.0,93.0,107.0,80.0
51,97,5.0,0.0,4.0,[ 9 11 50 52],107.0,80.0,95.0,126.0,108.0,93.0,129.0,90.0,122.0,93.0
51,98,5.0,0.0,4.0,[ 9 11 50 52],122.0,93.0,108.0,93.0,107.0,80.0,221.0,114.0,129.0,90.0
51,99,5.0,0.0,4.0,[ 9 11 50 52],129.0,90.0,107.0,80.0,122.0,93.0,186.0,111.0,221.0,114.0
51,100,5.0,0.0,4.0,[ 9 11 50 52],221.0,114.0,122.0,93.0,129.0,90.0,259.0,123.0,186.0,111.0
51,101,5.0,0.0,4.0,[ 9 11 50 52],186.0,111.0,129.0,90.0,221.0,114.0,324.0,111.0,259.0,123.0
51,102,5.0,0.0,4.0,[ 9 11 50 52],259.0,123.0,221.0,114.0,186.0,111.0,240.0,167.0,324.0,111.0
51,103,5.0,0.0,4.0,[ 9 11 50 52],324.0,111.0,186.0,111.0,259.0,123.0,254.0,221.0,240.0,167.0
51,104,5.0,0.0,4.0,[ 9 11 50 52],240.0,167.0,259.0,123.0,324.0,111.0,300.0,191.0,254.0,221.0
51,105,5.0,0.0,4.0,[ 9 11 50 52],254.0,221.0,324.0,111.0,240.0,167.0,232.0,204.0,300.0,191.0
51,106,5.0,0.0,4.0,[ 9 11 50 52],300.0,191.0,240.0,167.0,254.0,221.0,213.0,211.0,232.0,204.0
51,107,5.0,0.0,4.0,[ 9 11 50 52],232.0,204.0,254.0,221.0,300.0,191.0,289.0,197.0,213.0,211.0
51,108,5.0,0.0,4.0,[ 9 11 50 52],213.0,211.0,300.0,191.0,232.0,204.0,211.0,199.0,289.0,197.0
51,109,5.0,0.0,4.0,[ 9 11 50 52],289.0,197.0,232.0,204.0,213.0,211.0,162.0,169.0,211.0,199.0
51,110,5.0,0.0,4.0,[ 9 11 50 52],211.0,199.0,213.0,211.0,289.0,197.0,147.0,139.0,162.0,169.0
51,111,5.0,0.0,4.0,[ 9 11 50 52],162.0,169.0,289.0,197.0,211.0,199.0,135.0,191.0,147.0,139.0
51,112,5.0,0.0,4.0,[ 9 11 50 52],147.0,139.0,211.0,199.0,162.0,169.0,103.0,177.0,135.0,191.0
51,113,5.0,0.0,4.0,[ 9 11 50 52],135.0,191.0,162.0,169.0,147.0,139.0,139.0,102.0,103.0,177.0
51,114,5.0,0.0,4.0,[ 9 11 50 52],103.0,177.0,147.0,139.0,135.0,191.0,120.0,135.0,139.0,102.0
51,115,5.0,0.0,4.0,[ 9 11 50 52],139.0,102.0,135.0,191.0,103.0,177.0,119.0,98.0,120.0,135.0
51,116,5.0,0.0,4.0,[ 9 11 50 52],120.0,135.0,103.0,177.0,139.0,102.0,111.0,95.0,119.0,98.0
51,117,5.0,0.0,4.0,[ 9 11 50 52],119.0,98.0,139.0,102.0,120.0,135.0,125.0,87.0,111.0,95.0
51,118,5.0,0.0,4.0,[ 9 11 50 52],111.0,95.0,120.0,135.0,119.0,98.0,102.0,76.0,125.0,87.0
51,119,5.0,0.0,4.0,[ 9 11 50 52],125.0,87.0,119.0,98.0,111.0,95.0,112.0,66.0,102.0,76.0
51,120,5.0,0.0,4.0,[ 9 11 50 52],102.0,76.0,111.0,95.0,125.0,87.0,101.0,64.0,112.0,66.0
51,121,5.0,0.0,4.0,[ 9 11 50 52],112.0,66.0,125.0,87.0,102.0,76.0,133.0,72.0,101.0,64.0
51,122,5.0,0.0,4.0,[ 9 11 50 52],101.0,64.0,102.0,76.0,112.0,66.0,173.0,75.0,133.0,72.0
51,123,5.0,0.0,4.0,[ 9 11 50 52],133.0,72.0,112.0,66.0,101.0,64.0,145.0,82.0,173.0,75.0
51,124,5.0,0.0,4.0,[ 9 11 50 52],173.0,75.0,101.0,64.0,133.0,72.0,204.0,40.0,145.0,82.0
51,125,5.0,0.0,4.0,[ 9 11 50 52],145.0,82.0,133.0,72.0,173.0,75.0,242.0,49.0,204.0,40.0
51,126,5.0,0.0,4.0,[ 9 11 50 52],204.0,40.0,173.0,75.0,145.0,82.0,260.0,79.0,242.0,49.0
51,127,5.0,0.0,4.0,[ 9 11 50 52],242.0,49.0,145.0,82.0,204.0,40.0,157.0,40.0,260.0,79.0
51,128,5.0,0.0,4.0,[ 9 11 50 52],260.0,79.0,204.0,40.0,242.0,49.0,127.0,35.0,157.0,40.0
51,129,5.0,0.0,4.0,[ 9 11 50 52],157.0,40.0,242.0,49.0,260.0,79.0,112.0,46.0,127.0,35.0
51,130,5.0,0.0,4.0,[ 9 11 50 52],127.0,35.0,260.0,79.0,157.0,40.0,78.0,39.0,112.0,46.0
51,131,5.0,0.0,4.0,[ 9 11 50 52],112.0,46.0,157.0,40.0,127.0,35.0,90.0,47.0,78.0,39.0
51,132,5.0,0.0,4.0,[ 9 11 50 52],78.0,39.0,127.0,35.0,112.0,46.0,80.0,39.0,90.0,47.0
51,133,5.0,0.0,4.0,[ 9 11 50 52],90.0,47.0,112.0,46.0,78.0,39.0,74.0,38.0,80.0,39.0
51,134,5.0,0.0,4.0,[ 9 11 50 52],80.0,39.0,78.0,39.0,90.0,47.0,129.0,15.0,74.0,38.0
51,135,5.0,0.0,4.0,[ 9 11 50 52],74.0,38.0,90.0,47.0,80.0,39.0,71.0,21.0,129.0,15.0
51,136,5.0,0.0,4.0,[ 9 11 50 52],129.0,15.0,80.0,39.0,74.0,38.0,35.0,28.0,71.0,21.0
51,137,5.0,0.0,4.0,[ 9 11 50 52],71.0,21.0,74.0,38.0,129.0,15.0,31.0,21.0,35.0,28.0
51,138,5.0,0.0,4.0,[ 9 11 50 52],35.0,28.0,129.0,15.0,71.0,21.0,13.0,25.0,31.0,21.0
51,139,5.0,0.0,4.0,[ 9 11 50 52],31.0,21.0,71.0,21.0,35.0,28.0,0.0,4.0,13.0,25.0
51,140,5.0,0.0,4.0,[ 9 11 50 52],13.0,25.0,35.0,28.0,31.0,21.0,0.0,0.0,0.0,4.0
51,141,5.0,0.0,4.0,[ 9 11 50 52],0.0,4.0,31.0,21.0,13.0,25.0,0.0,0.0,0.0,0.0
51,142,5.0,0.0,4.0,[ 9 11 50 52],0.0,0.0,13.0,25.0,0.0,4.0,0.0,0.0,0.0,0.0
51,143,5.0,0.0,4.0,[ 9 11 50 52],0.0,0.0,0.0,4.0,0.0,0.0,0.0,0.0,0.0,0.0
52,0,5.0,0.0,3.0,[10 51 53],0.0,1.0,0.0,0.0,0.0,0.0,2.0,0.0,0.0,0.0
52,1,5.0,0.0,3.0,[10 51 53],0.0,0.0,0.0,0.0,0.0,1.0,0.0,0.0,2.0,0.0
52,2,5.0,0.0,3.0,[10 51 53],2.0,0.0,0.0,1.0,0.0,0.0,0.0,0.0,0.0,0.0
52,3,5.0,0.0,3.0,[10 51 53],0.0,0.0,0.0,0.0,2.0,0.0,0.0,0.0,0.0,0.0
52,4,5.0,0.0,3.0,[10 51 53],0.0,0.0,2.0,0.0,0.0,0.0,0.0,0.0,0.0,0.0
52,5,5.0,0.0,3.0,[10 51 53],0.0,0.0,0.0,0.0,0.0,0.0,0.0,0.0,0.0,0.0
52,6,5.0,0.0,3.0,[10 51 53],0.0,0.0,0.0,0.0,0.0,0.0,0.0,0.0,0.0,0.0
52,7,5.0,0.0,3.0,[10 51 53],0.0,0.0,0.0,0.0,0.0,0.0,0.0,0.0,0.0,0.0
52,8,5.0,0.0,3.0,[10 51 53],0.0,0.0,0.0,0.0,0.0,0.0,0.0,0.0,0.0,0.0
52,9,5.0,0.0,3.0,[10 51 53],0.0,0.0,0.0,0.0,0.0,0.0,0.0,0.0,0.0,0.0
52,10,5.0,0.0,3.0,[10 51 53],0.0,0.0,0.0,0.0,0.0,0.0,0.0,0.0,0.0,0.0
52,11,5.0,0.0,3.0,[10 51 53],0.0,0.0,0.0,0.0,0.0,0.0,0.0,0.0,0.0,0.0
52,12,5.0,0.0,3.0,[10 51 53],0.0,0.0,0.0,0.0,0.0,0.0,1.0,0.0,0.0,0.0
52,13,5.0,0.0,3.0,[10 51 53],0.0,0.0,0.0,0.0,0.0,0.0,0.0,0.0,1.0,0.0
52,14,5.0,0.0,3.0,[10 51 53],1.0,0.0,0.0,0.0,0.0,0.0,0.0,0.0,0.0,0.0
52,15,5.0,0.0,3.0,[10 51 53],0.0,0.0,0.0,0.0,1.0,0.0,0.0,2.0,0.0,0.0
52,16,5.0,0.0,3.0,[10 51 53],0.0,0.0,1.0,0.0,0.0,0.0,0.0,0.0,0.0,2.0
52,17,5.0,0.0,3.0,[10 51 53],0.0,2.0,0.0,0.0,0.0,0.0,0.0,0.0,0.0,0.0
52,18,5.0,0.0,3.0,[10 51 53],0.0,0.0,0.0,0.0,0.0,2.0,0.0,0.0,0.0,0.0
52,19,5.0,0.0,3.0,[10 51 53],0.0,0.0,0.0,2.0,0.0,0.0,1.0,0.0,0.0,0.0
52,20,5.0,0.0,3.0,[10 51 53],0.0,0.0,0.0,0.0,0.0,0.0,2.0,4.0,1.0,0.0
52,21,5.0,0.0,3.0,[10 51 53],1.0,0.0,0.0,0.0,0.0,0.0,0.0,0.0,2.0,4.0
52,22,5.0,0.0,3.0,[10 51 53],2.0,4.0,0.0,0.0,1.0,0.0,0.0,0.0,0.0,0.0
52,23,5.0,0.0,3.0,[10 51 53],0.0,0.0,1.0,0.0,2.0,4.0,0.0,0.0,0.0,0.0
52,24,5.0,0.0,3.0,[10 51 53],0.0,0.0,2.0,4.0,0.0,0.0,0.0,0.0,0.0,0.0
52,25,5.0,0.0,3.0,[10 51 53],0.0,0.0,0.0,0.0,0.0,0.0,1.0,0.0,0.0,0.0
52,26,5.0,0.0,3.0,[10 51 53],0.0,0.0,0.0,0.0,0.0,0.0,1.0,2.0,1.0,0.0
52,27,5.0,0.0,3.0,[10 51 53],1.0,0.0,0.0,0.0,0.0,0.0,0.0,0.0,1.0,2.0
52,28,5.0,0.0,3.0,[10 51 53],1.0,2.0,0.0,0.0,1.0,0.0,0.0,0.0,0.0,0.0
52,29,5.0,0.0,3.0,[10 51 53],0.0,0.0,1.0,0.0,1.0,2.0,0.0,0.0,0.0,0.0
52,30,5.0,0.0,3.0,[10 51 53],0.0,0.0,1.0,2.0,0.0,0.0,0.0,0.0,0.0,0.0
52,31,5.0,0.0,3.0,[10 51 53],0.0,0.0,0.0,0.0,0.0,0.0,0.0,0.0,0.0,0.0
52,32,5.0,0.0,3.0,[10 51 53],0.0,0.0,0.0,0.0,0.0,0.0,0.0,0.0,0.0,0.0
52,33,5.0,0.0,3.0,[10 51 53],0.0,0.0,0.0,0.0,0.0,0.0,6.0,0.0,0.0,0.0
52,34,5.0,0.0,3.0,[10 51 53],0.0,0.0,0.0,0.0,0.0,0.0,7.0,0.0,6.0,0.0
52,35,5.0,0.0,3.0,[10 51 53],6.0,0.0,0.0,0.0,0.0,0.0,6.0,6.0,7.0,0.0
52,36,5.0,0.0,3.0,[10 51 53],7.0,0.0,0.0,0.0,6.0,0.0,11.0,19.0,6.0,6.0
52,37,5.0,0.0,3.0,[10 51 53],6.0,6.0,6.0,0.0,7.0,0.0,18.0,27.0,11.0,19.0
52,38,5.0,0.0,3.0,[10 51 53],11.0,19.0,7.0,0.0,6.0,6.0,19.0,48.0,18.0,27.0
52,39,5.0,0.0,3.0,[10 51 53],18.0,27.0,6.0,6.0,11.0,19.0,37.0,48.0,19.0,48.0
52,40,5.0,0.0,3.0,[10 51 53],19.0,48.0,11.0,19.0,18.0,27.0,61.0,94.0,37.0,48.0
52,41,5.0,0.0,3.0,[10 51 53],37.0,48.0,18.0,27.0,19.0,48.0,58.0,101.0,61.0,94.0
52,42,5.0,0.0,3.0,[10 51 53],61.0,94.0,19.0,48.0,37.0,48.0,72.0,270.0,58.0,101.0
52,43,5.0,0.0,3.0,[10 51 53],58.0,101.0,37.0,48.0,61.0,94.0,122.0,316.0,72.0,270.0
52,44,5.0,0.0,3.0,[10 51 53],72.0,270.0,61.0,94.0,58.0,101.0,132.0,493.0,122.0,316.0
52,45,5.0,0.0,3.0,[10 51 53],122.0,316.0,58.0,101.0,72.0,270.0,170.0,610.0,132.0,493.0
52,46,5.0,0.0,3.0,[10 51 53],132.0,493.0,72.0,270.0,122.0,316.0,211.0,805.0,170.0,610.0
52,47,5.0,0.0,3.0,[10 51 53],170.0,610.0,122.0,316.0,132.0,493.0,222.0,883.0,211.0,805.0
52,48,5.0,0.0,3.0,[10 51 53],211.0,805.0,132.0,493.0,170.0,610.0,202.0,749.0,222.0,883.0
52,49,5.0,0.0,3.0,[10 51 53],222.0,883.0,170.0,610.0,211.0,805.0,185.0,829.0,202.0,749.0
52,50,5.0,0.0,3.0,[10 51 53],202.0,749.0,211.0,805.0,222.0,883.0,158.0,568.0,185.0,829.0
52,51,5.0,0.0,3.0,[10 51 53],185.0,829.0,222.0,883.0,202.0,749.0,134.0,376.0,158.0,568.0
52,52,5.0,0.0,3.0,[10 51 53],158.0,568.0,202.0,749.0,185.0,829.0,93.0,328.0,134.0,376.0
52,53,5.0,0.0,3.0,[10 51 53],134.0,376.0,185.0,829.0,158.0,568.0,121.0,461.0,93.0,328.0
52,54,5.0,0.0,3.0,[10 51 53],93.0,328.0,158.0,568.0,134.0,376.0,116.0,257.0,121.0,461.0
52,55,5.0,0.0,3.0,[10 51 53],121.0,461.0,134.0,376.0,93.0,328.0,113.0,239.0,116.0,257.0
52,56,5.0,0.0,3.0,[10 51 53],116.0,257.0,93.0,328.0,121.0,461.0,104.0,204.0,113.0,239.0
52,57,5.0,0.0,3.0,[10 51 53],113.0,239.0,121.0,461.0,116.0,257.0,122.0,184.0,104.0,204.0
52,58,5.0,0.0,3.0,[10 51 53],104.0,204.0,116.0,257.0,113.0,239.0,129.0,161.0,122.0,184.0
52,59,5.0,0.0,3.0,[10 51 53],122.0,184.0,113.0,239.0,104.0,204.0,108.0,157.0,129.0,161.0
52,60,5.0,0.0,3.0,[10 51 53],129.0,161.0,104.0,204.0,122.0,184.0,132.0,150.0,108.0,157.0
52,61,5.0,0.0,3.0,[10 51 53],108.0,157.0,122.0,184.0,129.0,161.0,133.0,127.0,132.0,150.0
52,62,5.0,0.0,3.0,[10 51 53],132.0,150.0,129.0,161.0,108.0,157.0,133.0,113.0,133.0,127.0
52,63,5.0,0.0,3.0,[10 51 53],133.0,127.0,108.0,157.0,132.0,150.0,127.0,110.0,133.0,113.0
52,64,5.0,0.0,3.0,[10 51 53],133.0,113.0,132.0,150.0,133.0,127.0,122.0,99.0,127.0,110.0
52,65,5.0,0.0,3.0,[10 51 53],127.0,110.0,133.0,127.0,133.0,113.0,120.0,104.0,122.0,99.0
52,66,5.0,0.0,3.0,[10 51 53],122.0,99.0,133.0,113.0,127.0,110.0,134.0,84.0,120.0,104.0
52,67,5.0,0.0,3.0,[10 51 53],120.0,104.0,127.0,110.0,122.0,99.0,126.0,91.0,134.0,84.0
52,68,5.0,0.0,3.0,[10 51 53],134.0,84.0,122.0,99.0,120.0,104.0,133.0,94.0,126.0,91.0
52,69,5.0,0.0,3.0,[10 51 53],126.0,91.0,120.0,104.0,134.0,84.0,142.0,89.0,133.0,94.0
52,70,5.0,0.0,3.0,[10 51 53],133.0,94.0,134.0,84.0,126.0,91.0,117.0,80.0,142.0,89.0
52,71,5.0,0.0,3.0,[10 51 53],142.0,89.0,126.0,91.0,133.0,94.0,139.0,100.0,117.0,80.0
52,72,5.0,0.0,3.0,[10 51 53],117.0,80.0,133.0,94.0,142.0,89.0,128.0,93.0,139.0,100.0
52,73,5.0,0.0,3.0,[10 51 53],139.0,100.0,142.0,89.0,117.0,80.0,99.0,117.0,128.0,93.0
52,74,5.0,0.0,3.0,[10 51 53],128.0,93.0,117.0,80.0,139.0,100.0,152.0,116.0,99.0,117.0
52,75,5.0,0.0,3.0,[10 51 53],99.0,117.0,139.0,100.0,128.0,93.0,101.0,117.0,152.0,116.0
52,76,5.0,0.0,3.0,[10 51 53],152.0,116.0,128.0,93.0,99.0,117.0,118.0,133.0,101.0,117.0
52,77,5.0,0.0,3.0,[10 51 53],101.0,117.0,99.0,117.0,152.0,116.0,114.0,126.0,118.0,133.0
52,78,5.0,0.0,3.0,[10 51 53],118.0,133.0,152.0,116.0,101.0,117.0,92.0,146.0,114.0,126.0
52,79,5.0,0.0,3.0,[10 51 53],114.0,126.0,101.0,117.0,118.0,133.0,124.0,140.0,92.0,146.0
52,80,5.0,0.0,3.0,[10 51 53],92.0,146.0,118.0,133.0,114.0,126.0,117.0,143.0,124.0,140.0
52,81,5.0,0.0,3.0,[10 51 53],124.0,140.0,114.0,126.0,92.0,146.0,106.0,133.0,117.0,143.0
52,82,5.0,0.0,3.0,[10 51 53],117.0,143.0,92.0,146.0,124.0,140.0,122.0,131.0,106.0,133.0
52,83,5.0,0.0,3.0,[10 51 53],106.0,133.0,124.0,140.0,117.0,143.0,123.0,124.0,122.0,131.0
52,84,5.0,0.0,3.0,[10 51 53],122.0,131.0,117.0,143.0,106.0,133.0,119.0,113.0,123.0,124.0
52,85,5.0,0.0,3.0,[10 51 53],123.0,124.0,106.0,133.0,122.0,131.0,138.0,91.0,119.0,113.0
52,86,5.0,0.0,3.0,[10 51 53],119.0,113.0,122.0,131.0,123.0,124.0,133.0,134.0,138.0,91.0
52,87,5.0,0.0,3.0,[10 51 53],138.0,91.0,123.0,124.0,119.0,113.0,134.0,110.0,133.0,134.0
52,88,5.0,0.0,3.0,[10 51 53],133.0,134.0,119.0,113.0,138.0,91.0,145.0,111.0,134.0,110.0
52,89,5.0,0.0,3.0,[10 51 53],134.0,110.0,138.0,91.0,133.0,134.0,157.0,71.0,145.0,111.0
52,90,5.0,0.0,3.0,[10 51 53],145.0,111.0,133.0,134.0,134.0,110.0,158.0,99.0,157.0,71.0
52,91,5.0,0.0,3.0,[10 51 53],157.0,71.0,134.0,110.0,145.0,111.0,165.0,133.0,158.0,99.0
52,92,5.0,0.0,3.0,[10 51 53],158.0,99.0,145.0,111.0,157.0,71.0,234.0,105.0,165.0,133.0
52,93,5.0,0.0,3.0,[10 51 53],165.0,133.0,157.0,71.0,158.0,99.0,161.0,107.0,234.0,105.0
52,94,5.0,0.0,3.0,[10 51 53],234.0,105.0,158.0,99.0,165.0,133.0,211.0,105.0,161.0,107.0
52,95,5.0,0.0,3.0,[10 51 53],161.0,107.0,165.0,133.0,234.0,105.0,194.0,95.0,211.0,105.0
52,96,5.0,0.0,3.0,[10 51 53],211.0,105.0,234.0,105.0,161.0,107.0,189.0,95.0,194.0,95.0
52,97,5.0,0.0,3.0,[10 51 53],194.0,95.0,161.0,107.0,211.0,105.0,158.0,102.0,189.0,95.0
52,98,5.0,0.0,3.0,[10 51 53],189.0,95.0,211.0,105.0,194.0,95.0,234.0,88.0,158.0,102.0
52,99,5.0,0.0,3.0,[10 51 53],158.0,102.0,194.0,95.0,189.0,95.0,240.0,123.0,234.0,88.0
52,100,5.0,0.0,3.0,[10 51 53],234.0,88.0,189.0,95.0,158.0,102.0,313.0,116.0,240.0,123.0
52,101,5.0,0.0,3.0,[10 51 53],240.0,123.0,158.0,102.0,234.0,88.0,500.0,158.0,313.0,116.0
52,102,5.0,0.0,3.0,[10 51 53],313.0,116.0,234.0,88.0,240.0,123.0,478.0,145.0,500.0,158.0
52,103,5.0,0.0,3.0,[10 51 53],500.0,158.0,240.0,123.0,313.0,116.0,502.0,157.0,478.0,145.0
52,104,5.0,0.0,3.0,[10 51 53],478.0,145.0,313.0,116.0,500.0,158.0,627.0,218.0,502.0,157.0
52,105,5.0,0.0,3.0,[10 51 53],502.0,157.0,500.0,158.0,478.0,145.0,593.0,158.0,627.0,218.0
52,106,5.0,0.0,3.0,[10 51 53],627.0,218.0,478.0,145.0,502.0,157.0,527.0,215.0,593.0,158.0
52,107,5.0,0.0,3.0,[10 51 53],593.0,158.0,502.0,157.0,627.0,218.0,419.0,198.0,527.0,215.0
52,108,5.0,0.0,3.0,[10 51 53],527.0,215.0,627.0,218.0,593.0,158.0,378.0,118.0,419.0,198.0
52,109,5.0,0.0,3.0,[10 51 53],419.0,198.0,593.0,158.0,527.0,215.0,313.0,175.0,378.0,118.0
52,110,5.0,0.0,3.0,[10 51 53],378.0,118.0,527.0,215.0,419.0,198.0,263.0,150.0,313.0,175.0
52,111,5.0,0.0,3.0,[10 51 53],313.0,175.0,419.0,198.0,378.0,118.0,224.0,132.0,263.0,150.0
52,112,5.0,0.0,3.0,[10 51 53],263.0,150.0,378.0,118.0,313.0,175.0,187.0,105.0,224.0,132.0
52,113,5.0,0.0,3.0,[10 51 53],224.0,132.0,313.0,175.0,263.0,150.0,148.0,114.0,187.0,105.0
52,114,5.0,0.0,3.0,[10 51 53],187.0,105.0,263.0,150.0,224.0,132.0,131.0,69.0,148.0,114.0
52,115,5.0,0.0,3.0,[10 51 53],148.0,114.0,224.0,132.0,187.0,105.0,147.0,81.0,131.0,69.0
52,116,5.0,0.0,3.0,[10 51 53],131.0,69.0,187.0,105.0,148.0,114.0,130.0,68.0,147.0,81.0
52,117,5.0,0.0,3.0,[10 51 53],147.0,81.0,148.0,114.0,131.0,69.0,149.0,83.0,130.0,68.0
52,118,5.0,0.0,3.0,[10 51 53],130.0,68.0,131.0,69.0,147.0,81.0,117.0,67.0,149.0,83.0
52,119,5.0,0.0,3.0,[10 51 53],149.0,83.0,147.0,81.0,130.0,68.0,117.0,66.0,117.0,67.0
52,120,5.0,0.0,3.0,[10 51 53],117.0,67.0,130.0,68.0,149.0,83.0,128.0,62.0,117.0,66.0
52,121,5.0,0.0,3.0,[10 51 53],117.0,66.0,149.0,83.0,117.0,67.0,114.0,52.0,128.0,62.0
52,122,5.0,0.0,3.0,[10 51 53],128.0,62.0,117.0,67.0,117.0,66.0,152.0,62.0,114.0,52.0
52,123,5.0,0.0,3.0,[10 51 53],114.0,52.0,117.0,66.0,128.0,62.0,95.0,61.0,152.0,62.0
52,124,5.0,0.0,3.0,[10 51 53],152.0,62.0,128.0,62.0,114.0,52.0,106.0,71.0,95.0,61.0
52,125,5.0,0.0,3.0,[10 51 53],95.0,61.0,114.0,52.0,152.0,62.0,114.0,73.0,106.0,71.0
52,126,5.0,0.0,3.0,[10 51 53],106.0,71.0,152.0,62.0,95.0,61.0,75.0,51.0,114.0,73.0
52,127,5.0,0.0,3.0,[10 51 53],114.0,73.0,95.0,61.0,106.0,71.0,82.0,68.0,75.0,51.0
52,128,5.0,0.0,3.0,[10 51 53],75.0,51.0,106.0,71.0,114.0,73.0,60.0,55.0,82.0,68.0
52,129,5.0,0.0,3.0,[10 51 53],82.0,68.0,114.0,73.0,75.0,51.0,67.0,74.0,60.0,55.0
52,130,5.0,0.0,3.0,[10 51 53],60.0,55.0,75.0,51.0,82.0,68.0,57.0,65.0,67.0,74.0
52,131,5.0,0.0,3.0,[10 51 53],67.0,74.0,82.0,68.0,60.0,55.0,71.0,31.0,57.0,65.0
52,132,5.0,0.0,3.0,[10 51 53],57.0,65.0,60.0,55.0,67.0,74.0,89.0,56.0,71.0,31.0
52,133,5.0,0.0,3.0,[10 51 53],71.0,31.0,67.0,74.0,57.0,65.0,50.0,17.0,89.0,56.0
52,134,5.0,0.0,3.0,[10 51 53],89.0,56.0,57.0,65.0,71.0,31.0,34.0,47.0,50.0,17.0
52,135,5.0,0.0,3.0,[10 51 53],50.0,17.0,71.0,31.0,89.0,56.0,50.0,29.0,34.0,47.0
52,136,5.0,0.0,3.0,[10 51 53],34.0,47.0,89.0,56.0,50.0,17.0,22.0,43.0,50.0,29.0
52,137,5.0,0.0,3.0,[10 51 53],50.0,29.0,50.0,17.0,34.0,47.0,19.0,22.0,22.0,43.0
52,138,5.0,0.0,3.0,[10 51 53],22.0,43.0,34.0,47.0,50.0,29.0,10.0,11.0,19.0,22.0
52,139,5.0,0.0,3.0,[10 51 53],19.0,22.0,50.0,29.0,22.0,43.0,0.0,3.0,10.0,11.0
52,140,5.0,0.0,3.0,[10 51 53],10.0,11.0,22.0,43.0,19.0,22.0,0.0,0.0,0.0,3.0
52,141,5.0,0.0,3.0,[10 51 53],0.0,3.0,19.0,22.0,10.0,11.0,0.0,0.0,0.0,0.0
52,142,5.0,0.0,3.0,[10 51 53],0.0,0.0,10.0,11.0,0.0,3.0,0.0,0.0,0.0,0.0
52,143,5.0,0.0,3.0,[10 51 53],0.0,0.0,0.0,3.0,0.0,0.0,0.0,0.0,0.0,0.0
53,0,5.0,0.0,2.0,[52 54],0.0,0.0,0.0,0.0,0.0,0.0,2.0,1.0,2.0,2.0
53,1,5.0,0.0,2.0,[52 54],2.0,2.0,0.0,0.0,0.0,0.0,0.0,0.0,2.0,1.0
53,2,5.0,0.0,2.0,[52 54],2.0,1.0,0.0,0.0,2.0,2.0,0.0,0.0,0.0,0.0
53,3,5.0,0.0,2.0,[52 54],0.0,0.0,2.0,2.0,2.0,1.0,0.0,0.0,0.0,0.0
53,4,5.0,0.0,2.0,[52 54],0.0,0.0,2.0,1.0,0.0,0.0,3.0,0.0,0.0,0.0
53,5,5.0,0.0,2.0,[52 54],0.0,0.0,0.0,0.0,0.0,0.0,0.0,2.0,3.0,0.0
53,6,5.0,0.0,2.0,[52 54],3.0,0.0,0.0,0.0,0.0,0.0,0.0,0.0,0.0,2.0
53,7,5.0,0.0,2.0,[52 54],0.0,2.0,0.0,0.0,3.0,0.0,0.0,0.0,0.0,0.0
53,8,5.0,0.0,2.0,[52 54],0.0,0.0,3.0,0.0,0.0,2.0,0.0,0.0,0.0,0.0
53,9,5.0,0.0,2.0,[52 54],0.0,0.0,0.0,2.0,0.0,0.0,0.0,0.0,0.0,0.0
53,10,5.0,0.0,2.0,[52 54],0.0,0.0,0.0,0.0,0.0,0.0,0.0,0.0,0.0,0.0
53,11,5.0,0.0,2.0,[52 54],0.0,0.0,0.0,0.0,0.0,0.0,0.0,1.0,0.0,0.0
53,12,5.0,0.0,2.0,[52 54],0.0,0.0,0.0,0.0,0.0,0.0,0.0,0.0,0.0,1.0
53,13,5.0,0.0,2.0,[52 54],0.0,1.0,0.0,0.0,0.0,0.0,0.0,0.0,0.0,0.0
53,14,5.0,0.0,2.0,[52 54],0.0,0.0,0.0,0.0,0.0,1.0,0.0,0.0,0.0,0.0
53,15,5.0,0.0,2.0,[52 54],0.0,0.0,0.0,1.0,0.0,0.0,0.0,0.0,0.0,0.0
53,16,5.0,0.0,2.0,[52 54],0.0,0.0,0.0,0.0,0.0,0.0,0.0,0.0,0.0,0.0
53,17,5.0,0.0,2.0,[52 54],0.0,0.0,0.0,0.0,0.0,0.0,0.0,0.0,0.0,0.0
53,18,5.0,0.0,2.0,[52 54],0.0,0.0,0.0,0.0,0.0,0.0,0.0,0.0,0.0,0.0
53,19,5.0,0.0,2.0,[52 54],0.0,0.0,0.0,0.0,0.0,0.0,0.0,0.0,0.0,0.0
53,20,5.0,0.0,2.0,[52 54],0.0,0.0,0.0,0.0,0.0,0.0,0.0,0.0,0.0,0.0
53,21,5.0,0.0,2.0,[52 54],0.0,0.0,0.0,0.0,0.0,0.0,0.0,0.0,0.0,0.0
53,22,5.0,0.0,2.0,[52 54],0.0,0.0,0.0,0.0,0.0,0.0,0.0,0.0,0.0,0.0
53,23,5.0,0.0,2.0,[52 54],0.0,0.0,0.0,0.0,0.0,0.0,0.0,0.0,0.0,0.0
53,24,5.0,0.0,2.0,[52 54],0.0,0.0,0.0,0.0,0.0,0.0,1.0,1.0,0.0,0.0
53,25,5.0,0.0,2.0,[52 54],0.0,0.0,0.0,0.0,0.0,0.0,2.0,0.0,1.0,1.0
53,26,5.0,0.0,2.0,[52 54],1.0,1.0,0.0,0.0,0.0,0.0,0.0,2.0,2.0,0.0
53,27,5.0,0.0,2.0,[52 54],2.0,0.0,0.0,0.0,1.0,1.0,0.0,0.0,0.0,2.0
53,28,5.0,0.0,2.0,[52 54],0.0,2.0,1.0,1.0,2.0,0.0,0.0,0.0,0.0,0.0
53,29,5.0,0.0,2.0,[52 54],0.0,0.0,2.0,0.0,0.0,2.0,0.0,0.0,0.0,0.0
53,30,5.0,0.0,2.0,[52 54],0.0,0.0,0.0,2.0,0.0,0.0,0.0,0.0,0.0,0.0
53,31,5.0,0.0,2.0,[52 54],0.0,0.0,0.0,0.0,0.0,0.0,0.0,0.0,0.0,0.0
53,32,5.0,0.0,2.0,[52 54],0.0,0.0,0.0,0.0,0.0,0.0,0.0,0.0,0.0,0.0
53,33,5.0,0.0,2.0,[52 54],0.0,0.0,0.0,0.0,0.0,0.0,10.0,0.0,0.0,0.0
53,34,5.0,0.0,2.0,[52 54],0.0,0.0,0.0,0.0,0.0,0.0,11.0,5.0,10.0,0.0
53,35,5.0,0.0,2.0,[52 54],10.0,0.0,0.0,0.0,0.0,0.0,16.0,6.0,11.0,5.0
53,36,5.0,0.0,2.0,[52 54],11.0,5.0,0.0,0.0,10.0,0.0,27.0,11.0,16.0,6.0
53,37,5.0,0.0,2.0,[52 54],16.0,6.0,10.0,0.0,11.0,5.0,25.0,30.0,27.0,11.0
53,38,5.0,0.0,2.0,[52 54],27.0,11.0,11.0,5.0,16.0,6.0,53.0,30.0,25.0,30.0
53,39,5.0,0.0,2.0,[52 54],25.0,30.0,16.0,6.0,27.0,11.0,86.0,69.0,53.0,30.0
53,40,5.0,0.0,2.0,[52 54],53.0,30.0,27.0,11.0,25.0,30.0,116.0,114.0,86.0,69.0
53,41,5.0,0.0,2.0,[52 54],86.0,69.0,25.0,30.0,53.0,30.0,140.0,142.0,116.0,114.0
53,42,5.0,0.0,2.0,[52 54],116.0,114.0,53.0,30.0,86.0,69.0,227.0,225.0,140.0,142.0
53,43,5.0,0.0,2.0,[52 54],140.0,142.0,86.0,69.0,116.0,114.0,314.0,238.0,227.0,225.0
53,44,5.0,0.0,2.0,[52 54],227.0,225.0,116.0,114.0,140.0,142.0,409.0,426.0,314.0,238.0
53,45,5.0,0.0,2.0,[52 54],314.0,238.0,140.0,142.0,227.0,225.0,537.0,465.0,409.0,426.0
53,46,5.0,0.0,2.0,[52 54],409.0,426.0,227.0,225.0,314.0,238.0,570.0,590.0,537.0,465.0
53,47,5.0,0.0,2.0,[52 54],537.0,465.0,314.0,238.0,409.0,426.0,588.0,791.0,570.0,590.0
53,48,5.0,0.0,2.0,[52 54],570.0,590.0,409.0,426.0,537.0,465.0,564.0,715.0,588.0,791.0
53,49,5.0,0.0,2.0,[52 54],588.0,791.0,537.0,465.0,570.0,590.0,488.0,642.0,564.0,715.0
53,50,5.0,0.0,2.0,[52 54],564.0,715.0,570.0,590.0,588.0,791.0,337.0,654.0,488.0,642.0
53,51,5.0,0.0,2.0,[52 54],488.0,642.0,588.0,791.0,564.0,715.0,272.0,583.0,337.0,654.0
53,52,5.0,0.0,2.0,[52 54],337.0,654.0,564.0,715.0,488.0,642.0,203.0,440.0,272.0,583.0
53,53,5.0,0.0,2.0,[52 54],272.0,583.0,488.0,642.0,337.0,654.0,206.0,369.0,203.0,440.0
53,54,5.0,0.0,2.0,[52 54],203.0,440.0,337.0,654.0,272.0,583.0,174.0,284.0,206.0,369.0
53,55,5.0,0.0,2.0,[52 54],206.0,369.0,272.0,583.0,203.0,440.0,145.0,215.0,174.0,284.0
53,56,5.0,0.0,2.0,[52 54],174.0,284.0,203.0,440.0,206.0,369.0,144.0,257.0,145.0,215.0
53,57,5.0,0.0,2.0,[52 54],145.0,215.0,206.0,369.0,174.0,284.0,116.0,145.0,144.0,257.0
53,58,5.0,0.0,2.0,[52 54],144.0,257.0,174.0,284.0,145.0,215.0,118.0,139.0,116.0,145.0
53,59,5.0,0.0,2.0,[52 54],116.0,145.0,145.0,215.0,144.0,257.0,93.0,163.0,118.0,139.0
53,60,5.0,0.0,2.0,[52 54],118.0,139.0,144.0,257.0,116.0,145.0,115.0,101.0,93.0,163.0
53,61,5.0,0.0,2.0,[52 54],93.0,163.0,116.0,145.0,118.0,139.0,94.0,101.0,115.0,101.0
53,62,5.0,0.0,2.0,[52 54],115.0,101.0,118.0,139.0,93.0,163.0,115.0,127.0,94.0,101.0
53,63,5.0,0.0,2.0,[52 54],94.0,101.0,93.0,163.0,115.0,101.0,127.0,121.0,115.0,127.0
53,64,5.0,0.0,2.0,[52 54],115.0,127.0,115.0,101.0,94.0,101.0,93.0,103.0,127.0,121.0
53,65,5.0,0.0,2.0,[52 54],127.0,121.0,94.0,101.0,115.0,127.0,120.0,83.0,93.0,103.0
53,66,5.0,0.0,2.0,[52 54],93.0,103.0,115.0,127.0,127.0,121.0,86.0,103.0,120.0,83.0
53,67,5.0,0.0,2.0,[52 54],120.0,83.0,127.0,121.0,93.0,103.0,149.0,98.0,86.0,103.0
53,68,5.0,0.0,2.0,[52 54],86.0,103.0,93.0,103.0,120.0,83.0,166.0,118.0,149.0,98.0
53,69,5.0,0.0,2.0,[52 54],149.0,98.0,120.0,83.0,86.0,103.0,163.0,86.0,166.0,118.0
53,70,5.0,0.0,2.0,[52 54],166.0,118.0,86.0,103.0,149.0,98.0,124.0,86.0,163.0,86.0
53,71,5.0,0.0,2.0,[52 54],163.0,86.0,149.0,98.0,166.0,118.0,165.0,101.0,124.0,86.0
53,72,5.0,0.0,2.0,[52 54],124.0,86.0,166.0,118.0,163.0,86.0,147.0,127.0,165.0,101.0
53,73,5.0,0.0,2.0,[52 54],165.0,101.0,163.0,86.0,124.0,86.0,129.0,116.0,147.0,127.0
53,74,5.0,0.0,2.0,[52 54],147.0,127.0,124.0,86.0,165.0,101.0,133.0,115.0,129.0,116.0
53,75,5.0,0.0,2.0,[52 54],129.0,116.0,165.0,101.0,147.0,127.0,124.0,106.0,133.0,115.0
53,76,5.0,0.0,2.0,[52 54],133.0,115.0,147.0,127.0,129.0,116.0,124.0,111.0,124.0,106.0
53,77,5.0,0.0,2.0,[52 54],124.0,106.0,129.0,116.0,133.0,115.0,121.0,146.0,124.0,111.0
53,78,5.0,0.0,2.0,[52 54],124.0,111.0,133.0,115.0,124.0,106.0,107.0,112.0,121.0,146.0
53,79,5.0,0.0,2.0,[52 54],121.0,146.0,124.0,106.0,124.0,111.0,109.0,127.0,107.0,112.0
53,80,5.0,0.0,2.0,[52 54],107.0,112.0,124.0,111.0,121.0,146.0,138.0,114.0,109.0,127.0
53,81,5.0,0.0,2.0,[52 54],109.0,127.0,121.0,146.0,107.0,112.0,109.0,119.0,138.0,114.0
53,82,5.0,0.0,2.0,[52 54],138.0,114.0,107.0,112.0,109.0,127.0,125.0,120.0,109.0,119.0
53,83,5.0,0.0,2.0,[52 54],109.0,119.0,109.0,127.0,138.0,114.0,128.0,113.0,125.0,120.0
53,84,5.0,0.0,2.0,[52 54],125.0,120.0,138.0,114.0,109.0,119.0,153.0,127.0,128.0,113.0
53,85,5.0,0.0,2.0,[52 54],128.0,113.0,109.0,119.0,125.0,120.0,148.0,110.0,153.0,127.0
53,86,5.0,0.0,2.0,[52 54],153.0,127.0,125.0,120.0,128.0,113.0,129.0,115.0,148.0,110.0
53,87,5.0,0.0,2.0,[52 54],148.0,110.0,128.0,113.0,153.0,127.0,110.0,113.0,129.0,115.0
53,88,5.0,0.0,2.0,[52 54],129.0,115.0,153.0,127.0,148.0,110.0,167.0,118.0,110.0,113.0
53,89,5.0,0.0,2.0,[52 54],110.0,113.0,148.0,110.0,129.0,115.0,231.0,94.0,167.0,118.0
53,90,5.0,0.0,2.0,[52 54],167.0,118.0,129.0,115.0,110.0,113.0,207.0,103.0,231.0,94.0
53,91,5.0,0.0,2.0,[52 54],231.0,94.0,110.0,113.0,167.0,118.0,179.0,162.0,207.0,103.0
53,92,5.0,0.0,2.0,[52 54],207.0,103.0,167.0,118.0,231.0,94.0,158.0,180.0,179.0,162.0
53,93,5.0,0.0,2.0,[52 54],179.0,162.0,231.0,94.0,207.0,103.0,185.0,154.0,158.0,180.0
53,94,5.0,0.0,2.0,[52 54],158.0,180.0,207.0,103.0,179.0,162.0,189.0,150.0,185.0,154.0
53,95,5.0,0.0,2.0,[52 54],185.0,154.0,179.0,162.0,158.0,180.0,208.0,140.0,189.0,150.0
53,96,5.0,0.0,2.0,[52 54],189.0,150.0,158.0,180.0,185.0,154.0,205.0,158.0,208.0,140.0
53,97,5.0,0.0,2.0,[52 54],208.0,140.0,185.0,154.0,189.0,150.0,196.0,147.0,205.0,158.0
53,98,5.0,0.0,2.0,[52 54],205.0,158.0,189.0,150.0,208.0,140.0,239.0,147.0,196.0,147.0
53,99,5.0,0.0,2.0,[52 54],196.0,147.0,208.0,140.0,205.0,158.0,230.0,185.0,239.0,147.0
53,100,5.0,0.0,2.0,[52 54],239.0,147.0,205.0,158.0,196.0,147.0,324.0,175.0,230.0,185.0
53,101,5.0,0.0,2.0,[52 54],230.0,185.0,196.0,147.0,239.0,147.0,581.0,196.0,324.0,175.0
53,102,5.0,0.0,2.0,[52 54],324.0,175.0,239.0,147.0,230.0,185.0,407.0,294.0,581.0,196.0
53,103,5.0,0.0,2.0,[52 54],581.0,196.0,230.0,185.0,324.0,175.0,504.0,256.0,407.0,294.0
53,104,5.0,0.0,2.0,[52 54],407.0,294.0,324.0,175.0,581.0,196.0,619.0,335.0,504.0,256.0
53,105,5.0,0.0,2.0,[52 54],504.0,256.0,581.0,196.0,407.0,294.0,539.0,415.0,619.0,335.0
53,106,5.0,0.0,2.0,[52 54],619.0,335.0,407.0,294.0,504.0,256.0,485.0,408.0,539.0,415.0
53,107,5.0,0.0,2.0,[52 54],539.0,415.0,504.0,256.0,619.0,335.0,474.0,399.0,485.0,408.0
53,108,5.0,0.0,2.0,[52 54],485.0,408.0,619.0,335.0,539.0,415.0,400.0,358.0,474.0,399.0
53,109,5.0,0.0,2.0,[52 54],474.0,399.0,539.0,415.0,485.0,408.0,332.0,276.0,400.0,358.0
53,110,5.0,0.0,2.0,[52 54],400.0,358.0,485.0,408.0,474.0,399.0,299.0,361.0,332.0,276.0
53,111,5.0,0.0,2.0,[52 54],332.0,276.0,474.0,399.0,400.0,358.0,246.0,292.0,299.0,361.0
53,112,5.0,0.0,2.0,[52 54],299.0,361.0,400.0,358.0,332.0,276.0,196.0,264.0,246.0,292.0
53,113,5.0,0.0,2.0,[52 54],246.0,292.0,332.0,276.0,299.0,361.0,184.0,216.0,196.0,264.0
53,114,5.0,0.0,2.0,[52 54],196.0,264.0,299.0,361.0,246.0,292.0,169.0,214.0,184.0,216.0
53,115,5.0,0.0,2.0,[52 54],184.0,216.0,246.0,292.0,196.0,264.0,133.0,183.0,169.0,214.0
53,116,5.0,0.0,2.0,[52 54],169.0,214.0,196.0,264.0,184.0,216.0,134.0,135.0,133.0,183.0
53,117,5.0,0.0,2.0,[52 54],133.0,183.0,184.0,216.0,169.0,214.0,137.0,112.0,134.0,135.0
53,118,5.0,0.0,2.0,[52 54],134.0,135.0,169.0,214.0,133.0,183.0,166.0,151.0,137.0,112.0
53,119,5.0,0.0,2.0,[52 54],137.0,112.0,133.0,183.0,134.0,135.0,138.0,151.0,166.0,151.0
53,120,5.0,0.0,2.0,[52 54],166.0,151.0,134.0,135.0,137.0,112.0,144.0,120.0,138.0,151.0
53,121,5.0,0.0,2.0,[52 54],138.0,151.0,137.0,112.0,166.0,151.0,142.0,127.0,144.0,120.0
53,122,5.0,0.0,2.0,[52 54],144.0,120.0,166.0,151.0,138.0,151.0,183.0,123.0,142.0,127.0
53,123,5.0,0.0,2.0,[52 54],142.0,127.0,138.0,151.0,144.0,120.0,138.0,177.0,183.0,123.0
53,124,5.0,0.0,2.0,[52 54],183.0,123.0,144.0,120.0,142.0,127.0,143.0,190.0,138.0,177.0
53,125,5.0,0.0,2.0,[52 54],138.0,177.0,142.0,127.0,183.0,123.0,133.0,119.0,143.0,190.0
53,126,5.0,0.0,2.0,[52 54],143.0,190.0,183.0,123.0,138.0,177.0,141.0,141.0,133.0,119.0
53,127,5.0,0.0,2.0,[52 54],133.0,119.0,138.0,177.0,143.0,190.0,152.0,145.0,141.0,141.0
53,128,5.0,0.0,2.0,[52 54],141.0,141.0,143.0,190.0,133.0,119.0,130.0,159.0,152.0,145.0
53,129,5.0,0.0,2.0,[52 54],152.0,145.0,133.0,119.0,141.0,141.0,84.0,117.0,130.0,159.0
53,130,5.0,0.0,2.0,[52 54],130.0,159.0,141.0,141.0,152.0,145.0,95.0,64.0,84.0,117.0
53,131,5.0,0.0,2.0,[52 54],84.0,117.0,152.0,145.0,130.0,159.0,72.0,114.0,95.0,64.0
53,132,5.0,0.0,2.0,[52 54],95.0,64.0,130.0,159.0,84.0,117.0,51.0,107.0,72.0,114.0
53,133,5.0,0.0,2.0,[52 54],72.0,114.0,84.0,117.0,95.0,64.0,49.0,68.0,51.0,107.0
53,134,5.0,0.0,2.0,[52 54],51.0,107.0,95.0,64.0,72.0,114.0,43.0,95.0,49.0,68.0
53,135,5.0,0.0,2.0,[52 54],49.0,68.0,72.0,114.0,51.0,107.0,30.0,37.0,43.0,95.0
53,136,5.0,0.0,2.0,[52 54],43.0,95.0,51.0,107.0,49.0,68.0,25.0,57.0,30.0,37.0
53,137,5.0,0.0,2.0,[52 54],30.0,37.0,49.0,68.0,43.0,95.0,13.0,43.0,25.0,57.0
53,138,5.0,0.0,2.0,[52 54],25.0,57.0,43.0,95.0,30.0,37.0,6.0,22.0,13.0,43.0
53,139,5.0,0.0,2.0,[52 54],13.0,43.0,30.0,37.0,25.0,57.0,0.0,8.0,6.0,22.0
53,140,5.0,0.0,2.0,[52 54],6.0,22.0,25.0,57.0,13.0,43.0,0.0,0.0,0.0,8.0
53,141,5.0,0.0,2.0,[52 54],0.0,8.0,13.0,43.0,6.0,22.0,0.0,0.0,0.0,0.0
53,142,5.0,0.0,2.0,[52 54],0.0,0.0,6.0,22.0,0.0,8.0,0.0,0.0,0.0,0.0
53,143,5.0,0.0,2.0,[52 54],0.0,0.0,0.0,8.0,0.0,0.0,0.0,0.0,0.0,0.0
54,0,,,,,0.0,0.0,0.0,0.0,0.0,0.0,0.0,0.0,0.0,0.0
54,1,,,,,0.0,0.0,0.0,0.0,0.0,0.0,0.0,0.0,0.0,0.0
54,2,,,,,0.0,0.0,0.0,0.0,0.0,0.0,0.0,0.0,0.0,0.0
54,3,,,,,0.0,0.0,0.0,0.0,0.0,0.0,0.0,0.0,0.0,0.0
54,4,,,,,0.0,0.0,0.0,0.0,0.0,0.0,0.0,0.0,0.0,0.0
54,5,,,,,0.0,0.0,0.0,0.0,0.0,0.0,0.0,0.0,0.0,0.0
54,6,,,,,0.0,0.0,0.0,0.0,0.0,0.0,0.0,0.0,0.0,0.0
54,7,,,,,0.0,0.0,0.0,0.0,0.0,0.0,0.0,0.0,0.0,0.0
54,8,,,,,0.0,0.0,0.0,0.0,0.0,0.0,0.0,0.0,0.0,0.0
54,9,,,,,0.0,0.0,0.0,0.0,0.0,0.0,0.0,0.0,0.0,0.0
54,10,,,,,0.0,0.0,0.0,0.0,0.0,0.0,0.0,0.0,0.0,0.0
54,11,,,,,0.0,0.0,0.0,0.0,0.0,0.0,0.0,0.0,0.0,0.0
54,12,,,,,0.0,0.0,0.0,0.0,0.0,0.0,0.0,0.0,0.0,0.0
54,13,,,,,0.0,0.0,0.0,0.0,0.0,0.0,0.0,0.0,0.0,0.0
54,14,,,,,0.0,0.0,0.0,0.0,0.0,0.0,0.0,0.0,0.0,0.0
54,15,,,,,0.0,0.0,0.0,0.0,0.0,0.0,0.0,0.0,0.0,0.0
54,16,,,,,0.0,0.0,0.0,0.0,0.0,0.0,0.0,0.0,0.0,0.0
54,17,,,,,0.0,0.0,0.0,0.0,0.0,0.0,0.0,0.0,0.0,0.0
54,18,,,,,0.0,0.0,0.0,0.0,0.0,0.0,0.0,0.0,0.0,0.0
54,19,,,,,0.0,0.0,0.0,0.0,0.0,0.0,0.0,0.0,0.0,0.0
54,20,,,,,0.0,0.0,0.0,0.0,0.0,0.0,0.0,0.0,0.0,0.0
54,21,,,,,0.0,0.0,0.0,0.0,0.0,0.0,0.0,0.0,0.0,0.0
54,22,,,,,0.0,0.0,0.0,0.0,0.0,0.0,0.0,0.0,0.0,0.0
54,23,,,,,0.0,0.0,0.0,0.0,0.0,0.0,0.0,0.0,0.0,0.0
54,24,,,,,0.0,0.0,0.0,0.0,0.0,0.0,0.0,0.0,0.0,0.0
54,25,,,,,0.0,0.0,0.0,0.0,0.0,0.0,0.0,0.0,0.0,0.0
54,26,,,,,0.0,0.0,0.0,0.0,0.0,0.0,0.0,0.0,0.0,0.0
54,27,,,,,0.0,0.0,0.0,0.0,0.0,0.0,0.0,0.0,0.0,0.0
54,28,,,,,0.0,0.0,0.0,0.0,0.0,0.0,0.0,0.0,0.0,0.0
54,29,,,,,0.0,0.0,0.0,0.0,0.0,0.0,0.0,0.0,0.0,0.0
54,30,,,,,0.0,0.0,0.0,0.0,0.0,0.0,0.0,0.0,0.0,0.0
54,31,,,,,0.0,0.0,0.0,0.0,0.0,0.0,0.0,0.0,0.0,0.0
54,32,,,,,0.0,0.0,0.0,0.0,0.0,0.0,0.0,0.0,0.0,0.0
54,33,,,,,0.0,0.0,0.0,0.0,0.0,0.0,0.0,0.0,0.0,0.0
54,34,,,,,0.0,0.0,0.0,0.0,0.0,0.0,0.0,0.0,0.0,0.0
54,35,,,,,0.0,0.0,0.0,0.0,0.0,0.0,0.0,0.0,0.0,0.0
54,36,,,,,0.0,0.0,0.0,0.0,0.0,0.0,0.0,0.0,0.0,0.0
54,37,,,,,0.0,0.0,0.0,0.0,0.0,0.0,0.0,0.0,0.0,0.0
54,38,,,,,0.0,0.0,0.0,0.0,0.0,0.0,0.0,0.0,0.0,0.0
54,39,,,,,0.0,0.0,0.0,0.0,0.0,0.0,0.0,0.0,0.0,0.0
54,40,,,,,0.0,0.0,0.0,0.0,0.0,0.0,0.0,0.0,0.0,0.0
54,41,,,,,0.0,0.0,0.0,0.0,0.0,0.0,0.0,0.0,0.0,0.0
54,42,,,,,0.0,0.0,0.0,0.0,0.0,0.0,0.0,0.0,0.0,0.0
54,43,,,,,0.0,0.0,0.0,0.0,0.0,0.0,0.0,0.0,0.0,0.0
54,44,,,,,0.0,0.0,0.0,0.0,0.0,0.0,0.0,0.0,0.0,0.0
54,45,,,,,0.0,0.0,0.0,0.0,0.0,0.0,0.0,0.0,0.0,0.0
54,46,,,,,0.0,0.0,0.0,0.0,0.0,0.0,0.0,0.0,0.0,0.0
54,47,,,,,0.0,0.0,0.0,0.0,0.0,0.0,0.0,0.0,0.0,0.0
54,48,,,,,0.0,0.0,0.0,0.0,0.0,0.0,0.0,0.0,0.0,0.0
54,49,,,,,0.0,0.0,0.0,0.0,0.0,0.0,0.0,0.0,0.0,0.0
54,50,,,,,0.0,0.0,0.0,0.0,0.0,0.0,0.0,0.0,0.0,0.0
54,51,,,,,0.0,0.0,0.0,0.0,0.0,0.0,0.0,0.0,0.0,0.0
54,52,,,,,0.0,0.0,0.0,0.0,0.0,0.0,0.0,0.0,0.0,0.0
54,53,,,,,0.0,0.0,0.0,0.0,0.0,0.0,0.0,0.0,0.0,0.0
54,54,,,,,0.0,0.0,0.0,0.0,0.0,0.0,0.0,0.0,0.0,0.0
54,55,,,,,0.0,0.0,0.0,0.0,0.0,0.0,0.0,0.0,0.0,0.0
54,56,,,,,0.0,0.0,0.0,0.0,0.0,0.0,0.0,0.0,0.0,0.0
54,57,,,,,0.0,0.0,0.0,0.0,0.0,0.0,0.0,0.0,0.0,0.0
54,58,,,,,0.0,0.0,0.0,0.0,0.0,0.0,0.0,0.0,0.0,0.0
54,59,,,,,0.0,0.0,0.0,0.0,0.0,0.0,0.0,0.0,0.0,0.0
54,60,,,,,0.0,0.0,0.0,0.0,0.0,0.0,0.0,0.0,0.0,0.0
54,61,,,,,0.0,0.0,0.0,0.0,0.0,0.0,0.0,0.0,0.0,0.0
54,62,,,,,0.0,0.0,0.0,0.0,0.0,0.0,0.0,0.0,0.0,0.0
54,63,,,,,0.0,0.0,0.0,0.0,0.0,0.0,0.0,0.0,0.0,0.0
54,64,,,,,0.0,0.0,0.0,0.0,0.0,0.0,0.0,0.0,0.0,0.0
54,65,,,,,0.0,0.0,0.0,0.0,0.0,0.0,0.0,0.0,0.0,0.0
54,66,,,,,0.0,0.0,0.0,0.0,0.0,0.0,0.0,0.0,0.0,0.0
54,67,,,,,0.0,0.0,0.0,0.0,0.0,0.0,0.0,0.0,0.0,0.0
54,68,,,,,0.0,0.0,0.0,0.0,0.0,0.0,0.0,0.0,0.0,0.0
54,69,,,,,0.0,0.0,0.0,0.0,0.0,0.0,0.0,0.0,0.0,0.0
54,70,,,,,0.0,0.0,0.0,0.0,0.0,0.0,0.0,0.0,0.0,0.0
54,71,,,,,0.0,0.0,0.0,0.0,0.0,0.0,0.0,0.0,0.0,0.0
54,72,,,,,0.0,0.0,0.0,0.0,0.0,0.0,0.0,0.0,0.0,0.0
54,73,,,,,0.0,0.0,0.0,0.0,0.0,0.0,0.0,0.0,0.0,0.0
54,74,,,,,0.0,0.0,0.0,0.0,0.0,0.0,0.0,0.0,0.0,0.0
54,75,,,,,0.0,0.0,0.0,0.0,0.0,0.0,0.0,0.0,0.0,0.0
54,76,,,,,0.0,0.0,0.0,0.0,0.0,0.0,0.0,0.0,0.0,0.0
54,77,,,,,0.0,0.0,0.0,0.0,0.0,0.0,0.0,0.0,0.0,0.0
54,78,,,,,0.0,0.0,0.0,0.0,0.0,0.0,0.0,0.0,0.0,0.0
54,79,,,,,0.0,0.0,0.0,0.0,0.0,0.0,0.0,0.0,0.0,0.0
54,80,,,,,0.0,0.0,0.0,0.0,0.0,0.0,0.0,0.0,0.0,0.0
54,81,,,,,0.0,0.0,0.0,0.0,0.0,0.0,0.0,0.0,0.0,0.0
54,82,,,,,0.0,0.0,0.0,0.0,0.0,0.0,0.0,0.0,0.0,0.0
54,83,,,,,0.0,0.0,0.0,0.0,0.0,0.0,0.0,0.0,0.0,0.0
54,84,,,,,0.0,0.0,0.0,0.0,0.0,0.0,0.0,0.0,0.0,0.0
54,85,,,,,0.0,0.0,0.0,0.0,0.0,0.0,0.0,0.0,0.0,0.0
54,86,,,,,0.0,0.0,0.0,0.0,0.0,0.0,0.0,0.0,0.0,0.0
54,87,,,,,0.0,0.0,0.0,0.0,0.0,0.0,0.0,0.0,0.0,0.0
54,88,,,,,0.0,0.0,0.0,0.0,0.0,0.0,0.0,0.0,0.0,0.0
54,89,,,,,0.0,0.0,0.0,0.0,0.0,0.0,0.0,0.0,0.0,0.0
54,90,,,,,0.0,0.0,0.0,0.0,0.0,0.0,0.0,0.0,0.0,0.0
54,91,,,,,0.0,0.0,0.0,0.0,0.0,0.0,0.0,0.0,0.0,0.0
54,92,,,,,0.0,0.0,0.0,0.0,0.0,0.0,0.0,0.0,0.0,0.0
54,93,,,,,0.0,0.0,0.0,0.0,0.0,0.0,0.0,0.0,0.0,0.0
54,94,,,,,0.0,0.0,0.0,0.0,0.0,0.0,0.0,0.0,0.0,0.0
54,95,,,,,0.0,0.0,0.0,0.0,0.0,0.0,0.0,0.0,0.0,0.0
54,96,,,,,0.0,0.0,0.0,0.0,0.0,0.0,0.0,0.0,0.0,0.0
54,97,,,,,0.0,0.0,0.0,0.0,0.0,0.0,0.0,0.0,0.0,0.0
54,98,,,,,0.0,0.0,0.0,0.0,0.0,0.0,0.0,0.0,0.0,0.0
54,99,,,,,0.0,0.0,0.0,0.0,0.0,0.0,0.0,0.0,0.0,0.0
54,100,,,,,0.0,0.0,0.0,0.0,0.0,0.0,0.0,0.0,0.0,0.0
54,101,,,,,0.0,0.0,0.0,0.0,0.0,0.0,0.0,0.0,0.0,0.0
54,102,,,,,0.0,0.0,0.0,0.0,0.0,0.0,0.0,0.0,0.0,0.0
54,103,,,,,0.0,0.0,0.0,0.0,0.0,0.0,0.0,0.0,0.0,0.0
54,104,,,,,0.0,0.0,0.0,0.0,0.0,0.0,0.0,0.0,0.0,0.0
54,105,,,,,0.0,0.0,0.0,0.0,0.0,0.0,0.0,0.0,0.0,0.0
54,106,,,,,0.0,0.0,0.0,0.0,0.0,0.0,0.0,0.0,0.0,0.0
54,107,,,,,0.0,0.0,0.0,0.0,0.0,0.0,0.0,0.0,0.0,0.0
54,108,,,,,0.0,0.0,0.0,0.0,0.0,0.0,0.0,0.0,0.0,0.0
54,109,,,,,0.0,0.0,0.0,0.0,0.0,0.0,0.0,0.0,0.0,0.0
54,110,,,,,0.0,0.0,0.0,0.0,0.0,0.0,0.0,0.0,0.0,0.0
54,111,,,,,0.0,0.0,0.0,0.0,0.0,0.0,0.0,0.0,0.0,0.0
54,112,,,,,0.0,0.0,0.0,0.0,0.0,0.0,0.0,0.0,0.0,0.0
54,113,,,,,0.0,0.0,0.0,0.0,0.0,0.0,0.0,0.0,0.0,0.0
54,114,,,,,0.0,0.0,0.0,0.0,0.0,0.0,0.0,0.0,0.0,0.0
54,115,,,,,0.0,0.0,0.0,0.0,0.0,0.0,0.0,0.0,0.0,0.0
54,116,,,,,0.0,0.0,0.0,0.0,0.0,0.0,0.0,0.0,0.0,0.0
54,117,,,,,0.0,0.0,0.0,0.0,0.0,0.0,0.0,0.0,0.0,0.0
54,118,,,,,0.0,0.0,0.0,0.0,0.0,0.0,0.0,0.0,0.0,0.0
54,119,,,,,0.0,0.0,0.0,0.0,0.0,0.0,0.0,0.0,0.0,0.0
54,120,,,,,0.0,0.0,0.0,0.0,0.0,0.0,0.0,0.0,0.0,0.0
54,121,,,,,0.0,0.0,0.0,0.0,0.0,0.0,0.0,0.0,0.0,0.0
54,122,,,,,0.0,0.0,0.0,0.0,0.0,0.0,0.0,0.0,0.0,0.0
54,123,,,,,0.0,0.0,0.0,0.0,0.0,0.0,0.0,0.0,0.0,0.0
54,124,,,,,0.0,0.0,0.0,0.0,0.0,0.0,0.0,0.0,0.0,0.0
54,125,,,,,0.0,0.0,0.0,0.0,0.0,0.0,0.0,0.0,0.0,0.0
54,126,,,,,0.0,0.0,0.0,0.0,0.0,0.0,0.0,0.0,0.0,0.0
54,127,,,,,0.0,0.0,0.0,0.0,0.0,0.0,0.0,0.0,0.0,0.0
54,128,,,,,0.0,0.0,0.0,0.0,0.0,0.0,0.0,0.0,0.0,0.0
54,129,,,,,0.0,0.0,0.0,0.0,0.0,0.0,0.0,0.0,0.0,0.0
54,130,,,,,0.0,0.0,0.0,0.0,0.0,0.0,0.0,0.0,0.0,0.0
54,131,,,,,0.0,0.0,0.0,0.0,0.0,0.0,0.0,0.0,0.0,0.0
54,132,,,,,0.0,0.0,0.0,0.0,0.0,0.0,0.0,0.0,0.0,0.0
54,133,,,,,0.0,0.0,0.0,0.0,0.0,0.0,0.0,0.0,0.0,0.0
54,134,,,,,0.0,0.0,0.0,0.0,0.0,0.0,0.0,0.0,0.0,0.0
54,135,,,,,0.0,0.0,0.0,0.0,0.0,0.0,0.0,0.0,0.0,0.0
54,136,,,,,0.0,0.0,0.0,0.0,0.0,0.0,0.0,0.0,0.0,0.0
54,137,,,,,0.0,0.0,0.0,0.0,0.0,0.0,0.0,0.0,0.0,0.0
54,138,,,,,0.0,0.0,0.0,0.0,0.0,0.0,0.0,0.0,0.0,0.0
54,139,,,,,0.0,0.0,0.0,0.0,0.0,0.0,0.0,0.0,0.0,0.0
54,140,,,,,0.0,0.0,0.0,0.0,0.0,0.0,0.0,0.0,0.0,0.0
54,141,,,,,0.0,0.0,0.0,0.0,0.0,0.0,0.0,0.0,0.0,0.0
54,142,,,,,0.0,0.0,0.0,0.0,0.0,0.0,0.0,0.0,0.0,0.0
54,143,,,,,0.0,0.0,0.0,0.0,0.0,0.0,0.0,0.0,0.0,0.0
55,0,5.0,0.0,2.0,[54 56],0.0,0.0,0.0,0.0,0.0,0.0,0.0,0.0,1.0,1.0
55,1,5.0,0.0,2.0,[54 56],1.0,1.0,0.0,0.0,0.0,0.0,0.0,0.0,0.0,0.0
55,2,5.0,0.0,2.0,[54 56],0.0,0.0,0.0,0.0,1.0,1.0,0.0,0.0,0.0,0.0
55,3,5.0,0.0,2.0,[54 56],0.0,0.0,1.0,1.0,0.0,0.0,0.0,0.0,0.0,0.0
55,4,5.0,0.0,2.0,[54 56],0.0,0.0,0.0,0.0,0.0,0.0,0.0,0.0,0.0,0.0
55,5,5.0,0.0,2.0,[54 56],0.0,0.0,0.0,0.0,0.0,0.0,0.0,0.0,0.0,0.0
55,6,5.0,0.0,2.0,[54 56],0.0,0.0,0.0,0.0,0.0,0.0,0.0,0.0,0.0,0.0
55,7,5.0,0.0,2.0,[54 56],0.0,0.0,0.0,0.0,0.0,0.0,0.0,0.0,0.0,0.0
55,8,5.0,0.0,2.0,[54 56],0.0,0.0,0.0,0.0,0.0,0.0,0.0,0.0,0.0,0.0
55,9,5.0,0.0,2.0,[54 56],0.0,0.0,0.0,0.0,0.0,0.0,0.0,0.0,0.0,0.0
55,10,5.0,0.0,2.0,[54 56],0.0,0.0,0.0,0.0,0.0,0.0,1.0,0.0,0.0,0.0
55,11,5.0,0.0,2.0,[54 56],0.0,0.0,0.0,0.0,0.0,0.0,0.0,1.0,1.0,0.0
55,12,5.0,0.0,2.0,[54 56],1.0,0.0,0.0,0.0,0.0,0.0,0.0,0.0,0.0,1.0
55,13,5.0,0.0,2.0,[54 56],0.0,1.0,0.0,0.0,1.0,0.0,0.0,0.0,0.0,0.0
55,14,5.0,0.0,2.0,[54 56],0.0,0.0,1.0,0.0,0.0,1.0,0.0,0.0,0.0,0.0
55,15,5.0,0.0,2.0,[54 56],0.0,0.0,0.0,1.0,0.0,0.0,0.0,0.0,0.0,0.0
55,16,5.0,0.0,2.0,[54 56],0.0,0.0,0.0,0.0,0.0,0.0,0.0,0.0,0.0,0.0
55,17,5.0,0.0,2.0,[54 56],0.0,0.0,0.0,0.0,0.0,0.0,0.0,0.0,0.0,0.0
55,18,5.0,0.0,2.0,[54 56],0.0,0.0,0.0,0.0,0.0,0.0,0.0,0.0,0.0,0.0
55,19,5.0,0.0,2.0,[54 56],0.0,0.0,0.0,0.0,0.0,0.0,0.0,0.0,0.0,0.0
55,20,5.0,0.0,2.0,[54 56],0.0,0.0,0.0,0.0,0.0,0.0,0.0,0.0,0.0,0.0
55,21,5.0,0.0,2.0,[54 56],0.0,0.0,0.0,0.0,0.0,0.0,0.0,0.0,0.0,0.0
55,22,5.0,0.0,2.0,[54 56],0.0,0.0,0.0,0.0,0.0,0.0,0.0,0.0,0.0,0.0
55,23,5.0,0.0,2.0,[54 56],0.0,0.0,0.0,0.0,0.0,0.0,0.0,0.0,0.0,0.0
55,24,5.0,0.0,2.0,[54 56],0.0,0.0,0.0,0.0,0.0,0.0,0.0,0.0,0.0,0.0
55,25,5.0,0.0,2.0,[54 56],0.0,0.0,0.0,0.0,0.0,0.0,1.0,0.0,0.0,0.0
55,26,5.0,0.0,2.0,[54 56],0.0,0.0,0.0,0.0,0.0,0.0,0.0,1.0,1.0,0.0
55,27,5.0,0.0,2.0,[54 56],1.0,0.0,0.0,0.0,0.0,0.0,0.0,0.0,0.0,1.0
55,28,5.0,0.0,2.0,[54 56],0.0,1.0,0.0,0.0,1.0,0.0,0.0,0.0,0.0,0.0
55,29,5.0,0.0,2.0,[54 56],0.0,0.0,1.0,0.0,0.0,1.0,0.0,0.0,0.0,0.0
55,30,5.0,0.0,2.0,[54 56],0.0,0.0,0.0,1.0,0.0,0.0,0.0,0.0,0.0,0.0
55,31,5.0,0.0,2.0,[54 56],0.0,0.0,0.0,0.0,0.0,0.0,0.0,0.0,0.0,0.0
55,32,5.0,0.0,2.0,[54 56],0.0,0.0,0.0,0.0,0.0,0.0,1.0,0.0,0.0,0.0
55,33,5.0,0.0,2.0,[54 56],0.0,0.0,0.0,0.0,0.0,0.0,9.0,0.0,1.0,0.0
55,34,5.0,0.0,2.0,[54 56],1.0,0.0,0.0,0.0,0.0,0.0,15.0,2.0,9.0,0.0
55,35,5.0,0.0,2.0,[54 56],9.0,0.0,0.0,0.0,1.0,0.0,15.0,2.0,15.0,2.0
55,36,5.0,0.0,2.0,[54 56],15.0,2.0,1.0,0.0,9.0,0.0,25.0,6.0,15.0,2.0
55,37,5.0,0.0,2.0,[54 56],15.0,2.0,9.0,0.0,15.0,2.0,44.0,19.0,25.0,6.0
55,38,5.0,0.0,2.0,[54 56],25.0,6.0,15.0,2.0,15.0,2.0,51.0,18.0,44.0,19.0
55,39,5.0,0.0,2.0,[54 56],44.0,19.0,15.0,2.0,25.0,6.0,88.0,31.0,51.0,18.0
55,40,5.0,0.0,2.0,[54 56],51.0,18.0,25.0,6.0,44.0,19.0,108.0,69.0,88.0,31.0
55,41,5.0,0.0,2.0,[54 56],88.0,31.0,44.0,19.0,51.0,18.0,150.0,90.0,108.0,69.0
55,42,5.0,0.0,2.0,[54 56],108.0,69.0,51.0,18.0,88.0,31.0,215.0,127.0,150.0,90.0
55,43,5.0,0.0,2.0,[54 56],150.0,90.0,88.0,31.0,108.0,69.0,262.0,160.0,215.0,127.0
55,44,5.0,0.0,2.0,[54 56],215.0,127.0,108.0,69.0,150.0,90.0,419.0,205.0,262.0,160.0
55,45,5.0,0.0,2.0,[54 56],262.0,160.0,150.0,90.0,215.0,127.0,523.0,307.0,419.0,205.0
55,46,5.0,0.0,2.0,[54 56],419.0,205.0,215.0,127.0,262.0,160.0,449.0,478.0,523.0,307.0
55,47,5.0,0.0,2.0,[54 56],523.0,307.0,262.0,160.0,419.0,205.0,501.0,588.0,449.0,478.0
55,48,5.0,0.0,2.0,[54 56],449.0,478.0,419.0,205.0,523.0,307.0,446.0,551.0,501.0,588.0
55,49,5.0,0.0,2.0,[54 56],501.0,588.0,523.0,307.0,449.0,478.0,407.0,566.0,446.0,551.0
55,50,5.0,0.0,2.0,[54 56],446.0,551.0,449.0,478.0,501.0,588.0,288.0,545.0,407.0,566.0
55,51,5.0,0.0,2.0,[54 56],407.0,566.0,501.0,588.0,446.0,551.0,226.0,624.0,288.0,545.0
55,52,5.0,0.0,2.0,[54 56],288.0,545.0,446.0,551.0,407.0,566.0,174.0,519.0,226.0,624.0
55,53,5.0,0.0,2.0,[54 56],226.0,624.0,407.0,566.0,288.0,545.0,133.0,410.0,174.0,519.0
55,54,5.0,0.0,2.0,[54 56],174.0,519.0,288.0,545.0,226.0,624.0,137.0,312.0,133.0,410.0
55,55,5.0,0.0,2.0,[54 56],133.0,410.0,226.0,624.0,174.0,519.0,99.0,275.0,137.0,312.0
55,56,5.0,0.0,2.0,[54 56],137.0,312.0,174.0,519.0,133.0,410.0,96.0,221.0,99.0,275.0
55,57,5.0,0.0,2.0,[54 56],99.0,275.0,133.0,410.0,137.0,312.0,76.0,177.0,96.0,221.0
55,58,5.0,0.0,2.0,[54 56],96.0,221.0,137.0,312.0,99.0,275.0,87.0,168.0,76.0,177.0
55,59,5.0,0.0,2.0,[54 56],76.0,177.0,99.0,275.0,96.0,221.0,94.0,105.0,87.0,168.0
55,60,5.0,0.0,2.0,[54 56],87.0,168.0,96.0,221.0,76.0,177.0,81.0,132.0,94.0,105.0
55,61,5.0,0.0,2.0,[54 56],94.0,105.0,76.0,177.0,87.0,168.0,93.0,94.0,81.0,132.0
55,62,5.0,0.0,2.0,[54 56],81.0,132.0,87.0,168.0,94.0,105.0,68.0,91.0,93.0,94.0
55,63,5.0,0.0,2.0,[54 56],93.0,94.0,94.0,105.0,81.0,132.0,74.0,104.0,68.0,91.0
55,64,5.0,0.0,2.0,[54 56],68.0,91.0,81.0,132.0,93.0,94.0,67.0,51.0,74.0,104.0
55,65,5.0,0.0,2.0,[54 56],74.0,104.0,93.0,94.0,68.0,91.0,55.0,95.0,67.0,51.0
55,66,5.0,0.0,2.0,[54 56],67.0,51.0,68.0,91.0,74.0,104.0,69.0,74.0,55.0,95.0
55,67,5.0,0.0,2.0,[54 56],55.0,95.0,74.0,104.0,67.0,51.0,70.0,77.0,69.0,74.0
55,68,5.0,0.0,2.0,[54 56],69.0,74.0,67.0,51.0,55.0,95.0,96.0,70.0,70.0,77.0
55,69,5.0,0.0,2.0,[54 56],70.0,77.0,55.0,95.0,69.0,74.0,79.0,82.0,96.0,70.0
55,70,5.0,0.0,2.0,[54 56],96.0,70.0,69.0,74.0,70.0,77.0,98.0,79.0,79.0,82.0
55,71,5.0,0.0,2.0,[54 56],79.0,82.0,70.0,77.0,96.0,70.0,85.0,67.0,98.0,79.0
55,72,5.0,0.0,2.0,[54 56],98.0,79.0,96.0,70.0,79.0,82.0,95.0,113.0,85.0,67.0
55,73,5.0,0.0,2.0,[54 56],85.0,67.0,79.0,82.0,98.0,79.0,92.0,81.0,95.0,113.0
55,74,5.0,0.0,2.0,[54 56],95.0,113.0,98.0,79.0,85.0,67.0,90.0,122.0,92.0,81.0
55,75,5.0,0.0,2.0,[54 56],92.0,81.0,85.0,67.0,95.0,113.0,102.0,105.0,90.0,122.0
55,76,5.0,0.0,2.0,[54 56],90.0,122.0,95.0,113.0,92.0,81.0,85.0,104.0,102.0,105.0
55,77,5.0,0.0,2.0,[54 56],102.0,105.0,92.0,81.0,90.0,122.0,92.0,88.0,85.0,104.0
55,78,5.0,0.0,2.0,[54 56],85.0,104.0,90.0,122.0,102.0,105.0,105.0,113.0,92.0,88.0
55,79,5.0,0.0,2.0,[54 56],92.0,88.0,102.0,105.0,85.0,104.0,92.0,74.0,105.0,113.0
55,80,5.0,0.0,2.0,[54 56],105.0,113.0,85.0,104.0,92.0,88.0,97.0,89.0,92.0,74.0
55,81,5.0,0.0,2.0,[54 56],92.0,74.0,92.0,88.0,105.0,113.0,86.0,92.0,97.0,89.0
55,82,5.0,0.0,2.0,[54 56],97.0,89.0,105.0,113.0,92.0,74.0,98.0,84.0,86.0,92.0
55,83,5.0,0.0,2.0,[54 56],86.0,92.0,92.0,74.0,97.0,89.0,85.0,73.0,98.0,84.0
55,84,5.0,0.0,2.0,[54 56],98.0,84.0,97.0,89.0,86.0,92.0,97.0,93.0,85.0,73.0
55,85,5.0,0.0,2.0,[54 56],85.0,73.0,86.0,92.0,98.0,84.0,71.0,69.0,97.0,93.0
55,86,5.0,0.0,2.0,[54 56],97.0,93.0,98.0,84.0,85.0,73.0,113.0,97.0,71.0,69.0
55,87,5.0,0.0,2.0,[54 56],71.0,69.0,85.0,73.0,97.0,93.0,148.0,90.0,113.0,97.0
55,88,5.0,0.0,2.0,[54 56],113.0,97.0,97.0,93.0,71.0,69.0,135.0,115.0,148.0,90.0
55,89,5.0,0.0,2.0,[54 56],148.0,90.0,71.0,69.0,113.0,97.0,165.0,111.0,135.0,115.0
55,90,5.0,0.0,2.0,[54 56],135.0,115.0,113.0,97.0,148.0,90.0,172.0,105.0,165.0,111.0
55,91,5.0,0.0,2.0,[54 56],165.0,111.0,148.0,90.0,135.0,115.0,168.0,114.0,172.0,105.0
55,92,5.0,0.0,2.0,[54 56],172.0,105.0,135.0,115.0,165.0,111.0,158.0,127.0,168.0,114.0
55,93,5.0,0.0,2.0,[54 56],168.0,114.0,165.0,111.0,172.0,105.0,148.0,133.0,158.0,127.0
55,94,5.0,0.0,2.0,[54 56],158.0,127.0,172.0,105.0,168.0,114.0,123.0,128.0,148.0,133.0
55,95,5.0,0.0,2.0,[54 56],148.0,133.0,168.0,114.0,158.0,127.0,156.0,114.0,123.0,128.0
55,96,5.0,0.0,2.0,[54 56],123.0,128.0,158.0,127.0,148.0,133.0,153.0,136.0,156.0,114.0
55,97,5.0,0.0,2.0,[54 56],156.0,114.0,148.0,133.0,123.0,128.0,146.0,130.0,153.0,136.0
55,98,5.0,0.0,2.0,[54 56],153.0,136.0,123.0,128.0,156.0,114.0,142.0,127.0,146.0,130.0
55,99,5.0,0.0,2.0,[54 56],146.0,130.0,156.0,114.0,153.0,136.0,177.0,142.0,142.0,127.0
55,100,5.0,0.0,2.0,[54 56],142.0,127.0,153.0,136.0,146.0,130.0,192.0,163.0,177.0,142.0
55,101,5.0,0.0,2.0,[54 56],177.0,142.0,146.0,130.0,142.0,127.0,267.0,187.0,192.0,163.0
55,102,5.0,0.0,2.0,[54 56],192.0,163.0,142.0,127.0,177.0,142.0,324.0,310.0,267.0,187.0
55,103,5.0,0.0,2.0,[54 56],267.0,187.0,177.0,142.0,192.0,163.0,311.0,234.0,324.0,310.0
55,104,5.0,0.0,2.0,[54 56],324.0,310.0,192.0,163.0,267.0,187.0,418.0,314.0,311.0,234.0
55,105,5.0,0.0,2.0,[54 56],311.0,234.0,267.0,187.0,324.0,310.0,490.0,399.0,418.0,314.0
55,106,5.0,0.0,2.0,[54 56],418.0,314.0,324.0,310.0,311.0,234.0,393.0,361.0,490.0,399.0
55,107,5.0,0.0,2.0,[54 56],490.0,399.0,311.0,234.0,418.0,314.0,428.0,403.0,393.0,361.0
55,108,5.0,0.0,2.0,[54 56],393.0,361.0,418.0,314.0,490.0,399.0,473.0,345.0,428.0,403.0
55,109,5.0,0.0,2.0,[54 56],428.0,403.0,490.0,399.0,393.0,361.0,460.0,325.0,473.0,345.0
55,110,5.0,0.0,2.0,[54 56],473.0,345.0,393.0,361.0,428.0,403.0,338.0,270.0,460.0,325.0
55,111,5.0,0.0,2.0,[54 56],460.0,325.0,428.0,403.0,473.0,345.0,299.0,257.0,338.0,270.0
55,112,5.0,0.0,2.0,[54 56],338.0,270.0,473.0,345.0,460.0,325.0,298.0,213.0,299.0,257.0
55,113,5.0,0.0,2.0,[54 56],299.0,257.0,460.0,325.0,338.0,270.0,276.0,233.0,298.0,213.0
55,114,5.0,0.0,2.0,[54 56],298.0,213.0,338.0,270.0,299.0,257.0,252.0,247.0,276.0,233.0
55,115,5.0,0.0,2.0,[54 56],276.0,233.0,299.0,257.0,298.0,213.0,170.0,143.0,252.0,247.0
55,116,5.0,0.0,2.0,[54 56],252.0,247.0,298.0,213.0,276.0,233.0,189.0,148.0,170.0,143.0
55,117,5.0,0.0,2.0,[54 56],170.0,143.0,276.0,233.0,252.0,247.0,191.0,158.0,189.0,148.0
55,118,5.0,0.0,2.0,[54 56],189.0,148.0,252.0,247.0,170.0,143.0,171.0,149.0,191.0,158.0
55,119,5.0,0.0,2.0,[54 56],191.0,158.0,170.0,143.0,189.0,148.0,165.0,176.0,171.0,149.0
55,120,5.0,0.0,2.0,[54 56],171.0,149.0,189.0,148.0,191.0,158.0,175.0,191.0,165.0,176.0
55,121,5.0,0.0,2.0,[54 56],165.0,176.0,191.0,158.0,171.0,149.0,166.0,140.0,175.0,191.0
55,122,5.0,0.0,2.0,[54 56],175.0,191.0,171.0,149.0,165.0,176.0,228.0,177.0,166.0,140.0
55,123,5.0,0.0,2.0,[54 56],166.0,140.0,165.0,176.0,175.0,191.0,158.0,165.0,228.0,177.0
55,124,5.0,0.0,2.0,[54 56],228.0,177.0,175.0,191.0,166.0,140.0,160.0,156.0,158.0,165.0
55,125,5.0,0.0,2.0,[54 56],158.0,165.0,166.0,140.0,228.0,177.0,147.0,131.0,160.0,156.0
55,126,5.0,0.0,2.0,[54 56],160.0,156.0,228.0,177.0,158.0,165.0,169.0,197.0,147.0,131.0
55,127,5.0,0.0,2.0,[54 56],147.0,131.0,158.0,165.0,160.0,156.0,139.0,132.0,169.0,197.0
55,128,5.0,0.0,2.0,[54 56],169.0,197.0,160.0,156.0,147.0,131.0,114.0,196.0,139.0,132.0
55,129,5.0,0.0,2.0,[54 56],139.0,132.0,147.0,131.0,169.0,197.0,109.0,120.0,114.0,196.0
55,130,5.0,0.0,2.0,[54 56],114.0,196.0,169.0,197.0,139.0,132.0,73.0,145.0,109.0,120.0
55,131,5.0,0.0,2.0,[54 56],109.0,120.0,139.0,132.0,114.0,196.0,90.0,85.0,73.0,145.0
55,132,5.0,0.0,2.0,[54 56],73.0,145.0,114.0,196.0,109.0,120.0,88.0,106.0,90.0,85.0
55,133,5.0,0.0,2.0,[54 56],90.0,85.0,109.0,120.0,73.0,145.0,47.0,99.0,88.0,106.0
55,134,5.0,0.0,2.0,[54 56],88.0,106.0,73.0,145.0,90.0,85.0,49.0,81.0,47.0,99.0
55,135,5.0,0.0,2.0,[54 56],47.0,99.0,90.0,85.0,88.0,106.0,38.0,78.0,49.0,81.0
55,136,5.0,0.0,2.0,[54 56],49.0,81.0,88.0,106.0,47.0,99.0,37.0,96.0,38.0,78.0
55,137,5.0,0.0,2.0,[54 56],38.0,78.0,47.0,99.0,49.0,81.0,8.0,51.0,37.0,96.0
55,138,5.0,0.0,2.0,[54 56],37.0,96.0,49.0,81.0,38.0,78.0,10.0,14.0,8.0,51.0
55,139,5.0,0.0,2.0,[54 56],8.0,51.0,38.0,78.0,37.0,96.0,4.0,18.0,10.0,14.0
55,140,5.0,0.0,2.0,[54 56],10.0,14.0,37.0,96.0,8.0,51.0,0.0,1.0,4.0,18.0
55,141,5.0,0.0,2.0,[54 56],4.0,18.0,8.0,51.0,10.0,14.0,2.0,0.0,0.0,1.0
55,142,5.0,0.0,2.0,[54 56],0.0,1.0,10.0,14.0,4.0,18.0,0.0,0.0,2.0,0.0
55,143,5.0,0.0,2.0,[54 56],2.0,0.0,4.0,18.0,0.0,1.0,0.0,0.0,0.0,0.0
56,0,5.0,0.0,2.0,[55 57],0.0,0.0,0.0,0.0,0.0,0.0,0.0,0.0,0.0,0.0
56,1,5.0,0.0,2.0,[55 57],0.0,0.0,0.0,0.0,0.0,0.0,0.0,0.0,0.0,0.0
56,2,5.0,0.0,2.0,[55 57],0.0,0.0,0.0,0.0,0.0,0.0,0.0,0.0,0.0,0.0
56,3,5.0,0.0,2.0,[55 57],0.0,0.0,0.0,0.0,0.0,0.0,0.0,0.0,0.0,0.0
56,4,5.0,0.0,2.0,[55 57],0.0,0.0,0.0,0.0,0.0,0.0,0.0,0.0,0.0,0.0
56,5,5.0,0.0,2.0,[55 57],0.0,0.0,0.0,0.0,0.0,0.0,0.0,0.0,0.0,0.0
56,6,5.0,0.0,2.0,[55 57],0.0,0.0,0.0,0.0,0.0,0.0,0.0,0.0,0.0,0.0
56,7,5.0,0.0,2.0,[55 57],0.0,0.0,0.0,0.0,0.0,0.0,0.0,0.0,0.0,0.0
56,8,5.0,0.0,2.0,[55 57],0.0,0.0,0.0,0.0,0.0,0.0,0.0,0.0,0.0,0.0
56,9,5.0,0.0,2.0,[55 57],0.0,0.0,0.0,0.0,0.0,0.0,0.0,0.0,0.0,0.0
56,10,5.0,0.0,2.0,[55 57],0.0,0.0,0.0,0.0,0.0,0.0,0.0,0.0,0.0,0.0
56,11,5.0,0.0,2.0,[55 57],0.0,0.0,0.0,0.0,0.0,0.0,0.0,0.0,0.0,0.0
56,12,5.0,0.0,2.0,[55 57],0.0,0.0,0.0,0.0,0.0,0.0,0.0,0.0,0.0,0.0
56,13,5.0,0.0,2.0,[55 57],0.0,0.0,0.0,0.0,0.0,0.0,0.0,0.0,0.0,0.0
56,14,5.0,0.0,2.0,[55 57],0.0,0.0,0.0,0.0,0.0,0.0,0.0,0.0,0.0,0.0
56,15,5.0,0.0,2.0,[55 57],0.0,0.0,0.0,0.0,0.0,0.0,0.0,1.0,0.0,0.0
56,16,5.0,0.0,2.0,[55 57],0.0,0.0,0.0,0.0,0.0,0.0,0.0,0.0,0.0,1.0
56,17,5.0,0.0,2.0,[55 57],0.0,1.0,0.0,0.0,0.0,0.0,0.0,0.0,0.0,0.0
56,18,5.0,0.0,2.0,[55 57],0.0,0.0,0.0,0.0,0.0,1.0,0.0,0.0,0.0,0.0
56,19,5.0,0.0,2.0,[55 57],0.0,0.0,0.0,1.0,0.0,0.0,0.0,0.0,0.0,0.0
56,20,5.0,0.0,2.0,[55 57],0.0,0.0,0.0,0.0,0.0,0.0,0.0,0.0,0.0,0.0
56,21,5.0,0.0,2.0,[55 57],0.0,0.0,0.0,0.0,0.0,0.0,0.0,0.0,0.0,0.0
56,22,5.0,0.0,2.0,[55 57],0.0,0.0,0.0,0.0,0.0,0.0,0.0,0.0,0.0,0.0
56,23,5.0,0.0,2.0,[55 57],0.0,0.0,0.0,0.0,0.0,0.0,0.0,0.0,0.0,0.0
56,24,5.0,0.0,2.0,[55 57],0.0,0.0,0.0,0.0,0.0,0.0,0.0,0.0,0.0,0.0
56,25,5.0,0.0,2.0,[55 57],0.0,0.0,0.0,0.0,0.0,0.0,2.0,0.0,0.0,0.0
56,26,5.0,0.0,2.0,[55 57],0.0,0.0,0.0,0.0,0.0,0.0,0.0,2.0,2.0,0.0
56,27,5.0,0.0,2.0,[55 57],2.0,0.0,0.0,0.0,0.0,0.0,0.0,0.0,0.0,2.0
56,28,5.0,0.0,2.0,[55 57],0.0,2.0,0.0,0.0,2.0,0.0,0.0,0.0,0.0,0.0
56,29,5.0,0.0,2.0,[55 57],0.0,0.0,2.0,0.0,0.0,2.0,0.0,0.0,0.0,0.0
56,30,5.0,0.0,2.0,[55 57],0.0,0.0,0.0,2.0,0.0,0.0,0.0,0.0,0.0,0.0
56,31,5.0,0.0,2.0,[55 57],0.0,0.0,0.0,0.0,0.0,0.0,3.0,0.0,0.0,0.0
56,32,5.0,0.0,2.0,[55 57],0.0,0.0,0.0,0.0,0.0,0.0,1.0,0.0,3.0,0.0
56,33,5.0,0.0,2.0,[55 57],3.0,0.0,0.0,0.0,0.0,0.0,13.0,1.0,1.0,0.0
56,34,5.0,0.0,2.0,[55 57],1.0,0.0,0.0,0.0,3.0,0.0,16.0,2.0,13.0,1.0
56,35,5.0,0.0,2.0,[55 57],13.0,1.0,3.0,0.0,1.0,0.0,16.0,4.0,16.0,2.0
56,36,5.0,0.0,2.0,[55 57],16.0,2.0,1.0,0.0,13.0,1.0,27.0,8.0,16.0,4.0
56,37,5.0,0.0,2.0,[55 57],16.0,4.0,13.0,1.0,16.0,2.0,46.0,23.0,27.0,8.0
56,38,5.0,0.0,2.0,[55 57],27.0,8.0,16.0,2.0,16.0,4.0,66.0,29.0,46.0,23.0
56,39,5.0,0.0,2.0,[55 57],46.0,23.0,16.0,4.0,27.0,8.0,101.0,28.0,66.0,29.0
56,40,5.0,0.0,2.0,[55 57],66.0,29.0,27.0,8.0,46.0,23.0,115.0,66.0,101.0,28.0
56,41,5.0,0.0,2.0,[55 57],101.0,28.0,46.0,23.0,66.0,29.0,151.0,91.0,115.0,66.0
56,42,5.0,0.0,2.0,[55 57],115.0,66.0,66.0,29.0,101.0,28.0,222.0,134.0,151.0,91.0
56,43,5.0,0.0,2.0,[55 57],151.0,91.0,101.0,28.0,115.0,66.0,282.0,199.0,222.0,134.0
56,44,5.0,0.0,2.0,[55 57],222.0,134.0,115.0,66.0,151.0,91.0,420.0,261.0,282.0,199.0
56,45,5.0,0.0,2.0,[55 57],282.0,199.0,151.0,91.0,222.0,134.0,462.0,353.0,420.0,261.0
56,46,5.0,0.0,2.0,[55 57],420.0,261.0,222.0,134.0,282.0,199.0,455.0,528.0,462.0,353.0
56,47,5.0,0.0,2.0,[55 57],462.0,353.0,282.0,199.0,420.0,261.0,481.0,995.0,455.0,528.0
56,48,5.0,0.0,2.0,[55 57],455.0,528.0,420.0,261.0,462.0,353.0,405.0,683.0,481.0,995.0
56,49,5.0,0.0,2.0,[55 57],481.0,995.0,462.0,353.0,455.0,528.0,305.0,691.0,405.0,683.0
56,50,5.0,0.0,2.0,[55 57],405.0,683.0,455.0,528.0,481.0,995.0,331.0,870.0,305.0,691.0
56,51,5.0,0.0,2.0,[55 57],305.0,691.0,481.0,995.0,405.0,683.0,300.0,680.0,331.0,870.0
56,52,5.0,0.0,2.0,[55 57],331.0,870.0,405.0,683.0,305.0,691.0,160.0,748.0,300.0,680.0
56,53,5.0,0.0,2.0,[55 57],300.0,680.0,305.0,691.0,331.0,870.0,149.0,692.0,160.0,748.0
56,54,5.0,0.0,2.0,[55 57],160.0,748.0,331.0,870.0,300.0,680.0,166.0,612.0,149.0,692.0
56,55,5.0,0.0,2.0,[55 57],149.0,692.0,300.0,680.0,160.0,748.0,125.0,359.0,166.0,612.0
56,56,5.0,0.0,2.0,[55 57],166.0,612.0,160.0,748.0,149.0,692.0,124.0,314.0,125.0,359.0
56,57,5.0,0.0,2.0,[55 57],125.0,359.0,149.0,692.0,166.0,612.0,122.0,299.0,124.0,314.0
56,58,5.0,0.0,2.0,[55 57],124.0,314.0,166.0,612.0,125.0,359.0,112.0,187.0,122.0,299.0
56,59,5.0,0.0,2.0,[55 57],122.0,299.0,125.0,359.0,124.0,314.0,114.0,155.0,112.0,187.0
56,60,5.0,0.0,2.0,[55 57],112.0,187.0,124.0,314.0,122.0,299.0,110.0,156.0,114.0,155.0
56,61,5.0,0.0,2.0,[55 57],114.0,155.0,122.0,299.0,112.0,187.0,121.0,132.0,110.0,156.0
56,62,5.0,0.0,2.0,[55 57],110.0,156.0,112.0,187.0,114.0,155.0,101.0,118.0,121.0,132.0
56,63,5.0,0.0,2.0,[55 57],121.0,132.0,114.0,155.0,110.0,156.0,110.0,97.0,101.0,118.0
56,64,5.0,0.0,2.0,[55 57],101.0,118.0,110.0,156.0,121.0,132.0,96.0,88.0,110.0,97.0
56,65,5.0,0.0,2.0,[55 57],110.0,97.0,121.0,132.0,101.0,118.0,98.0,106.0,96.0,88.0
56,66,5.0,0.0,2.0,[55 57],96.0,88.0,101.0,118.0,110.0,97.0,95.0,111.0,98.0,106.0
56,67,5.0,0.0,2.0,[55 57],98.0,106.0,110.0,97.0,96.0,88.0,113.0,79.0,95.0,111.0
56,68,5.0,0.0,2.0,[55 57],95.0,111.0,96.0,88.0,98.0,106.0,105.0,123.0,113.0,79.0
56,69,5.0,0.0,2.0,[55 57],113.0,79.0,98.0,106.0,95.0,111.0,124.0,90.0,105.0,123.0
56,70,5.0,0.0,2.0,[55 57],105.0,123.0,95.0,111.0,113.0,79.0,114.0,91.0,124.0,90.0
56,71,5.0,0.0,2.0,[55 57],124.0,90.0,113.0,79.0,105.0,123.0,140.0,88.0,114.0,91.0
56,72,5.0,0.0,2.0,[55 57],114.0,91.0,105.0,123.0,124.0,90.0,137.0,126.0,140.0,88.0
56,73,5.0,0.0,2.0,[55 57],140.0,88.0,124.0,90.0,114.0,91.0,136.0,92.0,137.0,126.0
56,74,5.0,0.0,2.0,[55 57],137.0,126.0,114.0,91.0,140.0,88.0,122.0,112.0,136.0,92.0
56,75,5.0,0.0,2.0,[55 57],136.0,92.0,140.0,88.0,137.0,126.0,130.0,117.0,122.0,112.0
56,76,5.0,0.0,2.0,[55 57],122.0,112.0,137.0,126.0,136.0,92.0,142.0,102.0,130.0,117.0
56,77,5.0,0.0,2.0,[55 57],130.0,117.0,136.0,92.0,122.0,112.0,104.0,134.0,142.0,102.0
56,78,5.0,0.0,2.0,[55 57],142.0,102.0,122.0,112.0,130.0,117.0,82.0,122.0,104.0,134.0
56,79,5.0,0.0,2.0,[55 57],104.0,134.0,130.0,117.0,142.0,102.0,109.0,108.0,82.0,122.0
56,80,5.0,0.0,2.0,[55 57],82.0,122.0,142.0,102.0,104.0,134.0,95.0,167.0,109.0,108.0
56,81,5.0,0.0,2.0,[55 57],109.0,108.0,104.0,134.0,82.0,122.0,95.0,101.0,95.0,167.0
56,82,5.0,0.0,2.0,[55 57],95.0,167.0,82.0,122.0,109.0,108.0,102.0,130.0,95.0,101.0
56,83,5.0,0.0,2.0,[55 57],95.0,101.0,109.0,108.0,95.0,167.0,128.0,115.0,102.0,130.0
56,84,5.0,0.0,2.0,[55 57],102.0,130.0,95.0,167.0,95.0,101.0,114.0,128.0,128.0,115.0
56,85,5.0,0.0,2.0,[55 57],128.0,115.0,95.0,101.0,102.0,130.0,107.0,127.0,114.0,128.0
56,86,5.0,0.0,2.0,[55 57],114.0,128.0,102.0,130.0,128.0,115.0,120.0,129.0,107.0,127.0
56,87,5.0,0.0,2.0,[55 57],107.0,127.0,128.0,115.0,114.0,128.0,116.0,118.0,120.0,129.0
56,88,5.0,0.0,2.0,[55 57],120.0,129.0,114.0,128.0,107.0,127.0,110.0,115.0,116.0,118.0
56,89,5.0,0.0,2.0,[55 57],116.0,118.0,107.0,127.0,120.0,129.0,119.0,127.0,110.0,115.0
56,90,5.0,0.0,2.0,[55 57],110.0,115.0,120.0,129.0,116.0,118.0,140.0,104.0,119.0,127.0
56,91,5.0,0.0,2.0,[55 57],119.0,127.0,116.0,118.0,110.0,115.0,121.0,133.0,140.0,104.0
56,92,5.0,0.0,2.0,[55 57],140.0,104.0,110.0,115.0,119.0,127.0,168.0,163.0,121.0,133.0
56,93,5.0,0.0,2.0,[55 57],121.0,133.0,119.0,127.0,140.0,104.0,152.0,151.0,168.0,163.0
56,94,5.0,0.0,2.0,[55 57],168.0,163.0,140.0,104.0,121.0,133.0,140.0,147.0,152.0,151.0
56,95,5.0,0.0,2.0,[55 57],152.0,151.0,121.0,133.0,168.0,163.0,176.0,135.0,140.0,147.0
56,96,5.0,0.0,2.0,[55 57],140.0,147.0,168.0,163.0,152.0,151.0,168.0,182.0,176.0,135.0
56,97,5.0,0.0,2.0,[55 57],176.0,135.0,152.0,151.0,140.0,147.0,156.0,239.0,168.0,182.0
56,98,5.0,0.0,2.0,[55 57],168.0,182.0,140.0,147.0,176.0,135.0,163.0,154.0,156.0,239.0
56,99,5.0,0.0,2.0,[55 57],156.0,239.0,176.0,135.0,168.0,182.0,178.0,167.0,163.0,154.0
56,100,5.0,0.0,2.0,[55 57],163.0,154.0,168.0,182.0,156.0,239.0,247.0,207.0,178.0,167.0
56,101,5.0,0.0,2.0,[55 57],178.0,167.0,156.0,239.0,163.0,154.0,405.0,196.0,247.0,207.0
56,102,5.0,0.0,2.0,[55 57],247.0,207.0,163.0,154.0,178.0,167.0,364.0,220.0,405.0,196.0
56,103,5.0,0.0,2.0,[55 57],405.0,196.0,178.0,167.0,247.0,207.0,397.0,366.0,364.0,220.0
56,104,5.0,0.0,2.0,[55 57],364.0,220.0,247.0,207.0,405.0,196.0,538.0,388.0,397.0,366.0
56,105,5.0,0.0,2.0,[55 57],397.0,366.0,405.0,196.0,364.0,220.0,681.0,284.0,538.0,388.0
56,106,5.0,0.0,2.0,[55 57],538.0,388.0,364.0,220.0,397.0,366.0,516.0,421.0,681.0,284.0
56,107,5.0,0.0,2.0,[55 57],681.0,284.0,397.0,366.0,538.0,388.0,558.0,419.0,516.0,421.0
56,108,5.0,0.0,2.0,[55 57],516.0,421.0,538.0,388.0,681.0,284.0,590.0,365.0,558.0,419.0
56,109,5.0,0.0,2.0,[55 57],558.0,419.0,681.0,284.0,516.0,421.0,506.0,394.0,590.0,365.0
56,110,5.0,0.0,2.0,[55 57],590.0,365.0,516.0,421.0,558.0,419.0,520.0,307.0,506.0,394.0
56,111,5.0,0.0,2.0,[55 57],506.0,394.0,558.0,419.0,590.0,365.0,429.0,329.0,520.0,307.0
56,112,5.0,0.0,2.0,[55 57],520.0,307.0,590.0,365.0,506.0,394.0,467.0,339.0,429.0,329.0
56,113,5.0,0.0,2.0,[55 57],429.0,329.0,506.0,394.0,520.0,307.0,315.0,228.0,467.0,339.0
56,114,5.0,0.0,2.0,[55 57],467.0,339.0,520.0,307.0,429.0,329.0,312.0,223.0,315.0,228.0
56,115,5.0,0.0,2.0,[55 57],315.0,228.0,429.0,329.0,467.0,339.0,288.0,218.0,312.0,223.0
56,116,5.0,0.0,2.0,[55 57],312.0,223.0,467.0,339.0,315.0,228.0,245.0,167.0,288.0,218.0
56,117,5.0,0.0,2.0,[55 57],288.0,218.0,315.0,228.0,312.0,223.0,223.0,181.0,245.0,167.0
56,118,5.0,0.0,2.0,[55 57],245.0,167.0,312.0,223.0,288.0,218.0,210.0,150.0,223.0,181.0
56,119,5.0,0.0,2.0,[55 57],223.0,181.0,288.0,218.0,245.0,167.0,220.0,144.0,210.0,150.0
56,120,5.0,0.0,2.0,[55 57],210.0,150.0,245.0,167.0,223.0,181.0,200.0,125.0,220.0,144.0
56,121,5.0,0.0,2.0,[55 57],220.0,144.0,223.0,181.0,210.0,150.0,205.0,159.0,200.0,125.0
56,122,5.0,0.0,2.0,[55 57],200.0,125.0,210.0,150.0,220.0,144.0,198.0,125.0,205.0,159.0
56,123,5.0,0.0,2.0,[55 57],205.0,159.0,220.0,144.0,200.0,125.0,168.0,152.0,198.0,125.0
56,124,5.0,0.0,2.0,[55 57],198.0,125.0,200.0,125.0,205.0,159.0,161.0,138.0,168.0,152.0
56,125,5.0,0.0,2.0,[55 57],168.0,152.0,205.0,159.0,198.0,125.0,154.0,160.0,161.0,138.0
56,126,5.0,0.0,2.0,[55 57],161.0,138.0,198.0,125.0,168.0,152.0,136.0,120.0,154.0,160.0
56,127,5.0,0.0,2.0,[55 57],154.0,160.0,168.0,152.0,161.0,138.0,122.0,150.0,136.0,120.0
56,128,5.0,0.0,2.0,[55 57],136.0,120.0,161.0,138.0,154.0,160.0,105.0,122.0,122.0,150.0
56,129,5.0,0.0,2.0,[55 57],122.0,150.0,154.0,160.0,136.0,120.0,81.0,113.0,105.0,122.0
56,130,5.0,0.0,2.0,[55 57],105.0,122.0,136.0,120.0,122.0,150.0,80.0,77.0,81.0,113.0
56,131,5.0,0.0,2.0,[55 57],81.0,113.0,122.0,150.0,105.0,122.0,94.0,101.0,80.0,77.0
56,132,5.0,0.0,2.0,[55 57],80.0,77.0,105.0,122.0,81.0,113.0,56.0,107.0,94.0,101.0
56,133,5.0,0.0,2.0,[55 57],94.0,101.0,81.0,113.0,80.0,77.0,38.0,53.0,56.0,107.0
56,134,5.0,0.0,2.0,[55 57],56.0,107.0,80.0,77.0,94.0,101.0,48.0,93.0,38.0,53.0
56,135,5.0,0.0,2.0,[55 57],38.0,53.0,94.0,101.0,56.0,107.0,28.0,34.0,48.0,93.0
56,136,5.0,0.0,2.0,[55 57],48.0,93.0,56.0,107.0,38.0,53.0,27.0,55.0,28.0,34.0
56,137,5.0,0.0,2.0,[55 57],28.0,34.0,38.0,53.0,48.0,93.0,6.0,42.0,27.0,55.0
56,138,5.0,0.0,2.0,[55 57],27.0,55.0,48.0,93.0,28.0,34.0,8.0,37.0,6.0,42.0
56,139,5.0,0.0,2.0,[55 57],6.0,42.0,28.0,34.0,27.0,55.0,4.0,29.0,8.0,37.0
56,140,5.0,0.0,2.0,[55 57],8.0,37.0,27.0,55.0,6.0,42.0,0.0,10.0,4.0,29.0
56,141,5.0,0.0,2.0,[55 57],4.0,29.0,6.0,42.0,8.0,37.0,0.0,0.0,0.0,10.0
56,142,5.0,0.0,2.0,[55 57],0.0,10.0,8.0,37.0,4.0,29.0,0.0,0.0,0.0,0.0
56,143,5.0,0.0,2.0,[55 57],0.0,0.0,4.0,29.0,0.0,10.0,0.0,0.0,0.0,0.0
57,0,5.0,0.0,2.0,[56 58],0.0,0.0,0.0,0.0,0.0,0.0,0.0,1.0,1.0,0.0
57,1,5.0,0.0,2.0,[56 58],1.0,0.0,0.0,0.0,0.0,0.0,0.0,0.0,0.0,1.0
57,2,5.0,0.0,2.0,[56 58],0.0,1.0,0.0,0.0,1.0,0.0,0.0,0.0,0.0,0.0
57,3,5.0,0.0,2.0,[56 58],0.0,0.0,1.0,0.0,0.0,1.0,0.0,0.0,0.0,0.0
57,4,5.0,0.0,2.0,[56 58],0.0,0.0,0.0,1.0,0.0,0.0,0.0,0.0,0.0,0.0
57,5,5.0,0.0,2.0,[56 58],0.0,0.0,0.0,0.0,0.0,0.0,0.0,0.0,0.0,0.0
57,6,5.0,0.0,2.0,[56 58],0.0,0.0,0.0,0.0,0.0,0.0,2.0,2.0,0.0,0.0
57,7,5.0,0.0,2.0,[56 58],0.0,0.0,0.0,0.0,0.0,0.0,0.0,0.0,2.0,2.0
57,8,5.0,0.0,2.0,[56 58],2.0,2.0,0.0,0.0,0.0,0.0,0.0,0.0,0.0,0.0
57,9,5.0,0.0,2.0,[56 58],0.0,0.0,0.0,0.0,2.0,2.0,0.0,0.0,0.0,0.0
57,10,5.0,0.0,2.0,[56 58],0.0,0.0,2.0,2.0,0.0,0.0,0.0,0.0,0.0,0.0
57,11,5.0,0.0,2.0,[56 58],0.0,0.0,0.0,0.0,0.0,0.0,0.0,0.0,0.0,0.0
57,12,5.0,0.0,2.0,[56 58],0.0,0.0,0.0,0.0,0.0,0.0,0.0,0.0,0.0,0.0
57,13,5.0,0.0,2.0,[56 58],0.0,0.0,0.0,0.0,0.0,0.0,0.0,0.0,0.0,0.0
57,14,5.0,0.0,2.0,[56 58],0.0,0.0,0.0,0.0,0.0,0.0,0.0,0.0,0.0,0.0
57,15,5.0,0.0,2.0,[56 58],0.0,0.0,0.0,0.0,0.0,0.0,0.0,0.0,0.0,0.0
57,16,5.0,0.0,2.0,[56 58],0.0,0.0,0.0,0.0,0.0,0.0,0.0,0.0,0.0,0.0
57,17,5.0,0.0,2.0,[56 58],0.0,0.0,0.0,0.0,0.0,0.0,0.0,0.0,0.0,0.0
57,18,5.0,0.0,2.0,[56 58],0.0,0.0,0.0,0.0,0.0,0.0,0.0,0.0,0.0,0.0
57,19,5.0,0.0,2.0,[56 58],0.0,0.0,0.0,0.0,0.0,0.0,0.0,0.0,0.0,0.0
57,20,5.0,0.0,2.0,[56 58],0.0,0.0,0.0,0.0,0.0,0.0,0.0,0.0,0.0,0.0
57,21,5.0,0.0,2.0,[56 58],0.0,0.0,0.0,0.0,0.0,0.0,0.0,0.0,0.0,0.0
57,22,5.0,0.0,2.0,[56 58],0.0,0.0,0.0,0.0,0.0,0.0,0.0,0.0,0.0,0.0
57,23,5.0,0.0,2.0,[56 58],0.0,0.0,0.0,0.0,0.0,0.0,0.0,0.0,0.0,0.0
57,24,5.0,0.0,2.0,[56 58],0.0,0.0,0.0,0.0,0.0,0.0,2.0,0.0,0.0,0.0
57,25,5.0,0.0,2.0,[56 58],0.0,0.0,0.0,0.0,0.0,0.0,0.0,1.0,2.0,0.0
57,26,5.0,0.0,2.0,[56 58],2.0,0.0,0.0,0.0,0.0,0.0,0.0,0.0,0.0,1.0
57,27,5.0,0.0,2.0,[56 58],0.0,1.0,0.0,0.0,2.0,0.0,0.0,0.0,0.0,0.0
57,28,5.0,0.0,2.0,[56 58],0.0,0.0,2.0,0.0,0.0,1.0,0.0,0.0,0.0,0.0
57,29,5.0,0.0,2.0,[56 58],0.0,0.0,0.0,1.0,0.0,0.0,0.0,0.0,0.0,0.0
57,30,5.0,0.0,2.0,[56 58],0.0,0.0,0.0,0.0,0.0,0.0,0.0,0.0,0.0,0.0
57,31,5.0,0.0,2.0,[56 58],0.0,0.0,0.0,0.0,0.0,0.0,0.0,0.0,0.0,0.0
57,32,5.0,0.0,2.0,[56 58],0.0,0.0,0.0,0.0,0.0,0.0,0.0,0.0,0.0,0.0
57,33,5.0,0.0,2.0,[56 58],0.0,0.0,0.0,0.0,0.0,0.0,18.0,0.0,0.0,0.0
57,34,5.0,0.0,2.0,[56 58],0.0,0.0,0.0,0.0,0.0,0.0,23.0,1.0,18.0,0.0
57,35,5.0,0.0,2.0,[56 58],18.0,0.0,0.0,0.0,0.0,0.0,46.0,2.0,23.0,1.0
57,36,5.0,0.0,2.0,[56 58],23.0,1.0,0.0,0.0,18.0,0.0,58.0,2.0,46.0,2.0
57,37,5.0,0.0,2.0,[56 58],46.0,2.0,18.0,0.0,23.0,1.0,66.0,20.0,58.0,2.0
57,38,5.0,0.0,2.0,[56 58],58.0,2.0,23.0,1.0,46.0,2.0,108.0,23.0,66.0,20.0
57,39,5.0,0.0,2.0,[56 58],66.0,20.0,46.0,2.0,58.0,2.0,160.0,22.0,108.0,23.0
57,40,5.0,0.0,2.0,[56 58],108.0,23.0,58.0,2.0,66.0,20.0,197.0,23.0,160.0,22.0
57,41,5.0,0.0,2.0,[56 58],160.0,22.0,66.0,20.0,108.0,23.0,247.0,33.0,197.0,23.0
57,42,5.0,0.0,2.0,[56 58],197.0,23.0,108.0,23.0,160.0,22.0,333.0,38.0,247.0,33.0
57,43,5.0,0.0,2.0,[56 58],247.0,33.0,160.0,22.0,197.0,23.0,606.0,54.0,333.0,38.0
57,44,5.0,0.0,2.0,[56 58],333.0,38.0,197.0,23.0,247.0,33.0,782.0,106.0,606.0,54.0
57,45,5.0,0.0,2.0,[56 58],606.0,54.0,247.0,33.0,333.0,38.0,815.0,88.0,782.0,106.0
57,46,5.0,0.0,2.0,[56 58],782.0,106.0,333.0,38.0,606.0,54.0,1010.0,120.0,815.0,88.0
57,47,5.0,0.0,2.0,[56 58],815.0,88.0,606.0,54.0,782.0,106.0,977.0,236.0,1010.0,120.0
57,48,5.0,0.0,2.0,[56 58],1010.0,120.0,782.0,106.0,815.0,88.0,774.0,152.0,977.0,236.0
57,49,5.0,0.0,2.0,[56 58],977.0,236.0,815.0,88.0,1010.0,120.0,604.0,205.0,774.0,152.0
57,50,5.0,0.0,2.0,[56 58],774.0,152.0,1010.0,120.0,977.0,236.0,498.0,261.0,604.0,205.0
57,51,5.0,0.0,2.0,[56 58],604.0,205.0,977.0,236.0,774.0,152.0,404.0,237.0,498.0,261.0
57,52,5.0,0.0,2.0,[56 58],498.0,261.0,774.0,152.0,604.0,205.0,308.0,220.0,404.0,237.0
57,53,5.0,0.0,2.0,[56 58],404.0,237.0,604.0,205.0,498.0,261.0,268.0,182.0,308.0,220.0
57,54,5.0,0.0,2.0,[56 58],308.0,220.0,498.0,261.0,404.0,237.0,246.0,161.0,268.0,182.0
57,55,5.0,0.0,2.0,[56 58],268.0,182.0,404.0,237.0,308.0,220.0,206.0,129.0,246.0,161.0
57,56,5.0,0.0,2.0,[56 58],246.0,161.0,308.0,220.0,268.0,182.0,164.0,120.0,206.0,129.0
57,57,5.0,0.0,2.0,[56 58],206.0,129.0,268.0,182.0,246.0,161.0,150.0,89.0,164.0,120.0
57,58,5.0,0.0,2.0,[56 58],164.0,120.0,246.0,161.0,206.0,129.0,121.0,92.0,150.0,89.0
57,59,5.0,0.0,2.0,[56 58],150.0,89.0,206.0,129.0,164.0,120.0,108.0,65.0,121.0,92.0
57,60,5.0,0.0,2.0,[56 58],121.0,92.0,164.0,120.0,150.0,89.0,111.0,65.0,108.0,65.0
57,61,5.0,0.0,2.0,[56 58],108.0,65.0,150.0,89.0,121.0,92.0,102.0,71.0,111.0,65.0
57,62,5.0,0.0,2.0,[56 58],111.0,65.0,121.0,92.0,108.0,65.0,92.0,50.0,102.0,71.0
57,63,5.0,0.0,2.0,[56 58],102.0,71.0,108.0,65.0,111.0,65.0,113.0,60.0,92.0,50.0
57,64,5.0,0.0,2.0,[56 58],92.0,50.0,111.0,65.0,102.0,71.0,76.0,56.0,113.0,60.0
57,65,5.0,0.0,2.0,[56 58],113.0,60.0,102.0,71.0,92.0,50.0,72.0,54.0,76.0,56.0
57,66,5.0,0.0,2.0,[56 58],76.0,56.0,92.0,50.0,113.0,60.0,90.0,62.0,72.0,54.0
57,67,5.0,0.0,2.0,[56 58],72.0,54.0,113.0,60.0,76.0,56.0,95.0,53.0,90.0,62.0
57,68,5.0,0.0,2.0,[56 58],90.0,62.0,76.0,56.0,72.0,54.0,90.0,59.0,95.0,53.0
57,69,5.0,0.0,2.0,[56 58],95.0,53.0,72.0,54.0,90.0,62.0,89.0,60.0,90.0,59.0
57,70,5.0,0.0,2.0,[56 58],90.0,59.0,90.0,62.0,95.0,53.0,89.0,65.0,89.0,60.0
57,71,5.0,0.0,2.0,[56 58],89.0,60.0,95.0,53.0,90.0,59.0,117.0,55.0,89.0,65.0
57,72,5.0,0.0,2.0,[56 58],89.0,65.0,90.0,59.0,89.0,60.0,109.0,95.0,117.0,55.0
57,73,5.0,0.0,2.0,[56 58],117.0,55.0,89.0,60.0,89.0,65.0,119.0,64.0,109.0,95.0
57,74,5.0,0.0,2.0,[56 58],109.0,95.0,89.0,65.0,117.0,55.0,120.0,60.0,119.0,64.0
57,75,5.0,0.0,2.0,[56 58],119.0,64.0,117.0,55.0,109.0,95.0,127.0,81.0,120.0,60.0
57,76,5.0,0.0,2.0,[56 58],120.0,60.0,109.0,95.0,119.0,64.0,110.0,69.0,127.0,81.0
57,77,5.0,0.0,2.0,[56 58],127.0,81.0,119.0,64.0,120.0,60.0,88.0,80.0,110.0,69.0
57,78,5.0,0.0,2.0,[56 58],110.0,69.0,120.0,60.0,127.0,81.0,121.0,48.0,88.0,80.0
57,79,5.0,0.0,2.0,[56 58],88.0,80.0,127.0,81.0,110.0,69.0,114.0,82.0,121.0,48.0
57,80,5.0,0.0,2.0,[56 58],121.0,48.0,110.0,69.0,88.0,80.0,100.0,72.0,114.0,82.0
57,81,5.0,0.0,2.0,[56 58],114.0,82.0,88.0,80.0,121.0,48.0,97.0,91.0,100.0,72.0
57,82,5.0,0.0,2.0,[56 58],100.0,72.0,121.0,48.0,114.0,82.0,77.0,64.0,97.0,91.0
57,83,5.0,0.0,2.0,[56 58],97.0,91.0,114.0,82.0,100.0,72.0,117.0,54.0,77.0,64.0
57,84,5.0,0.0,2.0,[56 58],77.0,64.0,100.0,72.0,97.0,91.0,73.0,70.0,117.0,54.0
57,85,5.0,0.0,2.0,[56 58],117.0,54.0,97.0,91.0,77.0,64.0,97.0,102.0,73.0,70.0
57,86,5.0,0.0,2.0,[56 58],73.0,70.0,77.0,64.0,117.0,54.0,82.0,62.0,97.0,102.0
57,87,5.0,0.0,2.0,[56 58],97.0,102.0,117.0,54.0,73.0,70.0,99.0,70.0,82.0,62.0
57,88,5.0,0.0,2.0,[56 58],82.0,62.0,73.0,70.0,97.0,102.0,101.0,92.0,99.0,70.0
57,89,5.0,0.0,2.0,[56 58],99.0,70.0,97.0,102.0,82.0,62.0,112.0,74.0,101.0,92.0
57,90,5.0,0.0,2.0,[56 58],101.0,92.0,82.0,62.0,99.0,70.0,109.0,82.0,112.0,74.0
57,91,5.0,0.0,2.0,[56 58],112.0,74.0,99.0,70.0,101.0,92.0,108.0,84.0,109.0,82.0
57,92,5.0,0.0,2.0,[56 58],109.0,82.0,101.0,92.0,112.0,74.0,124.0,118.0,108.0,84.0
57,93,5.0,0.0,2.0,[56 58],108.0,84.0,112.0,74.0,109.0,82.0,117.0,108.0,124.0,118.0
57,94,5.0,0.0,2.0,[56 58],124.0,118.0,109.0,82.0,108.0,84.0,103.0,107.0,117.0,108.0
57,95,5.0,0.0,2.0,[56 58],117.0,108.0,108.0,84.0,124.0,118.0,116.0,133.0,103.0,107.0
57,96,5.0,0.0,2.0,[56 58],103.0,107.0,124.0,118.0,117.0,108.0,113.0,130.0,116.0,133.0
57,97,5.0,0.0,2.0,[56 58],116.0,133.0,117.0,108.0,103.0,107.0,117.0,122.0,113.0,130.0
57,98,5.0,0.0,2.0,[56 58],113.0,130.0,103.0,107.0,116.0,133.0,125.0,122.0,117.0,122.0
57,99,5.0,0.0,2.0,[56 58],117.0,122.0,116.0,133.0,113.0,130.0,116.0,149.0,125.0,122.0
57,100,5.0,0.0,2.0,[56 58],125.0,122.0,113.0,130.0,117.0,122.0,178.0,143.0,116.0,149.0
57,101,5.0,0.0,2.0,[56 58],116.0,149.0,117.0,122.0,125.0,122.0,255.0,159.0,178.0,143.0
57,102,5.0,0.0,2.0,[56 58],178.0,143.0,125.0,122.0,116.0,149.0,239.0,266.0,255.0,159.0
57,103,5.0,0.0,2.0,[56 58],255.0,159.0,116.0,149.0,178.0,143.0,197.0,252.0,239.0,266.0
57,104,5.0,0.0,2.0,[56 58],239.0,266.0,178.0,143.0,255.0,159.0,221.0,401.0,197.0,252.0
57,105,5.0,0.0,2.0,[56 58],197.0,252.0,255.0,159.0,239.0,266.0,254.0,375.0,221.0,401.0
57,106,5.0,0.0,2.0,[56 58],221.0,401.0,239.0,266.0,197.0,252.0,216.0,275.0,254.0,375.0
57,107,5.0,0.0,2.0,[56 58],254.0,375.0,197.0,252.0,221.0,401.0,201.0,512.0,216.0,275.0
57,108,5.0,0.0,2.0,[56 58],216.0,275.0,221.0,401.0,254.0,375.0,246.0,446.0,201.0,512.0
57,109,5.0,0.0,2.0,[56 58],201.0,512.0,254.0,375.0,216.0,275.0,213.0,316.0,246.0,446.0
57,110,5.0,0.0,2.0,[56 58],246.0,446.0,216.0,275.0,201.0,512.0,218.0,414.0,213.0,316.0
57,111,5.0,0.0,2.0,[56 58],213.0,316.0,201.0,512.0,246.0,446.0,187.0,343.0,218.0,414.0
57,112,5.0,0.0,2.0,[56 58],218.0,414.0,246.0,446.0,213.0,316.0,155.0,361.0,187.0,343.0
57,113,5.0,0.0,2.0,[56 58],187.0,343.0,213.0,316.0,218.0,414.0,145.0,290.0,155.0,361.0
57,114,5.0,0.0,2.0,[56 58],155.0,361.0,218.0,414.0,187.0,343.0,151.0,361.0,145.0,290.0
57,115,5.0,0.0,2.0,[56 58],145.0,290.0,187.0,343.0,155.0,361.0,143.0,199.0,151.0,361.0
57,116,5.0,0.0,2.0,[56 58],151.0,361.0,155.0,361.0,145.0,290.0,87.0,216.0,143.0,199.0
57,117,5.0,0.0,2.0,[56 58],143.0,199.0,145.0,290.0,151.0,361.0,101.0,244.0,87.0,216.0
57,118,5.0,0.0,2.0,[56 58],87.0,216.0,151.0,361.0,143.0,199.0,102.0,293.0,101.0,244.0
57,119,5.0,0.0,2.0,[56 58],101.0,244.0,143.0,199.0,87.0,216.0,133.0,205.0,102.0,293.0
57,120,5.0,0.0,2.0,[56 58],102.0,293.0,87.0,216.0,101.0,244.0,121.0,224.0,133.0,205.0
57,121,5.0,0.0,2.0,[56 58],133.0,205.0,101.0,244.0,102.0,293.0,87.0,202.0,121.0,224.0
57,122,5.0,0.0,2.0,[56 58],121.0,224.0,102.0,293.0,133.0,205.0,103.0,168.0,87.0,202.0
57,123,5.0,0.0,2.0,[56 58],87.0,202.0,133.0,205.0,121.0,224.0,108.0,223.0,103.0,168.0
57,124,5.0,0.0,2.0,[56 58],103.0,168.0,121.0,224.0,87.0,202.0,79.0,207.0,108.0,223.0
57,125,5.0,0.0,2.0,[56 58],108.0,223.0,87.0,202.0,103.0,168.0,84.0,209.0,79.0,207.0
57,126,5.0,0.0,2.0,[56 58],79.0,207.0,103.0,168.0,108.0,223.0,77.0,239.0,84.0,209.0
57,127,5.0,0.0,2.0,[56 58],84.0,209.0,108.0,223.0,79.0,207.0,64.0,182.0,77.0,239.0
57,128,5.0,0.0,2.0,[56 58],77.0,239.0,79.0,207.0,84.0,209.0,83.0,231.0,64.0,182.0
57,129,5.0,0.0,2.0,[56 58],64.0,182.0,84.0,209.0,77.0,239.0,52.0,195.0,83.0,231.0
57,130,5.0,0.0,2.0,[56 58],83.0,231.0,77.0,239.0,64.0,182.0,46.0,181.0,52.0,195.0
57,131,5.0,0.0,2.0,[56 58],52.0,195.0,64.0,182.0,83.0,231.0,53.0,192.0,46.0,181.0
57,132,5.0,0.0,2.0,[56 58],46.0,181.0,83.0,231.0,52.0,195.0,34.0,100.0,53.0,192.0
57,133,5.0,0.0,2.0,[56 58],53.0,192.0,52.0,195.0,46.0,181.0,38.0,236.0,34.0,100.0
57,134,5.0,0.0,2.0,[56 58],34.0,100.0,46.0,181.0,53.0,192.0,17.0,97.0,38.0,236.0
57,135,5.0,0.0,2.0,[56 58],38.0,236.0,53.0,192.0,34.0,100.0,22.0,153.0,17.0,97.0
57,136,5.0,0.0,2.0,[56 58],17.0,97.0,34.0,100.0,38.0,236.0,7.0,101.0,22.0,153.0
57,137,5.0,0.0,2.0,[56 58],22.0,153.0,38.0,236.0,17.0,97.0,1.0,102.0,7.0,101.0
57,138,5.0,0.0,2.0,[56 58],7.0,101.0,17.0,97.0,22.0,153.0,4.0,109.0,1.0,102.0
57,139,5.0,0.0,2.0,[56 58],1.0,102.0,22.0,153.0,7.0,101.0,2.0,55.0,4.0,109.0
57,140,5.0,0.0,2.0,[56 58],4.0,109.0,7.0,101.0,1.0,102.0,0.0,27.0,2.0,55.0
57,141,5.0,0.0,2.0,[56 58],2.0,55.0,1.0,102.0,4.0,109.0,0.0,0.0,0.0,27.0
57,142,5.0,0.0,2.0,[56 58],0.0,27.0,4.0,109.0,2.0,55.0,0.0,0.0,0.0,0.0
57,143,5.0,0.0,2.0,[56 58],0.0,0.0,2.0,55.0,0.0,27.0,0.0,0.0,0.0,0.0
58,0,5.0,0.0,2.0,[57 59],0.0,0.0,0.0,0.0,0.0,0.0,1.0,1.0,0.0,0.0
58,1,5.0,0.0,2.0,[57 59],0.0,0.0,0.0,0.0,0.0,0.0,0.0,0.0,1.0,1.0
58,2,5.0,0.0,2.0,[57 59],1.0,1.0,0.0,0.0,0.0,0.0,0.0,0.0,0.0,0.0
58,3,5.0,0.0,2.0,[57 59],0.0,0.0,0.0,0.0,1.0,1.0,0.0,0.0,0.0,0.0
58,4,5.0,0.0,2.0,[57 59],0.0,0.0,1.0,1.0,0.0,0.0,0.0,0.0,0.0,0.0
58,5,5.0,0.0,2.0,[57 59],0.0,0.0,0.0,0.0,0.0,0.0,0.0,0.0,0.0,0.0
58,6,5.0,0.0,2.0,[57 59],0.0,0.0,0.0,0.0,0.0,0.0,0.0,0.0,0.0,0.0
58,7,5.0,0.0,2.0,[57 59],0.0,0.0,0.0,0.0,0.0,0.0,0.0,0.0,0.0,0.0
58,8,5.0,0.0,2.0,[57 59],0.0,0.0,0.0,0.0,0.0,0.0,0.0,0.0,0.0,0.0
58,9,5.0,0.0,2.0,[57 59],0.0,0.0,0.0,0.0,0.0,0.0,0.0,0.0,0.0,0.0
58,10,5.0,0.0,2.0,[57 59],0.0,0.0,0.0,0.0,0.0,0.0,0.0,0.0,0.0,0.0
58,11,5.0,0.0,2.0,[57 59],0.0,0.0,0.0,0.0,0.0,0.0,0.0,0.0,0.0,0.0
58,12,5.0,0.0,2.0,[57 59],0.0,0.0,0.0,0.0,0.0,0.0,0.0,1.0,0.0,0.0
58,13,5.0,0.0,2.0,[57 59],0.0,0.0,0.0,0.0,0.0,0.0,0.0,0.0,0.0,1.0
58,14,5.0,0.0,2.0,[57 59],0.0,1.0,0.0,0.0,0.0,0.0,0.0,0.0,0.0,0.0
58,15,5.0,0.0,2.0,[57 59],0.0,0.0,0.0,0.0,0.0,1.0,0.0,0.0,0.0,0.0
58,16,5.0,0.0,2.0,[57 59],0.0,0.0,0.0,1.0,0.0,0.0,0.0,0.0,0.0,0.0
58,17,5.0,0.0,2.0,[57 59],0.0,0.0,0.0,0.0,0.0,0.0,0.0,0.0,0.0,0.0
58,18,5.0,0.0,2.0,[57 59],0.0,0.0,0.0,0.0,0.0,0.0,0.0,0.0,0.0,0.0
58,19,5.0,0.0,2.0,[57 59],0.0,0.0,0.0,0.0,0.0,0.0,0.0,0.0,0.0,0.0
58,20,5.0,0.0,2.0,[57 59],0.0,0.0,0.0,0.0,0.0,0.0,0.0,0.0,0.0,0.0
58,21,5.0,0.0,2.0,[57 59],0.0,0.0,0.0,0.0,0.0,0.0,0.0,0.0,0.0,0.0
58,22,5.0,0.0,2.0,[57 59],0.0,0.0,0.0,0.0,0.0,0.0,0.0,0.0,0.0,0.0
58,23,5.0,0.0,2.0,[57 59],0.0,0.0,0.0,0.0,0.0,0.0,0.0,0.0,0.0,0.0
58,24,5.0,0.0,2.0,[57 59],0.0,0.0,0.0,0.0,0.0,0.0,0.0,0.0,0.0,0.0
58,25,5.0,0.0,2.0,[57 59],0.0,0.0,0.0,0.0,0.0,0.0,0.0,0.0,0.0,0.0
58,26,5.0,0.0,2.0,[57 59],0.0,0.0,0.0,0.0,0.0,0.0,0.0,0.0,0.0,0.0
58,27,5.0,0.0,2.0,[57 59],0.0,0.0,0.0,0.0,0.0,0.0,0.0,0.0,0.0,0.0
58,28,5.0,0.0,2.0,[57 59],0.0,0.0,0.0,0.0,0.0,0.0,0.0,0.0,0.0,0.0
58,29,5.0,0.0,2.0,[57 59],0.0,0.0,0.0,0.0,0.0,0.0,0.0,0.0,0.0,0.0
58,30,5.0,0.0,2.0,[57 59],0.0,0.0,0.0,0.0,0.0,0.0,0.0,0.0,0.0,0.0
58,31,5.0,0.0,2.0,[57 59],0.0,0.0,0.0,0.0,0.0,0.0,0.0,0.0,0.0,0.0
58,32,5.0,0.0,2.0,[57 59],0.0,0.0,0.0,0.0,0.0,0.0,0.0,0.0,0.0,0.0
58,33,5.0,0.0,2.0,[57 59],0.0,0.0,0.0,0.0,0.0,0.0,9.0,0.0,0.0,0.0
58,34,5.0,0.0,2.0,[57 59],0.0,0.0,0.0,0.0,0.0,0.0,16.0,2.0,9.0,0.0
58,35,5.0,0.0,2.0,[57 59],9.0,0.0,0.0,0.0,0.0,0.0,27.0,5.0,16.0,2.0
58,36,5.0,0.0,2.0,[57 59],16.0,2.0,0.0,0.0,9.0,0.0,40.0,11.0,27.0,5.0
58,37,5.0,0.0,2.0,[57 59],27.0,5.0,9.0,0.0,16.0,2.0,42.0,9.0,40.0,11.0
58,38,5.0,0.0,2.0,[57 59],40.0,11.0,16.0,2.0,27.0,5.0,71.0,21.0,42.0,9.0
58,39,5.0,0.0,2.0,[57 59],42.0,9.0,27.0,5.0,40.0,11.0,105.0,43.0,71.0,21.0
58,40,5.0,0.0,2.0,[57 59],71.0,21.0,40.0,11.0,42.0,9.0,152.0,29.0,105.0,43.0
58,41,5.0,0.0,2.0,[57 59],105.0,43.0,42.0,9.0,71.0,21.0,173.0,53.0,152.0,29.0
58,42,5.0,0.0,2.0,[57 59],152.0,29.0,71.0,21.0,105.0,43.0,244.0,105.0,173.0,53.0
58,43,5.0,0.0,2.0,[57 59],173.0,53.0,105.0,43.0,152.0,29.0,391.0,120.0,244.0,105.0
58,44,5.0,0.0,2.0,[57 59],244.0,105.0,152.0,29.0,173.0,53.0,493.0,140.0,391.0,120.0
58,45,5.0,0.0,2.0,[57 59],391.0,120.0,173.0,53.0,244.0,105.0,538.0,170.0,493.0,140.0
58,46,5.0,0.0,2.0,[57 59],493.0,140.0,244.0,105.0,391.0,120.0,550.0,244.0,538.0,170.0
58,47,5.0,0.0,2.0,[57 59],538.0,170.0,391.0,120.0,493.0,140.0,609.0,254.0,550.0,244.0
58,48,5.0,0.0,2.0,[57 59],550.0,244.0,493.0,140.0,538.0,170.0,539.0,214.0,609.0,254.0
58,49,5.0,0.0,2.0,[57 59],609.0,254.0,538.0,170.0,550.0,244.0,350.0,314.0,539.0,214.0
58,50,5.0,0.0,2.0,[57 59],539.0,214.0,550.0,244.0,609.0,254.0,379.0,325.0,350.0,314.0
58,51,5.0,0.0,2.0,[57 59],350.0,314.0,609.0,254.0,539.0,214.0,292.0,219.0,379.0,325.0
58,52,5.0,0.0,2.0,[57 59],379.0,325.0,539.0,214.0,350.0,314.0,213.0,226.0,292.0,219.0
58,53,5.0,0.0,2.0,[57 59],292.0,219.0,350.0,314.0,379.0,325.0,196.0,171.0,213.0,226.0
58,54,5.0,0.0,2.0,[57 59],213.0,226.0,379.0,325.0,292.0,219.0,162.0,140.0,196.0,171.0
58,55,5.0,0.0,2.0,[57 59],196.0,171.0,292.0,219.0,213.0,226.0,116.0,164.0,162.0,140.0
58,56,5.0,0.0,2.0,[57 59],162.0,140.0,213.0,226.0,196.0,171.0,106.0,147.0,116.0,164.0
58,57,5.0,0.0,2.0,[57 59],116.0,164.0,196.0,171.0,162.0,140.0,140.0,118.0,106.0,147.0
58,58,5.0,0.0,2.0,[57 59],106.0,147.0,162.0,140.0,116.0,164.0,111.0,73.0,140.0,118.0
58,59,5.0,0.0,2.0,[57 59],140.0,118.0,116.0,164.0,106.0,147.0,81.0,78.0,111.0,73.0
58,60,5.0,0.0,2.0,[57 59],111.0,73.0,106.0,147.0,140.0,118.0,80.0,79.0,81.0,78.0
58,61,5.0,0.0,2.0,[57 59],81.0,78.0,140.0,118.0,111.0,73.0,80.0,73.0,80.0,79.0
58,62,5.0,0.0,2.0,[57 59],80.0,79.0,111.0,73.0,81.0,78.0,71.0,60.0,80.0,73.0
58,63,5.0,0.0,2.0,[57 59],80.0,73.0,81.0,78.0,80.0,79.0,71.0,75.0,71.0,60.0
58,64,5.0,0.0,2.0,[57 59],71.0,60.0,80.0,79.0,80.0,73.0,70.0,63.0,71.0,75.0
58,65,5.0,0.0,2.0,[57 59],71.0,75.0,80.0,73.0,71.0,60.0,73.0,56.0,70.0,63.0
58,66,5.0,0.0,2.0,[57 59],70.0,63.0,71.0,60.0,71.0,75.0,66.0,98.0,73.0,56.0
58,67,5.0,0.0,2.0,[57 59],73.0,56.0,71.0,75.0,70.0,63.0,63.0,76.0,66.0,98.0
58,68,5.0,0.0,2.0,[57 59],66.0,98.0,70.0,63.0,73.0,56.0,68.0,56.0,63.0,76.0
58,69,5.0,0.0,2.0,[57 59],63.0,76.0,73.0,56.0,66.0,98.0,69.0,71.0,68.0,56.0
58,70,5.0,0.0,2.0,[57 59],68.0,56.0,66.0,98.0,63.0,76.0,77.0,82.0,69.0,71.0
58,71,5.0,0.0,2.0,[57 59],69.0,71.0,63.0,76.0,68.0,56.0,102.0,71.0,77.0,82.0
58,72,5.0,0.0,2.0,[57 59],77.0,82.0,68.0,56.0,69.0,71.0,102.0,75.0,102.0,71.0
58,73,5.0,0.0,2.0,[57 59],102.0,71.0,69.0,71.0,77.0,82.0,82.0,62.0,102.0,75.0
58,74,5.0,0.0,2.0,[57 59],102.0,75.0,77.0,82.0,102.0,71.0,100.0,77.0,82.0,62.0
58,75,5.0,0.0,2.0,[57 59],82.0,62.0,102.0,71.0,102.0,75.0,100.0,66.0,100.0,77.0
58,76,5.0,0.0,2.0,[57 59],100.0,77.0,102.0,75.0,82.0,62.0,118.0,87.0,100.0,66.0
58,77,5.0,0.0,2.0,[57 59],100.0,66.0,82.0,62.0,100.0,77.0,89.0,73.0,118.0,87.0
58,78,5.0,0.0,2.0,[57 59],118.0,87.0,100.0,77.0,100.0,66.0,98.0,77.0,89.0,73.0
58,79,5.0,0.0,2.0,[57 59],89.0,73.0,100.0,66.0,118.0,87.0,84.0,66.0,98.0,77.0
58,80,5.0,0.0,2.0,[57 59],98.0,77.0,118.0,87.0,89.0,73.0,92.0,80.0,84.0,66.0
58,81,5.0,0.0,2.0,[57 59],84.0,66.0,89.0,73.0,98.0,77.0,96.0,77.0,92.0,80.0
58,82,5.0,0.0,2.0,[57 59],92.0,80.0,98.0,77.0,84.0,66.0,56.0,49.0,96.0,77.0
58,83,5.0,0.0,2.0,[57 59],96.0,77.0,84.0,66.0,92.0,80.0,108.0,97.0,56.0,49.0
58,84,5.0,0.0,2.0,[57 59],56.0,49.0,92.0,80.0,96.0,77.0,96.0,82.0,108.0,97.0
58,85,5.0,0.0,2.0,[57 59],108.0,97.0,96.0,77.0,56.0,49.0,80.0,92.0,96.0,82.0
58,86,5.0,0.0,2.0,[57 59],96.0,82.0,56.0,49.0,108.0,97.0,91.0,84.0,80.0,92.0
58,87,5.0,0.0,2.0,[57 59],80.0,92.0,108.0,97.0,96.0,82.0,61.0,78.0,91.0,84.0
58,88,5.0,0.0,2.0,[57 59],91.0,84.0,96.0,82.0,80.0,92.0,102.0,79.0,61.0,78.0
58,89,5.0,0.0,2.0,[57 59],61.0,78.0,80.0,92.0,91.0,84.0,110.0,98.0,102.0,79.0
58,90,5.0,0.0,2.0,[57 59],102.0,79.0,91.0,84.0,61.0,78.0,98.0,116.0,110.0,98.0
58,91,5.0,0.0,2.0,[57 59],110.0,98.0,61.0,78.0,102.0,79.0,123.0,85.0,98.0,116.0
58,92,5.0,0.0,2.0,[57 59],98.0,116.0,102.0,79.0,110.0,98.0,101.0,106.0,123.0,85.0
58,93,5.0,0.0,2.0,[57 59],123.0,85.0,110.0,98.0,98.0,116.0,87.0,155.0,101.0,106.0
58,94,5.0,0.0,2.0,[57 59],101.0,106.0,98.0,116.0,123.0,85.0,128.0,126.0,87.0,155.0
58,95,5.0,0.0,2.0,[57 59],87.0,155.0,123.0,85.0,101.0,106.0,110.0,138.0,128.0,126.0
58,96,5.0,0.0,2.0,[57 59],128.0,126.0,101.0,106.0,87.0,155.0,130.0,97.0,110.0,138.0
58,97,5.0,0.0,2.0,[57 59],110.0,138.0,87.0,155.0,128.0,126.0,126.0,143.0,130.0,97.0
58,98,5.0,0.0,2.0,[57 59],130.0,97.0,128.0,126.0,110.0,138.0,163.0,136.0,126.0,143.0
58,99,5.0,0.0,2.0,[57 59],126.0,143.0,110.0,138.0,130.0,97.0,155.0,136.0,163.0,136.0
58,100,5.0,0.0,2.0,[57 59],163.0,136.0,130.0,97.0,126.0,143.0,173.0,176.0,155.0,136.0
58,101,5.0,0.0,2.0,[57 59],155.0,136.0,126.0,143.0,163.0,136.0,198.0,170.0,173.0,176.0
58,102,5.0,0.0,2.0,[57 59],173.0,176.0,163.0,136.0,155.0,136.0,234.0,199.0,198.0,170.0
58,103,5.0,0.0,2.0,[57 59],198.0,170.0,155.0,136.0,173.0,176.0,203.0,254.0,234.0,199.0
58,104,5.0,0.0,2.0,[57 59],234.0,199.0,173.0,176.0,198.0,170.0,239.0,325.0,203.0,254.0
58,105,5.0,0.0,2.0,[57 59],203.0,254.0,198.0,170.0,234.0,199.0,236.0,349.0,239.0,325.0
58,106,5.0,0.0,2.0,[57 59],239.0,325.0,234.0,199.0,203.0,254.0,242.0,313.0,236.0,349.0
58,107,5.0,0.0,2.0,[57 59],236.0,349.0,203.0,254.0,239.0,325.0,280.0,385.0,242.0,313.0
58,108,5.0,0.0,2.0,[57 59],242.0,313.0,239.0,325.0,236.0,349.0,262.0,333.0,280.0,385.0
58,109,5.0,0.0,2.0,[57 59],280.0,385.0,236.0,349.0,242.0,313.0,257.0,383.0,262.0,333.0
58,110,5.0,0.0,2.0,[57 59],262.0,333.0,242.0,313.0,280.0,385.0,224.0,361.0,257.0,383.0
58,111,5.0,0.0,2.0,[57 59],257.0,383.0,280.0,385.0,262.0,333.0,177.0,305.0,224.0,361.0
58,112,5.0,0.0,2.0,[57 59],224.0,361.0,262.0,333.0,257.0,383.0,203.0,252.0,177.0,305.0
58,113,5.0,0.0,2.0,[57 59],177.0,305.0,257.0,383.0,224.0,361.0,190.0,311.0,203.0,252.0
58,114,5.0,0.0,2.0,[57 59],203.0,252.0,224.0,361.0,177.0,305.0,146.0,212.0,190.0,311.0
58,115,5.0,0.0,2.0,[57 59],190.0,311.0,177.0,305.0,203.0,252.0,139.0,219.0,146.0,212.0
58,116,5.0,0.0,2.0,[57 59],146.0,212.0,203.0,252.0,190.0,311.0,144.0,243.0,139.0,219.0
58,117,5.0,0.0,2.0,[57 59],139.0,219.0,190.0,311.0,146.0,212.0,133.0,177.0,144.0,243.0
58,118,5.0,0.0,2.0,[57 59],144.0,243.0,146.0,212.0,139.0,219.0,122.0,155.0,133.0,177.0
58,119,5.0,0.0,2.0,[57 59],133.0,177.0,139.0,219.0,144.0,243.0,122.0,169.0,122.0,155.0
58,120,5.0,0.0,2.0,[57 59],122.0,155.0,144.0,243.0,133.0,177.0,109.0,164.0,122.0,169.0
58,121,5.0,0.0,2.0,[57 59],122.0,169.0,133.0,177.0,122.0,155.0,111.0,172.0,109.0,164.0
58,122,5.0,0.0,2.0,[57 59],109.0,164.0,122.0,155.0,122.0,169.0,117.0,162.0,111.0,172.0
58,123,5.0,0.0,2.0,[57 59],111.0,172.0,122.0,169.0,109.0,164.0,118.0,229.0,117.0,162.0
58,124,5.0,0.0,2.0,[57 59],117.0,162.0,109.0,164.0,111.0,172.0,130.0,203.0,118.0,229.0
58,125,5.0,0.0,2.0,[57 59],118.0,229.0,111.0,172.0,117.0,162.0,85.0,212.0,130.0,203.0
58,126,5.0,0.0,2.0,[57 59],130.0,203.0,117.0,162.0,118.0,229.0,103.0,109.0,85.0,212.0
58,127,5.0,0.0,2.0,[57 59],85.0,212.0,118.0,229.0,130.0,203.0,90.0,216.0,103.0,109.0
58,128,5.0,0.0,2.0,[57 59],103.0,109.0,130.0,203.0,85.0,212.0,92.0,161.0,90.0,216.0
58,129,5.0,0.0,2.0,[57 59],90.0,216.0,85.0,212.0,103.0,109.0,69.0,165.0,92.0,161.0
58,130,5.0,0.0,2.0,[57 59],92.0,161.0,103.0,109.0,90.0,216.0,69.0,82.0,69.0,165.0
58,131,5.0,0.0,2.0,[57 59],69.0,165.0,90.0,216.0,92.0,161.0,51.0,113.0,69.0,82.0
58,132,5.0,0.0,2.0,[57 59],69.0,82.0,92.0,161.0,69.0,165.0,54.0,137.0,51.0,113.0
58,133,5.0,0.0,2.0,[57 59],51.0,113.0,69.0,165.0,69.0,82.0,35.0,97.0,54.0,137.0
58,134,5.0,0.0,2.0,[57 59],54.0,137.0,69.0,82.0,51.0,113.0,35.0,116.0,35.0,97.0
58,135,5.0,0.0,2.0,[57 59],35.0,97.0,51.0,113.0,54.0,137.0,20.0,77.0,35.0,116.0
58,136,5.0,0.0,2.0,[57 59],35.0,116.0,54.0,137.0,35.0,97.0,16.0,96.0,20.0,77.0
58,137,5.0,0.0,2.0,[57 59],20.0,77.0,35.0,97.0,35.0,116.0,5.0,35.0,16.0,96.0
58,138,5.0,0.0,2.0,[57 59],16.0,96.0,35.0,116.0,20.0,77.0,3.0,72.0,5.0,35.0
58,139,5.0,0.0,2.0,[57 59],5.0,35.0,20.0,77.0,16.0,96.0,1.0,31.0,3.0,72.0
58,140,5.0,0.0,2.0,[57 59],3.0,72.0,16.0,96.0,5.0,35.0,0.0,14.0,1.0,31.0
58,141,5.0,0.0,2.0,[57 59],1.0,31.0,5.0,35.0,3.0,72.0,0.0,0.0,0.0,14.0
58,142,5.0,0.0,2.0,[57 59],0.0,14.0,3.0,72.0,1.0,31.0,0.0,0.0,0.0,0.0
58,143,5.0,0.0,2.0,[57 59],0.0,0.0,1.0,31.0,0.0,14.0,0.0,0.0,0.0,0.0
59,0,5.0,0.0,2.0,[58 60],0.0,1.0,0.0,0.0,0.0,0.0,2.0,1.0,0.0,0.0
59,1,5.0,0.0,2.0,[58 60],0.0,0.0,0.0,0.0,0.0,1.0,3.0,1.0,2.0,1.0
59,2,5.0,0.0,2.0,[58 60],2.0,1.0,0.0,1.0,0.0,0.0,0.0,3.0,3.0,1.0
59,3,5.0,0.0,2.0,[58 60],3.0,1.0,0.0,0.0,2.0,1.0,0.0,0.0,0.0,3.0
59,4,5.0,0.0,2.0,[58 60],0.0,3.0,2.0,1.0,3.0,1.0,1.0,2.0,0.0,0.0
59,5,5.0,0.0,2.0,[58 60],0.0,0.0,3.0,1.0,0.0,3.0,1.0,0.0,1.0,2.0
59,6,5.0,0.0,2.0,[58 60],1.0,2.0,0.0,3.0,0.0,0.0,0.0,0.0,1.0,0.0
59,7,5.0,0.0,2.0,[58 60],1.0,0.0,0.0,0.0,1.0,2.0,0.0,0.0,0.0,0.0
59,8,5.0,0.0,2.0,[58 60],0.0,0.0,1.0,2.0,1.0,0.0,0.0,0.0,0.0,0.0
59,9,5.0,0.0,2.0,[58 60],0.0,0.0,1.0,0.0,0.0,0.0,0.0,0.0,0.0,0.0
59,10,5.0,0.0,2.0,[58 60],0.0,0.0,0.0,0.0,0.0,0.0,0.0,0.0,0.0,0.0
59,11,5.0,0.0,2.0,[58 60],0.0,0.0,0.0,0.0,0.0,0.0,0.0,0.0,0.0,0.0
59,12,5.0,0.0,2.0,[58 60],0.0,0.0,0.0,0.0,0.0,0.0,0.0,1.0,0.0,0.0
59,13,5.0,0.0,2.0,[58 60],0.0,0.0,0.0,0.0,0.0,0.0,1.0,1.0,0.0,1.0
59,14,5.0,0.0,2.0,[58 60],0.0,1.0,0.0,0.0,0.0,0.0,0.0,0.0,1.0,1.0
59,15,5.0,0.0,2.0,[58 60],1.0,1.0,0.0,0.0,0.0,1.0,0.0,0.0,0.0,0.0
59,16,5.0,0.0,2.0,[58 60],0.0,0.0,0.0,1.0,1.0,1.0,0.0,0.0,0.0,0.0
59,17,5.0,0.0,2.0,[58 60],0.0,0.0,1.0,1.0,0.0,0.0,0.0,0.0,0.0,0.0
59,18,5.0,0.0,2.0,[58 60],0.0,0.0,0.0,0.0,0.0,0.0,0.0,0.0,0.0,0.0
59,19,5.0,0.0,2.0,[58 60],0.0,0.0,0.0,0.0,0.0,0.0,0.0,0.0,0.0,0.0
59,20,5.0,0.0,2.0,[58 60],0.0,0.0,0.0,0.0,0.0,0.0,0.0,0.0,0.0,0.0
59,21,5.0,0.0,2.0,[58 60],0.0,0.0,0.0,0.0,0.0,0.0,0.0,0.0,0.0,0.0
59,22,5.0,0.0,2.0,[58 60],0.0,0.0,0.0,0.0,0.0,0.0,0.0,0.0,0.0,0.0
59,23,5.0,0.0,2.0,[58 60],0.0,0.0,0.0,0.0,0.0,0.0,0.0,0.0,0.0,0.0
59,24,5.0,0.0,2.0,[58 60],0.0,0.0,0.0,0.0,0.0,0.0,2.0,0.0,0.0,0.0
59,25,5.0,0.0,2.0,[58 60],0.0,0.0,0.0,0.0,0.0,0.0,0.0,0.0,2.0,0.0
59,26,5.0,0.0,2.0,[58 60],2.0,0.0,0.0,0.0,0.0,0.0,0.0,0.0,0.0,0.0
59,27,5.0,0.0,2.0,[58 60],0.0,0.0,0.0,0.0,2.0,0.0,0.0,1.0,0.0,0.0
59,28,5.0,0.0,2.0,[58 60],0.0,0.0,2.0,0.0,0.0,0.0,0.0,0.0,0.0,1.0
59,29,5.0,0.0,2.0,[58 60],0.0,1.0,0.0,0.0,0.0,0.0,0.0,0.0,0.0,0.0
59,30,5.0,0.0,2.0,[58 60],0.0,0.0,0.0,0.0,0.0,1.0,1.0,0.0,0.0,0.0
59,31,5.0,0.0,2.0,[58 60],0.0,0.0,0.0,1.0,0.0,0.0,0.0,0.0,1.0,0.0
59,32,5.0,0.0,2.0,[58 60],1.0,0.0,0.0,0.0,0.0,0.0,1.0,1.0,0.0,0.0
59,33,5.0,0.0,2.0,[58 60],0.0,0.0,0.0,0.0,1.0,0.0,10.0,0.0,1.0,1.0
59,34,5.0,0.0,2.0,[58 60],1.0,1.0,1.0,0.0,0.0,0.0,24.0,2.0,10.0,0.0
59,35,5.0,0.0,2.0,[58 60],10.0,0.0,0.0,0.0,1.0,1.0,21.0,2.0,24.0,2.0
59,36,5.0,0.0,2.0,[58 60],24.0,2.0,1.0,1.0,10.0,0.0,33.0,6.0,21.0,2.0
59,37,5.0,0.0,2.0,[58 60],21.0,2.0,10.0,0.0,24.0,2.0,51.0,9.0,33.0,6.0
59,38,5.0,0.0,2.0,[58 60],33.0,6.0,24.0,2.0,21.0,2.0,50.0,21.0,51.0,9.0
59,39,5.0,0.0,2.0,[58 60],51.0,9.0,21.0,2.0,33.0,6.0,88.0,57.0,50.0,21.0
59,40,5.0,0.0,2.0,[58 60],50.0,21.0,33.0,6.0,51.0,9.0,99.0,50.0,88.0,57.0
59,41,5.0,0.0,2.0,[58 60],88.0,57.0,51.0,9.0,50.0,21.0,173.0,52.0,99.0,50.0
59,42,5.0,0.0,2.0,[58 60],99.0,50.0,50.0,21.0,88.0,57.0,276.0,45.0,173.0,52.0
59,43,5.0,0.0,2.0,[58 60],173.0,52.0,88.0,57.0,99.0,50.0,317.0,59.0,276.0,45.0
59,44,5.0,0.0,2.0,[58 60],276.0,45.0,99.0,50.0,173.0,52.0,495.0,97.0,317.0,59.0
59,45,5.0,0.0,2.0,[58 60],317.0,59.0,173.0,52.0,276.0,45.0,471.0,159.0,495.0,97.0
59,46,5.0,0.0,2.0,[58 60],495.0,97.0,276.0,45.0,317.0,59.0,483.0,185.0,471.0,159.0
59,47,5.0,0.0,2.0,[58 60],471.0,159.0,317.0,59.0,495.0,97.0,397.0,334.0,483.0,185.0
59,48,5.0,0.0,2.0,[58 60],483.0,185.0,495.0,97.0,471.0,159.0,352.0,343.0,397.0,334.0
59,49,5.0,0.0,2.0,[58 60],397.0,334.0,471.0,159.0,483.0,185.0,287.0,398.0,352.0,343.0
59,50,5.0,0.0,2.0,[58 60],352.0,343.0,483.0,185.0,397.0,334.0,223.0,465.0,287.0,398.0
59,51,5.0,0.0,2.0,[58 60],287.0,398.0,397.0,334.0,352.0,343.0,201.0,466.0,223.0,465.0
59,52,5.0,0.0,2.0,[58 60],223.0,465.0,352.0,343.0,287.0,398.0,179.0,480.0,201.0,466.0
59,53,5.0,0.0,2.0,[58 60],201.0,466.0,287.0,398.0,223.0,465.0,170.0,347.0,179.0,480.0
59,54,5.0,0.0,2.0,[58 60],179.0,480.0,223.0,465.0,201.0,466.0,145.0,269.0,170.0,347.0
59,55,5.0,0.0,2.0,[58 60],170.0,347.0,201.0,466.0,179.0,480.0,129.0,225.0,145.0,269.0
59,56,5.0,0.0,2.0,[58 60],145.0,269.0,179.0,480.0,170.0,347.0,113.0,181.0,129.0,225.0
59,57,5.0,0.0,2.0,[58 60],129.0,225.0,170.0,347.0,145.0,269.0,87.0,140.0,113.0,181.0
59,58,5.0,0.0,2.0,[58 60],113.0,181.0,145.0,269.0,129.0,225.0,73.0,128.0,87.0,140.0
59,59,5.0,0.0,2.0,[58 60],87.0,140.0,129.0,225.0,113.0,181.0,62.0,115.0,73.0,128.0
59,60,5.0,0.0,2.0,[58 60],73.0,128.0,113.0,181.0,87.0,140.0,80.0,83.0,62.0,115.0
59,61,5.0,0.0,2.0,[58 60],62.0,115.0,87.0,140.0,73.0,128.0,80.0,94.0,80.0,83.0
59,62,5.0,0.0,2.0,[58 60],80.0,83.0,73.0,128.0,62.0,115.0,69.0,82.0,80.0,94.0
59,63,5.0,0.0,2.0,[58 60],80.0,94.0,62.0,115.0,80.0,83.0,66.0,90.0,69.0,82.0
59,64,5.0,0.0,2.0,[58 60],69.0,82.0,80.0,83.0,80.0,94.0,72.0,63.0,66.0,90.0
59,65,5.0,0.0,2.0,[58 60],66.0,90.0,80.0,94.0,69.0,82.0,64.0,54.0,72.0,63.0
59,66,5.0,0.0,2.0,[58 60],72.0,63.0,69.0,82.0,66.0,90.0,67.0,98.0,64.0,54.0
59,67,5.0,0.0,2.0,[58 60],64.0,54.0,66.0,90.0,72.0,63.0,61.0,78.0,67.0,98.0
59,68,5.0,0.0,2.0,[58 60],67.0,98.0,72.0,63.0,64.0,54.0,57.0,92.0,61.0,78.0
59,69,5.0,0.0,2.0,[58 60],61.0,78.0,64.0,54.0,67.0,98.0,68.0,69.0,57.0,92.0
59,70,5.0,0.0,2.0,[58 60],57.0,92.0,67.0,98.0,61.0,78.0,81.0,86.0,68.0,69.0
59,71,5.0,0.0,2.0,[58 60],68.0,69.0,61.0,78.0,57.0,92.0,99.0,95.0,81.0,86.0
59,72,5.0,0.0,2.0,[58 60],81.0,86.0,57.0,92.0,68.0,69.0,98.0,77.0,99.0,95.0
59,73,5.0,0.0,2.0,[58 60],99.0,95.0,68.0,69.0,81.0,86.0,87.0,119.0,98.0,77.0
59,74,5.0,0.0,2.0,[58 60],98.0,77.0,81.0,86.0,99.0,95.0,81.0,87.0,87.0,119.0
59,75,5.0,0.0,2.0,[58 60],87.0,119.0,99.0,95.0,98.0,77.0,99.0,83.0,81.0,87.0
59,76,5.0,0.0,2.0,[58 60],81.0,87.0,98.0,77.0,87.0,119.0,105.0,104.0,99.0,83.0
59,77,5.0,0.0,2.0,[58 60],99.0,83.0,87.0,119.0,81.0,87.0,86.0,87.0,105.0,104.0
59,78,5.0,0.0,2.0,[58 60],105.0,104.0,81.0,87.0,99.0,83.0,80.0,92.0,86.0,87.0
59,79,5.0,0.0,2.0,[58 60],86.0,87.0,99.0,83.0,105.0,104.0,99.0,102.0,80.0,92.0
59,80,5.0,0.0,2.0,[58 60],80.0,92.0,105.0,104.0,86.0,87.0,90.0,94.0,99.0,102.0
59,81,5.0,0.0,2.0,[58 60],99.0,102.0,86.0,87.0,80.0,92.0,89.0,92.0,90.0,94.0
59,82,5.0,0.0,2.0,[58 60],90.0,94.0,80.0,92.0,99.0,102.0,88.0,80.0,89.0,92.0
59,83,5.0,0.0,2.0,[58 60],89.0,92.0,99.0,102.0,90.0,94.0,94.0,59.0,88.0,80.0
59,84,5.0,0.0,2.0,[58 60],88.0,80.0,90.0,94.0,89.0,92.0,85.0,83.0,94.0,59.0
59,85,5.0,0.0,2.0,[58 60],94.0,59.0,89.0,92.0,88.0,80.0,92.0,95.0,85.0,83.0
59,86,5.0,0.0,2.0,[58 60],85.0,83.0,88.0,80.0,94.0,59.0,77.0,106.0,92.0,95.0
59,87,5.0,0.0,2.0,[58 60],92.0,95.0,94.0,59.0,85.0,83.0,85.0,84.0,77.0,106.0
59,88,5.0,0.0,2.0,[58 60],77.0,106.0,85.0,83.0,92.0,95.0,99.0,106.0,85.0,84.0
59,89,5.0,0.0,2.0,[58 60],85.0,84.0,92.0,95.0,77.0,106.0,100.0,117.0,99.0,106.0
59,90,5.0,0.0,2.0,[58 60],99.0,106.0,77.0,106.0,85.0,84.0,94.0,118.0,100.0,117.0
59,91,5.0,0.0,2.0,[58 60],100.0,117.0,85.0,84.0,99.0,106.0,93.0,126.0,94.0,118.0
59,92,5.0,0.0,2.0,[58 60],94.0,118.0,99.0,106.0,100.0,117.0,137.0,112.0,93.0,126.0
59,93,5.0,0.0,2.0,[58 60],93.0,126.0,100.0,117.0,94.0,118.0,70.0,117.0,137.0,112.0
59,94,5.0,0.0,2.0,[58 60],137.0,112.0,94.0,118.0,93.0,126.0,96.0,130.0,70.0,117.0
59,95,5.0,0.0,2.0,[58 60],70.0,117.0,93.0,126.0,137.0,112.0,109.0,110.0,96.0,130.0
59,96,5.0,0.0,2.0,[58 60],96.0,130.0,137.0,112.0,70.0,117.0,121.0,137.0,109.0,110.0
59,97,5.0,0.0,2.0,[58 60],109.0,110.0,70.0,117.0,96.0,130.0,120.0,171.0,121.0,137.0
59,98,5.0,0.0,2.0,[58 60],121.0,137.0,96.0,130.0,109.0,110.0,144.0,121.0,120.0,171.0
59,99,5.0,0.0,2.0,[58 60],120.0,171.0,109.0,110.0,121.0,137.0,128.0,143.0,144.0,121.0
59,100,5.0,0.0,2.0,[58 60],144.0,121.0,121.0,137.0,120.0,171.0,160.0,157.0,128.0,143.0
59,101,5.0,0.0,2.0,[58 60],128.0,143.0,120.0,171.0,144.0,121.0,203.0,176.0,160.0,157.0
59,102,5.0,0.0,2.0,[58 60],160.0,157.0,144.0,121.0,128.0,143.0,236.0,171.0,203.0,176.0
59,103,5.0,0.0,2.0,[58 60],203.0,176.0,128.0,143.0,160.0,157.0,239.0,297.0,236.0,171.0
59,104,5.0,0.0,2.0,[58 60],236.0,171.0,160.0,157.0,203.0,176.0,287.0,222.0,239.0,297.0
59,105,5.0,0.0,2.0,[58 60],239.0,297.0,203.0,176.0,236.0,171.0,265.0,320.0,287.0,222.0
59,106,5.0,0.0,2.0,[58 60],287.0,222.0,236.0,171.0,239.0,297.0,218.0,393.0,265.0,320.0
59,107,5.0,0.0,2.0,[58 60],265.0,320.0,239.0,297.0,287.0,222.0,333.0,388.0,218.0,393.0
59,108,5.0,0.0,2.0,[58 60],218.0,393.0,287.0,222.0,265.0,320.0,355.0,417.0,333.0,388.0
59,109,5.0,0.0,2.0,[58 60],333.0,388.0,265.0,320.0,218.0,393.0,243.0,311.0,355.0,417.0
59,110,5.0,0.0,2.0,[58 60],355.0,417.0,218.0,393.0,333.0,388.0,277.0,331.0,243.0,311.0
59,111,5.0,0.0,2.0,[58 60],243.0,311.0,333.0,388.0,355.0,417.0,224.0,254.0,277.0,331.0
59,112,5.0,0.0,2.0,[58 60],277.0,331.0,355.0,417.0,243.0,311.0,233.0,213.0,224.0,254.0
59,113,5.0,0.0,2.0,[58 60],224.0,254.0,243.0,311.0,277.0,331.0,216.0,183.0,233.0,213.0
59,114,5.0,0.0,2.0,[58 60],233.0,213.0,277.0,331.0,224.0,254.0,185.0,198.0,216.0,183.0
59,115,5.0,0.0,2.0,[58 60],216.0,183.0,224.0,254.0,233.0,213.0,195.0,219.0,185.0,198.0
59,116,5.0,0.0,2.0,[58 60],185.0,198.0,233.0,213.0,216.0,183.0,161.0,121.0,195.0,219.0
59,117,5.0,0.0,2.0,[58 60],195.0,219.0,216.0,183.0,185.0,198.0,160.0,166.0,161.0,121.0
59,118,5.0,0.0,2.0,[58 60],161.0,121.0,185.0,198.0,195.0,219.0,154.0,182.0,160.0,166.0
59,119,5.0,0.0,2.0,[58 60],160.0,166.0,195.0,219.0,161.0,121.0,150.0,115.0,154.0,182.0
59,120,5.0,0.0,2.0,[58 60],154.0,182.0,161.0,121.0,160.0,166.0,145.0,162.0,150.0,115.0
59,121,5.0,0.0,2.0,[58 60],150.0,115.0,160.0,166.0,154.0,182.0,160.0,129.0,145.0,162.0
59,122,5.0,0.0,2.0,[58 60],145.0,162.0,154.0,182.0,150.0,115.0,204.0,127.0,160.0,129.0
59,123,5.0,0.0,2.0,[58 60],160.0,129.0,150.0,115.0,145.0,162.0,188.0,148.0,204.0,127.0
59,124,5.0,0.0,2.0,[58 60],204.0,127.0,145.0,162.0,160.0,129.0,162.0,166.0,188.0,148.0
59,125,5.0,0.0,2.0,[58 60],188.0,148.0,160.0,129.0,204.0,127.0,164.0,126.0,162.0,166.0
59,126,5.0,0.0,2.0,[58 60],162.0,166.0,204.0,127.0,188.0,148.0,181.0,133.0,164.0,126.0
59,127,5.0,0.0,2.0,[58 60],164.0,126.0,188.0,148.0,162.0,166.0,118.0,132.0,181.0,133.0
59,128,5.0,0.0,2.0,[58 60],181.0,133.0,162.0,166.0,164.0,126.0,154.0,120.0,118.0,132.0
59,129,5.0,0.0,2.0,[58 60],118.0,132.0,164.0,126.0,181.0,133.0,120.0,118.0,154.0,120.0
59,130,5.0,0.0,2.0,[58 60],154.0,120.0,181.0,133.0,118.0,132.0,85.0,103.0,120.0,118.0
59,131,5.0,0.0,2.0,[58 60],120.0,118.0,118.0,132.0,154.0,120.0,121.0,107.0,85.0,103.0
59,132,5.0,0.0,2.0,[58 60],85.0,103.0,154.0,120.0,120.0,118.0,87.0,64.0,121.0,107.0
59,133,5.0,0.0,2.0,[58 60],121.0,107.0,120.0,118.0,85.0,103.0,64.0,91.0,87.0,64.0
59,134,5.0,0.0,2.0,[58 60],87.0,64.0,85.0,103.0,121.0,107.0,63.0,87.0,64.0,91.0
59,135,5.0,0.0,2.0,[58 60],64.0,91.0,121.0,107.0,87.0,64.0,41.0,57.0,63.0,87.0
59,136,5.0,0.0,2.0,[58 60],63.0,87.0,87.0,64.0,64.0,91.0,15.0,61.0,41.0,57.0
59,137,5.0,0.0,2.0,[58 60],41.0,57.0,64.0,91.0,63.0,87.0,18.0,60.0,15.0,61.0
59,138,5.0,0.0,2.0,[58 60],15.0,61.0,63.0,87.0,41.0,57.0,3.0,16.0,18.0,60.0
59,139,5.0,0.0,2.0,[58 60],18.0,60.0,41.0,57.0,15.0,61.0,15.0,36.0,3.0,16.0
59,140,5.0,0.0,2.0,[58 60],3.0,16.0,15.0,61.0,18.0,60.0,2.0,13.0,15.0,36.0
59,141,5.0,0.0,2.0,[58 60],15.0,36.0,18.0,60.0,3.0,16.0,0.0,2.0,2.0,13.0
59,142,5.0,0.0,2.0,[58 60],2.0,13.0,3.0,16.0,15.0,36.0,0.0,0.0,0.0,2.0
59,143,5.0,0.0,2.0,[58 60],0.0,2.0,15.0,36.0,2.0,13.0,0.0,0.0,0.0,0.0
60,0,5.0,0.0,2.0,[59 61],0.0,0.0,0.0,0.0,0.0,0.0,0.0,0.0,0.0,0.0
60,1,5.0,0.0,2.0,[59 61],0.0,0.0,0.0,0.0,0.0,0.0,0.0,0.0,0.0,0.0
60,2,5.0,0.0,2.0,[59 61],0.0,0.0,0.0,0.0,0.0,0.0,0.0,0.0,0.0,0.0
60,3,5.0,0.0,2.0,[59 61],0.0,0.0,0.0,0.0,0.0,0.0,0.0,0.0,0.0,0.0
60,4,5.0,0.0,2.0,[59 61],0.0,0.0,0.0,0.0,0.0,0.0,0.0,0.0,0.0,0.0
60,5,5.0,0.0,2.0,[59 61],0.0,0.0,0.0,0.0,0.0,0.0,0.0,0.0,0.0,0.0
60,6,5.0,0.0,2.0,[59 61],0.0,0.0,0.0,0.0,0.0,0.0,0.0,0.0,0.0,0.0
60,7,5.0,0.0,2.0,[59 61],0.0,0.0,0.0,0.0,0.0,0.0,0.0,0.0,0.0,0.0
60,8,5.0,0.0,2.0,[59 61],0.0,0.0,0.0,0.0,0.0,0.0,0.0,0.0,0.0,0.0
60,9,5.0,0.0,2.0,[59 61],0.0,0.0,0.0,0.0,0.0,0.0,0.0,0.0,0.0,0.0
60,10,5.0,0.0,2.0,[59 61],0.0,0.0,0.0,0.0,0.0,0.0,0.0,0.0,0.0,0.0
60,11,5.0,0.0,2.0,[59 61],0.0,0.0,0.0,0.0,0.0,0.0,0.0,0.0,0.0,0.0
60,12,5.0,0.0,2.0,[59 61],0.0,0.0,0.0,0.0,0.0,0.0,0.0,0.0,0.0,0.0
60,13,5.0,0.0,2.0,[59 61],0.0,0.0,0.0,0.0,0.0,0.0,0.0,0.0,0.0,0.0
60,14,5.0,0.0,2.0,[59 61],0.0,0.0,0.0,0.0,0.0,0.0,0.0,0.0,0.0,0.0
60,15,5.0,0.0,2.0,[59 61],0.0,0.0,0.0,0.0,0.0,0.0,0.0,0.0,0.0,0.0
60,16,5.0,0.0,2.0,[59 61],0.0,0.0,0.0,0.0,0.0,0.0,0.0,0.0,0.0,0.0
60,17,5.0,0.0,2.0,[59 61],0.0,0.0,0.0,0.0,0.0,0.0,0.0,0.0,0.0,0.0
60,18,5.0,0.0,2.0,[59 61],0.0,0.0,0.0,0.0,0.0,0.0,0.0,0.0,0.0,0.0
60,19,5.0,0.0,2.0,[59 61],0.0,0.0,0.0,0.0,0.0,0.0,0.0,0.0,0.0,0.0
60,20,5.0,0.0,2.0,[59 61],0.0,0.0,0.0,0.0,0.0,0.0,0.0,0.0,0.0,0.0
60,21,5.0,0.0,2.0,[59 61],0.0,0.0,0.0,0.0,0.0,0.0,0.0,0.0,0.0,0.0
60,22,5.0,0.0,2.0,[59 61],0.0,0.0,0.0,0.0,0.0,0.0,0.0,0.0,0.0,0.0
60,23,5.0,0.0,2.0,[59 61],0.0,0.0,0.0,0.0,0.0,0.0,0.0,0.0,0.0,0.0
60,24,5.0,0.0,2.0,[59 61],0.0,0.0,0.0,0.0,0.0,0.0,0.0,0.0,0.0,0.0
60,25,5.0,0.0,2.0,[59 61],0.0,0.0,0.0,0.0,0.0,0.0,0.0,0.0,0.0,0.0
60,26,5.0,0.0,2.0,[59 61],0.0,0.0,0.0,0.0,0.0,0.0,0.0,0.0,0.0,0.0
60,27,5.0,0.0,2.0,[59 61],0.0,0.0,0.0,0.0,0.0,0.0,0.0,0.0,0.0,0.0
60,28,5.0,0.0,2.0,[59 61],0.0,0.0,0.0,0.0,0.0,0.0,0.0,0.0,0.0,0.0
60,29,5.0,0.0,2.0,[59 61],0.0,0.0,0.0,0.0,0.0,0.0,0.0,0.0,0.0,0.0
60,30,5.0,0.0,2.0,[59 61],0.0,0.0,0.0,0.0,0.0,0.0,0.0,0.0,0.0,0.0
60,31,5.0,0.0,2.0,[59 61],0.0,0.0,0.0,0.0,0.0,0.0,0.0,0.0,0.0,0.0
60,32,5.0,0.0,2.0,[59 61],0.0,0.0,0.0,0.0,0.0,0.0,2.0,0.0,0.0,0.0
60,33,5.0,0.0,2.0,[59 61],0.0,0.0,0.0,0.0,0.0,0.0,5.0,2.0,2.0,0.0
60,34,5.0,0.0,2.0,[59 61],2.0,0.0,0.0,0.0,0.0,0.0,15.0,0.0,5.0,2.0
60,35,5.0,0.0,2.0,[59 61],5.0,2.0,0.0,0.0,2.0,0.0,15.0,9.0,15.0,0.0
60,36,5.0,0.0,2.0,[59 61],15.0,0.0,2.0,0.0,5.0,2.0,27.0,2.0,15.0,9.0
60,37,5.0,0.0,2.0,[59 61],15.0,9.0,5.0,2.0,15.0,0.0,46.0,9.0,27.0,2.0
60,38,5.0,0.0,2.0,[59 61],27.0,2.0,15.0,0.0,15.0,9.0,51.0,13.0,46.0,9.0
60,39,5.0,0.0,2.0,[59 61],46.0,9.0,15.0,9.0,27.0,2.0,65.0,22.0,51.0,13.0
60,40,5.0,0.0,2.0,[59 61],51.0,13.0,27.0,2.0,46.0,9.0,92.0,24.0,65.0,22.0
60,41,5.0,0.0,2.0,[59 61],65.0,22.0,46.0,9.0,51.0,13.0,111.0,24.0,92.0,24.0
60,42,5.0,0.0,2.0,[59 61],92.0,24.0,51.0,13.0,65.0,22.0,164.0,49.0,111.0,24.0
60,43,5.0,0.0,2.0,[59 61],111.0,24.0,65.0,22.0,92.0,24.0,209.0,85.0,164.0,49.0
60,44,5.0,0.0,2.0,[59 61],164.0,49.0,92.0,24.0,111.0,24.0,274.0,110.0,209.0,85.0
60,45,5.0,0.0,2.0,[59 61],209.0,85.0,111.0,24.0,164.0,49.0,324.0,164.0,274.0,110.0
60,46,5.0,0.0,2.0,[59 61],274.0,110.0,164.0,49.0,209.0,85.0,327.0,166.0,324.0,164.0
60,47,5.0,0.0,2.0,[59 61],324.0,164.0,209.0,85.0,274.0,110.0,293.0,296.0,327.0,166.0
60,48,5.0,0.0,2.0,[59 61],327.0,166.0,274.0,110.0,324.0,164.0,278.0,284.0,293.0,296.0
60,49,5.0,0.0,2.0,[59 61],293.0,296.0,324.0,164.0,327.0,166.0,215.0,302.0,278.0,284.0
60,50,5.0,0.0,2.0,[59 61],278.0,284.0,327.0,166.0,293.0,296.0,205.0,261.0,215.0,302.0
60,51,5.0,0.0,2.0,[59 61],215.0,302.0,293.0,296.0,278.0,284.0,191.0,375.0,205.0,261.0
60,52,5.0,0.0,2.0,[59 61],205.0,261.0,278.0,284.0,215.0,302.0,133.0,261.0,191.0,375.0
60,53,5.0,0.0,2.0,[59 61],191.0,375.0,215.0,302.0,205.0,261.0,127.0,162.0,133.0,261.0
60,54,5.0,0.0,2.0,[59 61],133.0,261.0,205.0,261.0,191.0,375.0,117.0,209.0,127.0,162.0
60,55,5.0,0.0,2.0,[59 61],127.0,162.0,191.0,375.0,133.0,261.0,108.0,148.0,117.0,209.0
60,56,5.0,0.0,2.0,[59 61],117.0,209.0,133.0,261.0,127.0,162.0,74.0,96.0,108.0,148.0
60,57,5.0,0.0,2.0,[59 61],108.0,148.0,127.0,162.0,117.0,209.0,90.0,58.0,74.0,96.0
60,58,5.0,0.0,2.0,[59 61],74.0,96.0,117.0,209.0,108.0,148.0,61.0,93.0,90.0,58.0
60,59,5.0,0.0,2.0,[59 61],90.0,58.0,108.0,148.0,74.0,96.0,61.0,71.0,61.0,93.0
60,60,5.0,0.0,2.0,[59 61],61.0,93.0,74.0,96.0,90.0,58.0,42.0,54.0,61.0,71.0
60,61,5.0,0.0,2.0,[59 61],61.0,71.0,90.0,58.0,61.0,93.0,42.0,84.0,42.0,54.0
60,62,5.0,0.0,2.0,[59 61],42.0,54.0,61.0,93.0,61.0,71.0,66.0,49.0,42.0,84.0
60,63,5.0,0.0,2.0,[59 61],42.0,84.0,61.0,71.0,42.0,54.0,39.0,58.0,66.0,49.0
60,64,5.0,0.0,2.0,[59 61],66.0,49.0,42.0,54.0,42.0,84.0,54.0,64.0,39.0,58.0
60,65,5.0,0.0,2.0,[59 61],39.0,58.0,42.0,84.0,66.0,49.0,67.0,60.0,54.0,64.0
60,66,5.0,0.0,2.0,[59 61],54.0,64.0,66.0,49.0,39.0,58.0,70.0,65.0,67.0,60.0
60,67,5.0,0.0,2.0,[59 61],67.0,60.0,39.0,58.0,54.0,64.0,66.0,82.0,70.0,65.0
60,68,5.0,0.0,2.0,[59 61],70.0,65.0,54.0,64.0,67.0,60.0,62.0,62.0,66.0,82.0
60,69,5.0,0.0,2.0,[59 61],66.0,82.0,67.0,60.0,70.0,65.0,54.0,65.0,62.0,62.0
60,70,5.0,0.0,2.0,[59 61],62.0,62.0,70.0,65.0,66.0,82.0,72.0,62.0,54.0,65.0
60,71,5.0,0.0,2.0,[59 61],54.0,65.0,66.0,82.0,62.0,62.0,79.0,61.0,72.0,62.0
60,72,5.0,0.0,2.0,[59 61],72.0,62.0,62.0,62.0,54.0,65.0,84.0,59.0,79.0,61.0
60,73,5.0,0.0,2.0,[59 61],79.0,61.0,54.0,65.0,72.0,62.0,79.0,69.0,84.0,59.0
60,74,5.0,0.0,2.0,[59 61],84.0,59.0,72.0,62.0,79.0,61.0,70.0,54.0,79.0,69.0
60,75,5.0,0.0,2.0,[59 61],79.0,69.0,79.0,61.0,84.0,59.0,83.0,72.0,70.0,54.0
60,76,5.0,0.0,2.0,[59 61],70.0,54.0,84.0,59.0,79.0,69.0,73.0,63.0,83.0,72.0
60,77,5.0,0.0,2.0,[59 61],83.0,72.0,79.0,69.0,70.0,54.0,76.0,46.0,73.0,63.0
60,78,5.0,0.0,2.0,[59 61],73.0,63.0,70.0,54.0,83.0,72.0,75.0,69.0,76.0,46.0
60,79,5.0,0.0,2.0,[59 61],76.0,46.0,83.0,72.0,73.0,63.0,84.0,66.0,75.0,69.0
60,80,5.0,0.0,2.0,[59 61],75.0,69.0,73.0,63.0,76.0,46.0,89.0,45.0,84.0,66.0
60,81,5.0,0.0,2.0,[59 61],84.0,66.0,76.0,46.0,75.0,69.0,85.0,76.0,89.0,45.0
60,82,5.0,0.0,2.0,[59 61],89.0,45.0,75.0,69.0,84.0,66.0,67.0,53.0,85.0,76.0
60,83,5.0,0.0,2.0,[59 61],85.0,76.0,84.0,66.0,89.0,45.0,70.0,61.0,67.0,53.0
60,84,5.0,0.0,2.0,[59 61],67.0,53.0,89.0,45.0,85.0,76.0,71.0,62.0,70.0,61.0
60,85,5.0,0.0,2.0,[59 61],70.0,61.0,85.0,76.0,67.0,53.0,67.0,80.0,71.0,62.0
60,86,5.0,0.0,2.0,[59 61],71.0,62.0,67.0,53.0,70.0,61.0,74.0,59.0,67.0,80.0
60,87,5.0,0.0,2.0,[59 61],67.0,80.0,70.0,61.0,71.0,62.0,84.0,67.0,74.0,59.0
60,88,5.0,0.0,2.0,[59 61],74.0,59.0,71.0,62.0,67.0,80.0,82.0,84.0,84.0,67.0
60,89,5.0,0.0,2.0,[59 61],84.0,67.0,67.0,80.0,74.0,59.0,94.0,73.0,82.0,84.0
60,90,5.0,0.0,2.0,[59 61],82.0,84.0,74.0,59.0,84.0,67.0,111.0,44.0,94.0,73.0
60,91,5.0,0.0,2.0,[59 61],94.0,73.0,84.0,67.0,82.0,84.0,92.0,66.0,111.0,44.0
60,92,5.0,0.0,2.0,[59 61],111.0,44.0,82.0,84.0,94.0,73.0,87.0,86.0,92.0,66.0
60,93,5.0,0.0,2.0,[59 61],92.0,66.0,94.0,73.0,111.0,44.0,100.0,85.0,87.0,86.0
60,94,5.0,0.0,2.0,[59 61],87.0,86.0,111.0,44.0,92.0,66.0,95.0,101.0,100.0,85.0
60,95,5.0,0.0,2.0,[59 61],100.0,85.0,92.0,66.0,87.0,86.0,63.0,76.0,95.0,101.0
60,96,5.0,0.0,2.0,[59 61],95.0,101.0,87.0,86.0,100.0,85.0,87.0,91.0,63.0,76.0
60,97,5.0,0.0,2.0,[59 61],63.0,76.0,100.0,85.0,95.0,101.0,98.0,96.0,87.0,91.0
60,98,5.0,0.0,2.0,[59 61],87.0,91.0,95.0,101.0,63.0,76.0,97.0,91.0,98.0,96.0
60,99,5.0,0.0,2.0,[59 61],98.0,96.0,63.0,76.0,87.0,91.0,104.0,101.0,97.0,91.0
60,100,5.0,0.0,2.0,[59 61],97.0,91.0,87.0,91.0,98.0,96.0,169.0,90.0,104.0,101.0
60,101,5.0,0.0,2.0,[59 61],104.0,101.0,98.0,96.0,97.0,91.0,199.0,103.0,169.0,90.0
60,102,5.0,0.0,2.0,[59 61],169.0,90.0,97.0,91.0,104.0,101.0,201.0,124.0,199.0,103.0
60,103,5.0,0.0,2.0,[59 61],199.0,103.0,104.0,101.0,169.0,90.0,217.0,152.0,201.0,124.0
60,104,5.0,0.0,2.0,[59 61],201.0,124.0,169.0,90.0,199.0,103.0,301.0,200.0,217.0,152.0
60,105,5.0,0.0,2.0,[59 61],217.0,152.0,199.0,103.0,201.0,124.0,208.0,196.0,301.0,200.0
60,106,5.0,0.0,2.0,[59 61],301.0,200.0,201.0,124.0,217.0,152.0,242.0,204.0,208.0,196.0
60,107,5.0,0.0,2.0,[59 61],208.0,196.0,217.0,152.0,301.0,200.0,278.0,206.0,242.0,204.0
60,108,5.0,0.0,2.0,[59 61],242.0,204.0,301.0,200.0,208.0,196.0,202.0,231.0,278.0,206.0
60,109,5.0,0.0,2.0,[59 61],278.0,206.0,208.0,196.0,242.0,204.0,194.0,248.0,202.0,231.0
60,110,5.0,0.0,2.0,[59 61],202.0,231.0,242.0,204.0,278.0,206.0,184.0,208.0,194.0,248.0
60,111,5.0,0.0,2.0,[59 61],194.0,248.0,278.0,206.0,202.0,231.0,139.0,163.0,184.0,208.0
60,112,5.0,0.0,2.0,[59 61],184.0,208.0,202.0,231.0,194.0,248.0,134.0,194.0,139.0,163.0
60,113,5.0,0.0,2.0,[59 61],139.0,163.0,194.0,248.0,184.0,208.0,126.0,207.0,134.0,194.0
60,114,5.0,0.0,2.0,[59 61],134.0,194.0,184.0,208.0,139.0,163.0,106.0,126.0,126.0,207.0
60,115,5.0,0.0,2.0,[59 61],126.0,207.0,139.0,163.0,134.0,194.0,100.0,151.0,106.0,126.0
60,116,5.0,0.0,2.0,[59 61],106.0,126.0,134.0,194.0,126.0,207.0,84.0,89.0,100.0,151.0
60,117,5.0,0.0,2.0,[59 61],100.0,151.0,126.0,207.0,106.0,126.0,115.0,92.0,84.0,89.0
60,118,5.0,0.0,2.0,[59 61],84.0,89.0,106.0,126.0,100.0,151.0,66.0,106.0,115.0,92.0
60,119,5.0,0.0,2.0,[59 61],115.0,92.0,100.0,151.0,84.0,89.0,99.0,92.0,66.0,106.0
60,120,5.0,0.0,2.0,[59 61],66.0,106.0,84.0,89.0,115.0,92.0,116.0,99.0,99.0,92.0
60,121,5.0,0.0,2.0,[59 61],99.0,92.0,115.0,92.0,66.0,106.0,86.0,73.0,116.0,99.0
60,122,5.0,0.0,2.0,[59 61],116.0,99.0,66.0,106.0,99.0,92.0,75.0,111.0,86.0,73.0
60,123,5.0,0.0,2.0,[59 61],86.0,73.0,99.0,92.0,116.0,99.0,70.0,82.0,75.0,111.0
60,124,5.0,0.0,2.0,[59 61],75.0,111.0,116.0,99.0,86.0,73.0,69.0,115.0,70.0,82.0
60,125,5.0,0.0,2.0,[59 61],70.0,82.0,86.0,73.0,75.0,111.0,81.0,131.0,69.0,115.0
60,126,5.0,0.0,2.0,[59 61],69.0,115.0,75.0,111.0,70.0,82.0,76.0,104.0,81.0,131.0
60,127,5.0,0.0,2.0,[59 61],81.0,131.0,70.0,82.0,69.0,115.0,57.0,108.0,76.0,104.0
60,128,5.0,0.0,2.0,[59 61],76.0,104.0,69.0,115.0,81.0,131.0,49.0,112.0,57.0,108.0
60,129,5.0,0.0,2.0,[59 61],57.0,108.0,81.0,131.0,76.0,104.0,41.0,91.0,49.0,112.0
60,130,5.0,0.0,2.0,[59 61],49.0,112.0,76.0,104.0,57.0,108.0,54.0,60.0,41.0,91.0
60,131,5.0,0.0,2.0,[59 61],41.0,91.0,57.0,108.0,49.0,112.0,40.0,78.0,54.0,60.0
60,132,5.0,0.0,2.0,[59 61],54.0,60.0,49.0,112.0,41.0,91.0,42.0,34.0,40.0,78.0
60,133,5.0,0.0,2.0,[59 61],40.0,78.0,41.0,91.0,54.0,60.0,39.0,84.0,42.0,34.0
60,134,5.0,0.0,2.0,[59 61],42.0,34.0,54.0,60.0,40.0,78.0,39.0,46.0,39.0,84.0
60,135,5.0,0.0,2.0,[59 61],39.0,84.0,40.0,78.0,42.0,34.0,11.0,76.0,39.0,46.0
60,136,5.0,0.0,2.0,[59 61],39.0,46.0,42.0,34.0,39.0,84.0,7.0,30.0,11.0,76.0
60,137,5.0,0.0,2.0,[59 61],11.0,76.0,39.0,84.0,39.0,46.0,2.0,46.0,7.0,30.0
60,138,5.0,0.0,2.0,[59 61],7.0,30.0,39.0,46.0,11.0,76.0,1.0,16.0,2.0,46.0
60,139,5.0,0.0,2.0,[59 61],2.0,46.0,11.0,76.0,7.0,30.0,2.0,27.0,1.0,16.0
60,140,5.0,0.0,2.0,[59 61],1.0,16.0,7.0,30.0,2.0,46.0,1.0,20.0,2.0,27.0
60,141,5.0,0.0,2.0,[59 61],2.0,27.0,2.0,46.0,1.0,16.0,0.0,25.0,1.0,20.0
60,142,5.0,0.0,2.0,[59 61],1.0,20.0,1.0,16.0,2.0,27.0,0.0,0.0,0.0,25.0
60,143,5.0,0.0,2.0,[59 61],0.0,25.0,2.0,27.0,1.0,20.0,0.0,0.0,0.0,0.0
61,0,5.0,0.0,2.0,[60 62],1.0,0.0,0.0,0.0,0.0,0.0,0.0,0.0,1.0,1.0
61,1,5.0,0.0,2.0,[60 62],1.0,1.0,0.0,0.0,1.0,0.0,0.0,0.0,0.0,0.0
61,2,5.0,0.0,2.0,[60 62],0.0,0.0,1.0,0.0,1.0,1.0,0.0,0.0,0.0,0.0
61,3,5.0,0.0,2.0,[60 62],0.0,0.0,1.0,1.0,0.0,0.0,0.0,0.0,0.0,0.0
61,4,5.0,0.0,2.0,[60 62],0.0,0.0,0.0,0.0,0.0,0.0,0.0,0.0,0.0,0.0
61,5,5.0,0.0,2.0,[60 62],0.0,0.0,0.0,0.0,0.0,0.0,0.0,0.0,0.0,0.0
61,6,5.0,0.0,2.0,[60 62],0.0,0.0,0.0,0.0,0.0,0.0,0.0,0.0,0.0,0.0
61,7,5.0,0.0,2.0,[60 62],0.0,0.0,0.0,0.0,0.0,0.0,2.0,1.0,0.0,0.0
61,8,5.0,0.0,2.0,[60 62],0.0,0.0,0.0,0.0,0.0,0.0,0.0,0.0,2.0,1.0
61,9,5.0,0.0,2.0,[60 62],2.0,1.0,0.0,0.0,0.0,0.0,0.0,0.0,0.0,0.0
61,10,5.0,0.0,2.0,[60 62],0.0,0.0,0.0,0.0,2.0,1.0,0.0,0.0,0.0,0.0
61,11,5.0,0.0,2.0,[60 62],0.0,0.0,2.0,1.0,0.0,0.0,1.0,0.0,0.0,0.0
61,12,5.0,0.0,2.0,[60 62],0.0,0.0,0.0,0.0,0.0,0.0,0.0,1.0,1.0,0.0
61,13,5.0,0.0,2.0,[60 62],1.0,0.0,0.0,0.0,0.0,0.0,0.0,0.0,0.0,1.0
61,14,5.0,0.0,2.0,[60 62],0.0,1.0,0.0,0.0,1.0,0.0,0.0,0.0,0.0,0.0
61,15,5.0,0.0,2.0,[60 62],0.0,0.0,1.0,0.0,0.0,1.0,0.0,0.0,0.0,0.0
61,16,5.0,0.0,2.0,[60 62],0.0,0.0,0.0,1.0,0.0,0.0,0.0,0.0,0.0,0.0
61,17,5.0,0.0,2.0,[60 62],0.0,0.0,0.0,0.0,0.0,0.0,0.0,0.0,0.0,0.0
61,18,5.0,0.0,2.0,[60 62],0.0,0.0,0.0,0.0,0.0,0.0,0.0,0.0,0.0,0.0
61,19,5.0,0.0,2.0,[60 62],0.0,0.0,0.0,0.0,0.0,0.0,0.0,0.0,0.0,0.0
61,20,5.0,0.0,2.0,[60 62],0.0,0.0,0.0,0.0,0.0,0.0,0.0,0.0,0.0,0.0
61,21,5.0,0.0,2.0,[60 62],0.0,0.0,0.0,0.0,0.0,0.0,0.0,0.0,0.0,0.0
61,22,5.0,0.0,2.0,[60 62],0.0,0.0,0.0,0.0,0.0,0.0,0.0,0.0,0.0,0.0
61,23,5.0,0.0,2.0,[60 62],0.0,0.0,0.0,0.0,0.0,0.0,0.0,0.0,0.0,0.0
61,24,5.0,0.0,2.0,[60 62],0.0,0.0,0.0,0.0,0.0,0.0,0.0,0.0,0.0,0.0
61,25,5.0,0.0,2.0,[60 62],0.0,0.0,0.0,0.0,0.0,0.0,1.0,0.0,0.0,0.0
61,26,5.0,0.0,2.0,[60 62],0.0,0.0,0.0,0.0,0.0,0.0,0.0,1.0,1.0,0.0
61,27,5.0,0.0,2.0,[60 62],1.0,0.0,0.0,0.0,0.0,0.0,0.0,0.0,0.0,1.0
61,28,5.0,0.0,2.0,[60 62],0.0,1.0,0.0,0.0,1.0,0.0,0.0,0.0,0.0,0.0
61,29,5.0,0.0,2.0,[60 62],0.0,0.0,1.0,0.0,0.0,1.0,0.0,0.0,0.0,0.0
61,30,5.0,0.0,2.0,[60 62],0.0,0.0,0.0,1.0,0.0,0.0,1.0,0.0,0.0,0.0
61,31,5.0,0.0,2.0,[60 62],0.0,0.0,0.0,0.0,0.0,0.0,1.0,1.0,1.0,0.0
61,32,5.0,0.0,2.0,[60 62],1.0,0.0,0.0,0.0,0.0,0.0,1.0,0.0,1.0,1.0
61,33,5.0,0.0,2.0,[60 62],1.0,1.0,0.0,0.0,1.0,0.0,12.0,0.0,1.0,0.0
61,34,5.0,0.0,2.0,[60 62],1.0,0.0,1.0,0.0,1.0,1.0,27.0,1.0,12.0,0.0
61,35,5.0,0.0,2.0,[60 62],12.0,0.0,1.0,1.0,1.0,0.0,33.0,1.0,27.0,1.0
61,36,5.0,0.0,2.0,[60 62],27.0,1.0,1.0,0.0,12.0,0.0,59.0,6.0,33.0,1.0
61,37,5.0,0.0,2.0,[60 62],33.0,1.0,12.0,0.0,27.0,1.0,69.0,18.0,59.0,6.0
61,38,5.0,0.0,2.0,[60 62],59.0,6.0,27.0,1.0,33.0,1.0,92.0,19.0,69.0,18.0
61,39,5.0,0.0,2.0,[60 62],69.0,18.0,33.0,1.0,59.0,6.0,106.0,49.0,92.0,19.0
61,40,5.0,0.0,2.0,[60 62],92.0,19.0,59.0,6.0,69.0,18.0,151.0,37.0,106.0,49.0
61,41,5.0,0.0,2.0,[60 62],106.0,49.0,69.0,18.0,92.0,19.0,206.0,28.0,151.0,37.0
61,42,5.0,0.0,2.0,[60 62],151.0,37.0,92.0,19.0,106.0,49.0,272.0,46.0,206.0,28.0
61,43,5.0,0.0,2.0,[60 62],206.0,28.0,106.0,49.0,151.0,37.0,364.0,83.0,272.0,46.0
61,44,5.0,0.0,2.0,[60 62],272.0,46.0,151.0,37.0,206.0,28.0,450.0,121.0,364.0,83.0
61,45,5.0,0.0,2.0,[60 62],364.0,83.0,206.0,28.0,272.0,46.0,578.0,163.0,450.0,121.0
61,46,5.0,0.0,2.0,[60 62],450.0,121.0,272.0,46.0,364.0,83.0,564.0,120.0,578.0,163.0
61,47,5.0,0.0,2.0,[60 62],578.0,163.0,364.0,83.0,450.0,121.0,468.0,158.0,564.0,120.0
61,48,5.0,0.0,2.0,[60 62],564.0,120.0,450.0,121.0,578.0,163.0,542.0,259.0,468.0,158.0
61,49,5.0,0.0,2.0,[60 62],468.0,158.0,578.0,163.0,564.0,120.0,457.0,152.0,542.0,259.0
61,50,5.0,0.0,2.0,[60 62],542.0,259.0,564.0,120.0,468.0,158.0,391.0,154.0,457.0,152.0
61,51,5.0,0.0,2.0,[60 62],457.0,152.0,468.0,158.0,542.0,259.0,278.0,139.0,391.0,154.0
61,52,5.0,0.0,2.0,[60 62],391.0,154.0,542.0,259.0,457.0,152.0,257.0,78.0,278.0,139.0
61,53,5.0,0.0,2.0,[60 62],278.0,139.0,457.0,152.0,391.0,154.0,241.0,105.0,257.0,78.0
61,54,5.0,0.0,2.0,[60 62],257.0,78.0,391.0,154.0,278.0,139.0,187.0,80.0,241.0,105.0
61,55,5.0,0.0,2.0,[60 62],241.0,105.0,278.0,139.0,257.0,78.0,139.0,80.0,187.0,80.0
61,56,5.0,0.0,2.0,[60 62],187.0,80.0,257.0,78.0,241.0,105.0,99.0,43.0,139.0,80.0
61,57,5.0,0.0,2.0,[60 62],139.0,80.0,241.0,105.0,187.0,80.0,90.0,49.0,99.0,43.0
61,58,5.0,0.0,2.0,[60 62],99.0,43.0,187.0,80.0,139.0,80.0,79.0,59.0,90.0,49.0
61,59,5.0,0.0,2.0,[60 62],90.0,49.0,139.0,80.0,99.0,43.0,80.0,48.0,79.0,59.0
61,60,5.0,0.0,2.0,[60 62],79.0,59.0,99.0,43.0,90.0,49.0,78.0,45.0,80.0,48.0
61,61,5.0,0.0,2.0,[60 62],80.0,48.0,90.0,49.0,79.0,59.0,59.0,70.0,78.0,45.0
61,62,5.0,0.0,2.0,[60 62],78.0,45.0,79.0,59.0,80.0,48.0,60.0,53.0,59.0,70.0
61,63,5.0,0.0,2.0,[60 62],59.0,70.0,80.0,48.0,78.0,45.0,75.0,57.0,60.0,53.0
61,64,5.0,0.0,2.0,[60 62],60.0,53.0,78.0,45.0,59.0,70.0,51.0,51.0,75.0,57.0
61,65,5.0,0.0,2.0,[60 62],75.0,57.0,59.0,70.0,60.0,53.0,69.0,55.0,51.0,51.0
61,66,5.0,0.0,2.0,[60 62],51.0,51.0,60.0,53.0,75.0,57.0,76.0,51.0,69.0,55.0
61,67,5.0,0.0,2.0,[60 62],69.0,55.0,75.0,57.0,51.0,51.0,73.0,37.0,76.0,51.0
61,68,5.0,0.0,2.0,[60 62],76.0,51.0,51.0,51.0,69.0,55.0,64.0,46.0,73.0,37.0
61,69,5.0,0.0,2.0,[60 62],73.0,37.0,69.0,55.0,76.0,51.0,59.0,42.0,64.0,46.0
61,70,5.0,0.0,2.0,[60 62],64.0,46.0,76.0,51.0,73.0,37.0,72.0,66.0,59.0,42.0
61,71,5.0,0.0,2.0,[60 62],59.0,42.0,73.0,37.0,64.0,46.0,87.0,65.0,72.0,66.0
61,72,5.0,0.0,2.0,[60 62],72.0,66.0,64.0,46.0,59.0,42.0,88.0,76.0,87.0,65.0
61,73,5.0,0.0,2.0,[60 62],87.0,65.0,59.0,42.0,72.0,66.0,92.0,60.0,88.0,76.0
61,74,5.0,0.0,2.0,[60 62],88.0,76.0,72.0,66.0,87.0,65.0,58.0,48.0,92.0,60.0
61,75,5.0,0.0,2.0,[60 62],92.0,60.0,87.0,65.0,88.0,76.0,76.0,88.0,58.0,48.0
61,76,5.0,0.0,2.0,[60 62],58.0,48.0,88.0,76.0,92.0,60.0,65.0,71.0,76.0,88.0
61,77,5.0,0.0,2.0,[60 62],76.0,88.0,92.0,60.0,58.0,48.0,66.0,46.0,65.0,71.0
61,78,5.0,0.0,2.0,[60 62],65.0,71.0,58.0,48.0,76.0,88.0,60.0,65.0,66.0,46.0
61,79,5.0,0.0,2.0,[60 62],66.0,46.0,76.0,88.0,65.0,71.0,57.0,54.0,60.0,65.0
61,80,5.0,0.0,2.0,[60 62],60.0,65.0,65.0,71.0,66.0,46.0,57.0,56.0,57.0,54.0
61,81,5.0,0.0,2.0,[60 62],57.0,54.0,66.0,46.0,60.0,65.0,58.0,86.0,57.0,56.0
61,82,5.0,0.0,2.0,[60 62],57.0,56.0,60.0,65.0,57.0,54.0,69.0,48.0,58.0,86.0
61,83,5.0,0.0,2.0,[60 62],58.0,86.0,57.0,54.0,57.0,56.0,62.0,67.0,69.0,48.0
61,84,5.0,0.0,2.0,[60 62],69.0,48.0,57.0,56.0,58.0,86.0,65.0,70.0,62.0,67.0
61,85,5.0,0.0,2.0,[60 62],62.0,67.0,58.0,86.0,69.0,48.0,61.0,65.0,65.0,70.0
61,86,5.0,0.0,2.0,[60 62],65.0,70.0,69.0,48.0,62.0,67.0,54.0,97.0,61.0,65.0
61,87,5.0,0.0,2.0,[60 62],61.0,65.0,62.0,67.0,65.0,70.0,82.0,75.0,54.0,97.0
61,88,5.0,0.0,2.0,[60 62],54.0,97.0,65.0,70.0,61.0,65.0,62.0,66.0,82.0,75.0
61,89,5.0,0.0,2.0,[60 62],82.0,75.0,61.0,65.0,54.0,97.0,87.0,88.0,62.0,66.0
61,90,5.0,0.0,2.0,[60 62],62.0,66.0,54.0,97.0,82.0,75.0,100.0,75.0,87.0,88.0
61,91,5.0,0.0,2.0,[60 62],87.0,88.0,82.0,75.0,62.0,66.0,78.0,90.0,100.0,75.0
61,92,5.0,0.0,2.0,[60 62],100.0,75.0,62.0,66.0,87.0,88.0,88.0,113.0,78.0,90.0
61,93,5.0,0.0,2.0,[60 62],78.0,90.0,87.0,88.0,100.0,75.0,77.0,82.0,88.0,113.0
61,94,5.0,0.0,2.0,[60 62],88.0,113.0,100.0,75.0,78.0,90.0,83.0,96.0,77.0,82.0
61,95,5.0,0.0,2.0,[60 62],77.0,82.0,78.0,90.0,88.0,113.0,73.0,112.0,83.0,96.0
61,96,5.0,0.0,2.0,[60 62],83.0,96.0,88.0,113.0,77.0,82.0,87.0,111.0,73.0,112.0
61,97,5.0,0.0,2.0,[60 62],73.0,112.0,77.0,82.0,83.0,96.0,70.0,93.0,87.0,111.0
61,98,5.0,0.0,2.0,[60 62],87.0,111.0,83.0,96.0,73.0,112.0,78.0,100.0,70.0,93.0
61,99,5.0,0.0,2.0,[60 62],70.0,93.0,73.0,112.0,87.0,111.0,85.0,141.0,78.0,100.0
61,100,5.0,0.0,2.0,[60 62],78.0,100.0,87.0,111.0,70.0,93.0,140.0,108.0,85.0,141.0
61,101,5.0,0.0,2.0,[60 62],85.0,141.0,70.0,93.0,78.0,100.0,148.0,166.0,140.0,108.0
61,102,5.0,0.0,2.0,[60 62],140.0,108.0,78.0,100.0,85.0,141.0,147.0,155.0,148.0,166.0
61,103,5.0,0.0,2.0,[60 62],148.0,166.0,85.0,141.0,140.0,108.0,166.0,254.0,147.0,155.0
61,104,5.0,0.0,2.0,[60 62],147.0,155.0,140.0,108.0,148.0,166.0,160.0,204.0,166.0,254.0
61,105,5.0,0.0,2.0,[60 62],166.0,254.0,148.0,166.0,147.0,155.0,185.0,307.0,160.0,204.0
61,106,5.0,0.0,2.0,[60 62],160.0,204.0,147.0,155.0,166.0,254.0,163.0,316.0,185.0,307.0
61,107,5.0,0.0,2.0,[60 62],185.0,307.0,166.0,254.0,160.0,204.0,181.0,245.0,163.0,316.0
61,108,5.0,0.0,2.0,[60 62],163.0,316.0,160.0,204.0,185.0,307.0,135.0,457.0,181.0,245.0
61,109,5.0,0.0,2.0,[60 62],181.0,245.0,185.0,307.0,163.0,316.0,176.0,345.0,135.0,457.0
61,110,5.0,0.0,2.0,[60 62],135.0,457.0,163.0,316.0,181.0,245.0,150.0,235.0,176.0,345.0
61,111,5.0,0.0,2.0,[60 62],176.0,345.0,181.0,245.0,135.0,457.0,135.0,337.0,150.0,235.0
61,112,5.0,0.0,2.0,[60 62],150.0,235.0,135.0,457.0,176.0,345.0,114.0,240.0,135.0,337.0
61,113,5.0,0.0,2.0,[60 62],135.0,337.0,176.0,345.0,150.0,235.0,84.0,231.0,114.0,240.0
61,114,5.0,0.0,2.0,[60 62],114.0,240.0,150.0,235.0,135.0,337.0,69.0,222.0,84.0,231.0
61,115,5.0,0.0,2.0,[60 62],84.0,231.0,135.0,337.0,114.0,240.0,77.0,223.0,69.0,222.0
61,116,5.0,0.0,2.0,[60 62],69.0,222.0,114.0,240.0,84.0,231.0,53.0,149.0,77.0,223.0
61,117,5.0,0.0,2.0,[60 62],77.0,223.0,84.0,231.0,69.0,222.0,54.0,175.0,53.0,149.0
61,118,5.0,0.0,2.0,[60 62],53.0,149.0,69.0,222.0,77.0,223.0,43.0,121.0,54.0,175.0
61,119,5.0,0.0,2.0,[60 62],54.0,175.0,77.0,223.0,53.0,149.0,48.0,189.0,43.0,121.0
61,120,5.0,0.0,2.0,[60 62],43.0,121.0,53.0,149.0,54.0,175.0,50.0,137.0,48.0,189.0
61,121,5.0,0.0,2.0,[60 62],48.0,189.0,54.0,175.0,43.0,121.0,55.0,133.0,50.0,137.0
61,122,5.0,0.0,2.0,[60 62],50.0,137.0,43.0,121.0,48.0,189.0,34.0,125.0,55.0,133.0
61,123,5.0,0.0,2.0,[60 62],55.0,133.0,48.0,189.0,50.0,137.0,44.0,164.0,34.0,125.0
61,124,5.0,0.0,2.0,[60 62],34.0,125.0,50.0,137.0,55.0,133.0,54.0,140.0,44.0,164.0
61,125,5.0,0.0,2.0,[60 62],44.0,164.0,55.0,133.0,34.0,125.0,38.0,132.0,54.0,140.0
61,126,5.0,0.0,2.0,[60 62],54.0,140.0,34.0,125.0,44.0,164.0,32.0,116.0,38.0,132.0
61,127,5.0,0.0,2.0,[60 62],38.0,132.0,44.0,164.0,54.0,140.0,25.0,165.0,32.0,116.0
61,128,5.0,0.0,2.0,[60 62],32.0,116.0,54.0,140.0,38.0,132.0,41.0,133.0,25.0,165.0
61,129,5.0,0.0,2.0,[60 62],25.0,165.0,38.0,132.0,32.0,116.0,29.0,131.0,41.0,133.0
61,130,5.0,0.0,2.0,[60 62],41.0,133.0,32.0,116.0,25.0,165.0,32.0,136.0,29.0,131.0
61,131,5.0,0.0,2.0,[60 62],29.0,131.0,25.0,165.0,41.0,133.0,23.0,99.0,32.0,136.0
61,132,5.0,0.0,2.0,[60 62],32.0,136.0,41.0,133.0,29.0,131.0,16.0,122.0,23.0,99.0
61,133,5.0,0.0,2.0,[60 62],23.0,99.0,29.0,131.0,32.0,136.0,20.0,67.0,16.0,122.0
61,134,5.0,0.0,2.0,[60 62],16.0,122.0,32.0,136.0,23.0,99.0,9.0,114.0,20.0,67.0
61,135,5.0,0.0,2.0,[60 62],20.0,67.0,23.0,99.0,16.0,122.0,5.0,67.0,9.0,114.0
61,136,5.0,0.0,2.0,[60 62],9.0,114.0,16.0,122.0,20.0,67.0,3.0,90.0,5.0,67.0
61,137,5.0,0.0,2.0,[60 62],5.0,67.0,20.0,67.0,9.0,114.0,1.0,47.0,3.0,90.0
61,138,5.0,0.0,2.0,[60 62],3.0,90.0,9.0,114.0,5.0,67.0,6.0,47.0,1.0,47.0
61,139,5.0,0.0,2.0,[60 62],1.0,47.0,5.0,67.0,3.0,90.0,0.0,37.0,6.0,47.0
61,140,5.0,0.0,2.0,[60 62],6.0,47.0,3.0,90.0,1.0,47.0,0.0,27.0,0.0,37.0
61,141,5.0,0.0,2.0,[60 62],0.0,37.0,1.0,47.0,6.0,47.0,0.0,19.0,0.0,27.0
61,142,5.0,0.0,2.0,[60 62],0.0,27.0,6.0,47.0,0.0,37.0,0.0,0.0,0.0,19.0
61,143,5.0,0.0,2.0,[60 62],0.0,19.0,0.0,37.0,0.0,27.0,0.0,0.0,0.0,0.0
62,0,5.0,0.0,2.0,[61 63],0.0,0.0,0.0,0.0,0.0,0.0,1.0,0.0,0.0,0.0
62,1,5.0,0.0,2.0,[61 63],0.0,0.0,0.0,0.0,0.0,0.0,0.0,0.0,1.0,0.0
62,2,5.0,0.0,2.0,[61 63],1.0,0.0,0.0,0.0,0.0,0.0,0.0,0.0,0.0,0.0
62,3,5.0,0.0,2.0,[61 63],0.0,0.0,0.0,0.0,1.0,0.0,0.0,0.0,0.0,0.0
62,4,5.0,0.0,2.0,[61 63],0.0,0.0,1.0,0.0,0.0,0.0,0.0,0.0,0.0,0.0
62,5,5.0,0.0,2.0,[61 63],0.0,0.0,0.0,0.0,0.0,0.0,0.0,0.0,0.0,0.0
62,6,5.0,0.0,2.0,[61 63],0.0,0.0,0.0,0.0,0.0,0.0,0.0,0.0,0.0,0.0
62,7,5.0,0.0,2.0,[61 63],0.0,0.0,0.0,0.0,0.0,0.0,0.0,0.0,0.0,0.0
62,8,5.0,0.0,2.0,[61 63],0.0,0.0,0.0,0.0,0.0,0.0,0.0,0.0,0.0,0.0
62,9,5.0,0.0,2.0,[61 63],0.0,0.0,0.0,0.0,0.0,0.0,0.0,0.0,0.0,0.0
62,10,5.0,0.0,2.0,[61 63],0.0,0.0,0.0,0.0,0.0,0.0,0.0,0.0,0.0,0.0
62,11,5.0,0.0,2.0,[61 63],0.0,0.0,0.0,0.0,0.0,0.0,0.0,0.0,0.0,0.0
62,12,5.0,0.0,2.0,[61 63],0.0,0.0,0.0,0.0,0.0,0.0,0.0,0.0,0.0,0.0
62,13,5.0,0.0,2.0,[61 63],0.0,0.0,0.0,0.0,0.0,0.0,0.0,0.0,0.0,0.0
62,14,5.0,0.0,2.0,[61 63],0.0,0.0,0.0,0.0,0.0,0.0,0.0,0.0,0.0,0.0
62,15,5.0,0.0,2.0,[61 63],0.0,0.0,0.0,0.0,0.0,0.0,0.0,0.0,0.0,0.0
62,16,5.0,0.0,2.0,[61 63],0.0,0.0,0.0,0.0,0.0,0.0,0.0,0.0,0.0,0.0
62,17,5.0,0.0,2.0,[61 63],0.0,0.0,0.0,0.0,0.0,0.0,0.0,0.0,0.0,0.0
62,18,5.0,0.0,2.0,[61 63],0.0,0.0,0.0,0.0,0.0,0.0,0.0,0.0,0.0,0.0
62,19,5.0,0.0,2.0,[61 63],0.0,0.0,0.0,0.0,0.0,0.0,0.0,0.0,0.0,0.0
62,20,5.0,0.0,2.0,[61 63],0.0,0.0,0.0,0.0,0.0,0.0,0.0,0.0,0.0,0.0
62,21,5.0,0.0,2.0,[61 63],0.0,0.0,0.0,0.0,0.0,0.0,0.0,0.0,0.0,0.0
62,22,5.0,0.0,2.0,[61 63],0.0,0.0,0.0,0.0,0.0,0.0,0.0,0.0,0.0,0.0
62,23,5.0,0.0,2.0,[61 63],0.0,0.0,0.0,0.0,0.0,0.0,0.0,0.0,0.0,0.0
62,24,5.0,0.0,2.0,[61 63],0.0,0.0,0.0,0.0,0.0,0.0,0.0,0.0,0.0,0.0
62,25,5.0,0.0,2.0,[61 63],0.0,0.0,0.0,0.0,0.0,0.0,0.0,0.0,0.0,0.0
62,26,5.0,0.0,2.0,[61 63],0.0,0.0,0.0,0.0,0.0,0.0,0.0,0.0,0.0,0.0
62,27,5.0,0.0,2.0,[61 63],0.0,0.0,0.0,0.0,0.0,0.0,0.0,0.0,0.0,0.0
62,28,5.0,0.0,2.0,[61 63],0.0,0.0,0.0,0.0,0.0,0.0,0.0,0.0,0.0,0.0
62,29,5.0,0.0,2.0,[61 63],0.0,0.0,0.0,0.0,0.0,0.0,0.0,0.0,0.0,0.0
62,30,5.0,0.0,2.0,[61 63],0.0,0.0,0.0,0.0,0.0,0.0,0.0,0.0,0.0,0.0
62,31,5.0,0.0,2.0,[61 63],0.0,0.0,0.0,0.0,0.0,0.0,0.0,0.0,0.0,0.0
62,32,5.0,0.0,2.0,[61 63],0.0,0.0,0.0,0.0,0.0,0.0,3.0,0.0,0.0,0.0
62,33,5.0,0.0,2.0,[61 63],0.0,0.0,0.0,0.0,0.0,0.0,8.0,0.0,3.0,0.0
62,34,5.0,0.0,2.0,[61 63],3.0,0.0,0.0,0.0,0.0,0.0,28.0,1.0,8.0,0.0
62,35,5.0,0.0,2.0,[61 63],8.0,0.0,0.0,0.0,3.0,0.0,36.0,1.0,28.0,1.0
62,36,5.0,0.0,2.0,[61 63],28.0,1.0,3.0,0.0,8.0,0.0,65.0,6.0,36.0,1.0
62,37,5.0,0.0,2.0,[61 63],36.0,1.0,8.0,0.0,28.0,1.0,75.0,12.0,65.0,6.0
62,38,5.0,0.0,2.0,[61 63],65.0,6.0,28.0,1.0,36.0,1.0,105.0,6.0,75.0,12.0
62,39,5.0,0.0,2.0,[61 63],75.0,12.0,36.0,1.0,65.0,6.0,136.0,20.0,105.0,6.0
62,40,5.0,0.0,2.0,[61 63],105.0,6.0,65.0,6.0,75.0,12.0,166.0,26.0,136.0,20.0
62,41,5.0,0.0,2.0,[61 63],136.0,20.0,75.0,12.0,105.0,6.0,233.0,22.0,166.0,26.0
62,42,5.0,0.0,2.0,[61 63],166.0,26.0,105.0,6.0,136.0,20.0,286.0,62.0,233.0,22.0
62,43,5.0,0.0,2.0,[61 63],233.0,22.0,136.0,20.0,166.0,26.0,435.0,84.0,286.0,62.0
62,44,5.0,0.0,2.0,[61 63],286.0,62.0,166.0,26.0,233.0,22.0,439.0,116.0,435.0,84.0
62,45,5.0,0.0,2.0,[61 63],435.0,84.0,233.0,22.0,286.0,62.0,522.0,99.0,439.0,116.0
62,46,5.0,0.0,2.0,[61 63],439.0,116.0,286.0,62.0,435.0,84.0,589.0,93.0,522.0,99.0
62,47,5.0,0.0,2.0,[61 63],522.0,99.0,435.0,84.0,439.0,116.0,500.0,92.0,589.0,93.0
62,48,5.0,0.0,2.0,[61 63],589.0,93.0,439.0,116.0,522.0,99.0,443.0,81.0,500.0,92.0
62,49,5.0,0.0,2.0,[61 63],500.0,92.0,522.0,99.0,589.0,93.0,444.0,147.0,443.0,81.0
62,50,5.0,0.0,2.0,[61 63],443.0,81.0,589.0,93.0,500.0,92.0,363.0,107.0,444.0,147.0
62,51,5.0,0.0,2.0,[61 63],444.0,147.0,500.0,92.0,443.0,81.0,311.0,96.0,363.0,107.0
62,52,5.0,0.0,2.0,[61 63],363.0,107.0,443.0,81.0,444.0,147.0,225.0,70.0,311.0,96.0
62,53,5.0,0.0,2.0,[61 63],311.0,96.0,444.0,147.0,363.0,107.0,222.0,90.0,225.0,70.0
62,54,5.0,0.0,2.0,[61 63],225.0,70.0,363.0,107.0,311.0,96.0,184.0,56.0,222.0,90.0
62,55,5.0,0.0,2.0,[61 63],222.0,90.0,311.0,96.0,225.0,70.0,148.0,86.0,184.0,56.0
62,56,5.0,0.0,2.0,[61 63],184.0,56.0,225.0,70.0,222.0,90.0,130.0,52.0,148.0,86.0
62,57,5.0,0.0,2.0,[61 63],148.0,86.0,222.0,90.0,184.0,56.0,85.0,68.0,130.0,52.0
62,58,5.0,0.0,2.0,[61 63],130.0,52.0,184.0,56.0,148.0,86.0,109.0,56.0,85.0,68.0
62,59,5.0,0.0,2.0,[61 63],85.0,68.0,148.0,86.0,130.0,52.0,74.0,43.0,109.0,56.0
62,60,5.0,0.0,2.0,[61 63],109.0,56.0,130.0,52.0,85.0,68.0,71.0,43.0,74.0,43.0
62,61,5.0,0.0,2.0,[61 63],74.0,43.0,85.0,68.0,109.0,56.0,75.0,55.0,71.0,43.0
62,62,5.0,0.0,2.0,[61 63],71.0,43.0,109.0,56.0,74.0,43.0,63.0,26.0,75.0,55.0
62,63,5.0,0.0,2.0,[61 63],75.0,55.0,74.0,43.0,71.0,43.0,65.0,47.0,63.0,26.0
62,64,5.0,0.0,2.0,[61 63],63.0,26.0,71.0,43.0,75.0,55.0,57.0,52.0,65.0,47.0
62,65,5.0,0.0,2.0,[61 63],65.0,47.0,75.0,55.0,63.0,26.0,66.0,71.0,57.0,52.0
62,66,5.0,0.0,2.0,[61 63],57.0,52.0,63.0,26.0,65.0,47.0,65.0,52.0,66.0,71.0
62,67,5.0,0.0,2.0,[61 63],66.0,71.0,65.0,47.0,57.0,52.0,65.0,53.0,65.0,52.0
62,68,5.0,0.0,2.0,[61 63],65.0,52.0,57.0,52.0,66.0,71.0,53.0,46.0,65.0,53.0
62,69,5.0,0.0,2.0,[61 63],65.0,53.0,66.0,71.0,65.0,52.0,76.0,41.0,53.0,46.0
62,70,5.0,0.0,2.0,[61 63],53.0,46.0,65.0,52.0,65.0,53.0,75.0,48.0,76.0,41.0
62,71,5.0,0.0,2.0,[61 63],76.0,41.0,65.0,53.0,53.0,46.0,82.0,48.0,75.0,48.0
62,72,5.0,0.0,2.0,[61 63],75.0,48.0,53.0,46.0,76.0,41.0,68.0,57.0,82.0,48.0
62,73,5.0,0.0,2.0,[61 63],82.0,48.0,76.0,41.0,75.0,48.0,77.0,73.0,68.0,57.0
62,74,5.0,0.0,2.0,[61 63],68.0,57.0,75.0,48.0,82.0,48.0,72.0,46.0,77.0,73.0
62,75,5.0,0.0,2.0,[61 63],77.0,73.0,82.0,48.0,68.0,57.0,66.0,57.0,72.0,46.0
62,76,5.0,0.0,2.0,[61 63],72.0,46.0,68.0,57.0,77.0,73.0,82.0,51.0,66.0,57.0
62,77,5.0,0.0,2.0,[61 63],66.0,57.0,77.0,73.0,72.0,46.0,70.0,56.0,82.0,51.0
62,78,5.0,0.0,2.0,[61 63],82.0,51.0,72.0,46.0,66.0,57.0,63.0,53.0,70.0,56.0
62,79,5.0,0.0,2.0,[61 63],70.0,56.0,66.0,57.0,82.0,51.0,76.0,66.0,63.0,53.0
62,80,5.0,0.0,2.0,[61 63],63.0,53.0,82.0,51.0,70.0,56.0,69.0,55.0,76.0,66.0
62,81,5.0,0.0,2.0,[61 63],76.0,66.0,70.0,56.0,63.0,53.0,60.0,53.0,69.0,55.0
62,82,5.0,0.0,2.0,[61 63],69.0,55.0,63.0,53.0,76.0,66.0,78.0,66.0,60.0,53.0
62,83,5.0,0.0,2.0,[61 63],60.0,53.0,76.0,66.0,69.0,55.0,68.0,63.0,78.0,66.0
62,84,5.0,0.0,2.0,[61 63],78.0,66.0,69.0,55.0,60.0,53.0,70.0,38.0,68.0,63.0
62,85,5.0,0.0,2.0,[61 63],68.0,63.0,60.0,53.0,78.0,66.0,56.0,42.0,70.0,38.0
62,86,5.0,0.0,2.0,[61 63],70.0,38.0,78.0,66.0,68.0,63.0,63.0,66.0,56.0,42.0
62,87,5.0,0.0,2.0,[61 63],56.0,42.0,68.0,63.0,70.0,38.0,49.0,58.0,63.0,66.0
62,88,5.0,0.0,2.0,[61 63],63.0,66.0,70.0,38.0,56.0,42.0,69.0,87.0,49.0,58.0
62,89,5.0,0.0,2.0,[61 63],49.0,58.0,56.0,42.0,63.0,66.0,77.0,66.0,69.0,87.0
62,90,5.0,0.0,2.0,[61 63],69.0,87.0,63.0,66.0,49.0,58.0,79.0,91.0,77.0,66.0
62,91,5.0,0.0,2.0,[61 63],77.0,66.0,49.0,58.0,69.0,87.0,64.0,102.0,79.0,91.0
62,92,5.0,0.0,2.0,[61 63],79.0,91.0,69.0,87.0,77.0,66.0,74.0,104.0,64.0,102.0
62,93,5.0,0.0,2.0,[61 63],64.0,102.0,77.0,66.0,79.0,91.0,59.0,89.0,74.0,104.0
62,94,5.0,0.0,2.0,[61 63],74.0,104.0,79.0,91.0,64.0,102.0,57.0,132.0,59.0,89.0
62,95,5.0,0.0,2.0,[61 63],59.0,89.0,64.0,102.0,74.0,104.0,88.0,130.0,57.0,132.0
62,96,5.0,0.0,2.0,[61 63],57.0,132.0,74.0,104.0,59.0,89.0,68.0,128.0,88.0,130.0
62,97,5.0,0.0,2.0,[61 63],88.0,130.0,59.0,89.0,57.0,132.0,58.0,120.0,68.0,128.0
62,98,5.0,0.0,2.0,[61 63],68.0,128.0,57.0,132.0,88.0,130.0,66.0,140.0,58.0,120.0
62,99,5.0,0.0,2.0,[61 63],58.0,120.0,88.0,130.0,68.0,128.0,81.0,119.0,66.0,140.0
62,100,5.0,0.0,2.0,[61 63],66.0,140.0,68.0,128.0,58.0,120.0,82.0,150.0,81.0,119.0
62,101,5.0,0.0,2.0,[61 63],81.0,119.0,58.0,120.0,66.0,140.0,102.0,162.0,82.0,150.0
62,102,5.0,0.0,2.0,[61 63],82.0,150.0,66.0,140.0,81.0,119.0,108.0,153.0,102.0,162.0
62,103,5.0,0.0,2.0,[61 63],102.0,162.0,81.0,119.0,82.0,150.0,93.0,250.0,108.0,153.0
62,104,5.0,0.0,2.0,[61 63],108.0,153.0,82.0,150.0,102.0,162.0,96.0,328.0,93.0,250.0
62,105,5.0,0.0,2.0,[61 63],93.0,250.0,102.0,162.0,108.0,153.0,112.0,241.0,96.0,328.0
62,106,5.0,0.0,2.0,[61 63],96.0,328.0,108.0,153.0,93.0,250.0,101.0,294.0,112.0,241.0
62,107,5.0,0.0,2.0,[61 63],112.0,241.0,93.0,250.0,96.0,328.0,113.0,389.0,101.0,294.0
62,108,5.0,0.0,2.0,[61 63],101.0,294.0,96.0,328.0,112.0,241.0,161.0,369.0,113.0,389.0
62,109,5.0,0.0,2.0,[61 63],113.0,389.0,112.0,241.0,101.0,294.0,91.0,321.0,161.0,369.0
62,110,5.0,0.0,2.0,[61 63],161.0,369.0,101.0,294.0,113.0,389.0,132.0,352.0,91.0,321.0
62,111,5.0,0.0,2.0,[61 63],91.0,321.0,113.0,389.0,161.0,369.0,81.0,225.0,132.0,352.0
62,112,5.0,0.0,2.0,[61 63],132.0,352.0,161.0,369.0,91.0,321.0,62.0,300.0,81.0,225.0
62,113,5.0,0.0,2.0,[61 63],81.0,225.0,91.0,321.0,132.0,352.0,79.0,162.0,62.0,300.0
62,114,5.0,0.0,2.0,[61 63],62.0,300.0,132.0,352.0,81.0,225.0,72.0,247.0,79.0,162.0
62,115,5.0,0.0,2.0,[61 63],79.0,162.0,81.0,225.0,62.0,300.0,39.0,205.0,72.0,247.0
62,116,5.0,0.0,2.0,[61 63],72.0,247.0,62.0,300.0,79.0,162.0,62.0,209.0,39.0,205.0
62,117,5.0,0.0,2.0,[61 63],39.0,205.0,79.0,162.0,72.0,247.0,34.0,166.0,62.0,209.0
62,118,5.0,0.0,2.0,[61 63],62.0,209.0,72.0,247.0,39.0,205.0,48.0,103.0,34.0,166.0
62,119,5.0,0.0,2.0,[61 63],34.0,166.0,39.0,205.0,62.0,209.0,48.0,171.0,48.0,103.0
62,120,5.0,0.0,2.0,[61 63],48.0,103.0,62.0,209.0,34.0,166.0,42.0,140.0,48.0,171.0
62,121,5.0,0.0,2.0,[61 63],48.0,171.0,34.0,166.0,48.0,103.0,50.0,164.0,42.0,140.0
62,122,5.0,0.0,2.0,[61 63],42.0,140.0,48.0,103.0,48.0,171.0,50.0,145.0,50.0,164.0
62,123,5.0,0.0,2.0,[61 63],50.0,164.0,48.0,171.0,42.0,140.0,37.0,142.0,50.0,145.0
62,124,5.0,0.0,2.0,[61 63],50.0,145.0,42.0,140.0,50.0,164.0,53.0,191.0,37.0,142.0
62,125,5.0,0.0,2.0,[61 63],37.0,142.0,50.0,164.0,50.0,145.0,32.0,227.0,53.0,191.0
62,126,5.0,0.0,2.0,[61 63],53.0,191.0,50.0,145.0,37.0,142.0,42.0,152.0,32.0,227.0
62,127,5.0,0.0,2.0,[61 63],32.0,227.0,37.0,142.0,53.0,191.0,35.0,149.0,42.0,152.0
62,128,5.0,0.0,2.0,[61 63],42.0,152.0,53.0,191.0,32.0,227.0,35.0,133.0,35.0,149.0
62,129,5.0,0.0,2.0,[61 63],35.0,149.0,32.0,227.0,42.0,152.0,31.0,152.0,35.0,133.0
62,130,5.0,0.0,2.0,[61 63],35.0,133.0,42.0,152.0,35.0,149.0,21.0,108.0,31.0,152.0
62,131,5.0,0.0,2.0,[61 63],31.0,152.0,35.0,149.0,35.0,133.0,12.0,126.0,21.0,108.0
62,132,5.0,0.0,2.0,[61 63],21.0,108.0,35.0,133.0,31.0,152.0,23.0,58.0,12.0,126.0
62,133,5.0,0.0,2.0,[61 63],12.0,126.0,31.0,152.0,21.0,108.0,20.0,122.0,23.0,58.0
62,134,5.0,0.0,2.0,[61 63],23.0,58.0,21.0,108.0,12.0,126.0,19.0,85.0,20.0,122.0
62,135,5.0,0.0,2.0,[61 63],20.0,122.0,12.0,126.0,23.0,58.0,3.0,48.0,19.0,85.0
62,136,5.0,0.0,2.0,[61 63],19.0,85.0,23.0,58.0,20.0,122.0,1.0,70.0,3.0,48.0
62,137,5.0,0.0,2.0,[61 63],3.0,48.0,20.0,122.0,19.0,85.0,0.0,38.0,1.0,70.0
62,138,5.0,0.0,2.0,[61 63],1.0,70.0,19.0,85.0,3.0,48.0,0.0,38.0,0.0,38.0
62,139,5.0,0.0,2.0,[61 63],0.0,38.0,3.0,48.0,1.0,70.0,0.0,33.0,0.0,38.0
62,140,5.0,0.0,2.0,[61 63],0.0,38.0,1.0,70.0,0.0,38.0,1.0,23.0,0.0,33.0
62,141,5.0,0.0,2.0,[61 63],0.0,33.0,0.0,38.0,0.0,38.0,2.0,7.0,1.0,23.0
62,142,5.0,0.0,2.0,[61 63],1.0,23.0,0.0,38.0,0.0,33.0,0.0,0.0,2.0,7.0
62,143,5.0,0.0,2.0,[61 63],2.0,7.0,0.0,33.0,1.0,23.0,0.0,0.0,0.0,0.0
63,0,5.0,0.0,2.0,[62 64],0.0,0.0,0.0,0.0,0.0,0.0,0.0,0.0,0.0,0.0
63,1,5.0,0.0,2.0,[62 64],0.0,0.0,0.0,0.0,0.0,0.0,0.0,0.0,0.0,0.0
63,2,5.0,0.0,2.0,[62 64],0.0,0.0,0.0,0.0,0.0,0.0,0.0,0.0,0.0,0.0
63,3,5.0,0.0,2.0,[62 64],0.0,0.0,0.0,0.0,0.0,0.0,0.0,0.0,0.0,0.0
63,4,5.0,0.0,2.0,[62 64],0.0,0.0,0.0,0.0,0.0,0.0,0.0,0.0,0.0,0.0
63,5,5.0,0.0,2.0,[62 64],0.0,0.0,0.0,0.0,0.0,0.0,0.0,0.0,0.0,0.0
63,6,5.0,0.0,2.0,[62 64],0.0,0.0,0.0,0.0,0.0,0.0,0.0,0.0,0.0,0.0
63,7,5.0,0.0,2.0,[62 64],0.0,0.0,0.0,0.0,0.0,0.0,0.0,0.0,0.0,0.0
63,8,5.0,0.0,2.0,[62 64],0.0,0.0,0.0,0.0,0.0,0.0,0.0,0.0,0.0,0.0
63,9,5.0,0.0,2.0,[62 64],0.0,0.0,0.0,0.0,0.0,0.0,0.0,0.0,0.0,0.0
63,10,5.0,0.0,2.0,[62 64],0.0,0.0,0.0,0.0,0.0,0.0,0.0,0.0,0.0,0.0
63,11,5.0,0.0,2.0,[62 64],0.0,0.0,0.0,0.0,0.0,0.0,0.0,0.0,0.0,0.0
63,12,5.0,0.0,2.0,[62 64],0.0,0.0,0.0,0.0,0.0,0.0,0.0,0.0,0.0,0.0
63,13,5.0,0.0,2.0,[62 64],0.0,0.0,0.0,0.0,0.0,0.0,0.0,0.0,0.0,0.0
63,14,5.0,0.0,2.0,[62 64],0.0,0.0,0.0,0.0,0.0,0.0,0.0,0.0,0.0,0.0
63,15,5.0,0.0,2.0,[62 64],0.0,0.0,0.0,0.0,0.0,0.0,0.0,0.0,0.0,0.0
63,16,5.0,0.0,2.0,[62 64],0.0,0.0,0.0,0.0,0.0,0.0,0.0,0.0,0.0,0.0
63,17,5.0,0.0,2.0,[62 64],0.0,0.0,0.0,0.0,0.0,0.0,0.0,0.0,0.0,0.0
63,18,5.0,0.0,2.0,[62 64],0.0,0.0,0.0,0.0,0.0,0.0,0.0,0.0,0.0,0.0
63,19,5.0,0.0,2.0,[62 64],0.0,0.0,0.0,0.0,0.0,0.0,0.0,0.0,0.0,0.0
63,20,5.0,0.0,2.0,[62 64],0.0,0.0,0.0,0.0,0.0,0.0,0.0,0.0,0.0,0.0
63,21,5.0,0.0,2.0,[62 64],0.0,0.0,0.0,0.0,0.0,0.0,0.0,0.0,0.0,0.0
63,22,5.0,0.0,2.0,[62 64],0.0,0.0,0.0,0.0,0.0,0.0,0.0,0.0,0.0,0.0
63,23,5.0,0.0,2.0,[62 64],0.0,0.0,0.0,0.0,0.0,0.0,0.0,0.0,0.0,0.0
63,24,5.0,0.0,2.0,[62 64],0.0,0.0,0.0,0.0,0.0,0.0,0.0,0.0,0.0,0.0
63,25,5.0,0.0,2.0,[62 64],0.0,0.0,0.0,0.0,0.0,0.0,0.0,0.0,0.0,0.0
63,26,5.0,0.0,2.0,[62 64],0.0,0.0,0.0,0.0,0.0,0.0,0.0,0.0,0.0,0.0
63,27,5.0,0.0,2.0,[62 64],0.0,0.0,0.0,0.0,0.0,0.0,0.0,0.0,0.0,0.0
63,28,5.0,0.0,2.0,[62 64],0.0,0.0,0.0,0.0,0.0,0.0,0.0,0.0,0.0,0.0
63,29,5.0,0.0,2.0,[62 64],0.0,0.0,0.0,0.0,0.0,0.0,0.0,0.0,0.0,0.0
63,30,5.0,0.0,2.0,[62 64],0.0,0.0,0.0,0.0,0.0,0.0,0.0,0.0,0.0,0.0
63,31,5.0,0.0,2.0,[62 64],0.0,0.0,0.0,0.0,0.0,0.0,0.0,0.0,0.0,0.0
63,32,5.0,0.0,2.0,[62 64],0.0,0.0,0.0,0.0,0.0,0.0,3.0,0.0,0.0,0.0
63,33,5.0,0.0,2.0,[62 64],0.0,0.0,0.0,0.0,0.0,0.0,10.0,0.0,3.0,0.0
63,34,5.0,0.0,2.0,[62 64],3.0,0.0,0.0,0.0,0.0,0.0,24.0,0.0,10.0,0.0
63,35,5.0,0.0,2.0,[62 64],10.0,0.0,0.0,0.0,3.0,0.0,46.0,8.0,24.0,0.0
63,36,5.0,0.0,2.0,[62 64],24.0,0.0,3.0,0.0,10.0,0.0,50.0,7.0,46.0,8.0
63,37,5.0,0.0,2.0,[62 64],46.0,8.0,10.0,0.0,24.0,0.0,58.0,9.0,50.0,7.0
63,38,5.0,0.0,2.0,[62 64],50.0,7.0,24.0,0.0,46.0,8.0,100.0,22.0,58.0,9.0
63,39,5.0,0.0,2.0,[62 64],58.0,9.0,46.0,8.0,50.0,7.0,179.0,7.0,100.0,22.0
63,40,5.0,0.0,2.0,[62 64],100.0,22.0,50.0,7.0,58.0,9.0,193.0,26.0,179.0,7.0
63,41,5.0,0.0,2.0,[62 64],179.0,7.0,58.0,9.0,100.0,22.0,263.0,39.0,193.0,26.0
63,42,5.0,0.0,2.0,[62 64],193.0,26.0,100.0,22.0,179.0,7.0,358.0,37.0,263.0,39.0
63,43,5.0,0.0,2.0,[62 64],263.0,39.0,179.0,7.0,193.0,26.0,563.0,29.0,358.0,37.0
63,44,5.0,0.0,2.0,[62 64],358.0,37.0,193.0,26.0,263.0,39.0,491.0,64.0,563.0,29.0
63,45,5.0,0.0,2.0,[62 64],563.0,29.0,263.0,39.0,358.0,37.0,590.0,68.0,491.0,64.0
63,46,5.0,0.0,2.0,[62 64],491.0,64.0,358.0,37.0,563.0,29.0,616.0,45.0,590.0,68.0
63,47,5.0,0.0,2.0,[62 64],590.0,68.0,563.0,29.0,491.0,64.0,549.0,88.0,616.0,45.0
63,48,5.0,0.0,2.0,[62 64],616.0,45.0,491.0,64.0,590.0,68.0,570.0,36.0,549.0,88.0
63,49,5.0,0.0,2.0,[62 64],549.0,88.0,590.0,68.0,616.0,45.0,432.0,63.0,570.0,36.0
63,50,5.0,0.0,2.0,[62 64],570.0,36.0,616.0,45.0,549.0,88.0,383.0,50.0,432.0,63.0
63,51,5.0,0.0,2.0,[62 64],432.0,63.0,549.0,88.0,570.0,36.0,271.0,87.0,383.0,50.0
63,52,5.0,0.0,2.0,[62 64],383.0,50.0,570.0,36.0,432.0,63.0,246.0,65.0,271.0,87.0
63,53,5.0,0.0,2.0,[62 64],271.0,87.0,432.0,63.0,383.0,50.0,207.0,53.0,246.0,65.0
63,54,5.0,0.0,2.0,[62 64],246.0,65.0,383.0,50.0,271.0,87.0,149.0,57.0,207.0,53.0
63,55,5.0,0.0,2.0,[62 64],207.0,53.0,271.0,87.0,246.0,65.0,141.0,51.0,149.0,57.0
63,56,5.0,0.0,2.0,[62 64],149.0,57.0,246.0,65.0,207.0,53.0,122.0,67.0,141.0,51.0
63,57,5.0,0.0,2.0,[62 64],141.0,51.0,207.0,53.0,149.0,57.0,107.0,35.0,122.0,67.0
63,58,5.0,0.0,2.0,[62 64],122.0,67.0,149.0,57.0,141.0,51.0,100.0,54.0,107.0,35.0
63,59,5.0,0.0,2.0,[62 64],107.0,35.0,141.0,51.0,122.0,67.0,94.0,47.0,100.0,54.0
63,60,5.0,0.0,2.0,[62 64],100.0,54.0,122.0,67.0,107.0,35.0,73.0,37.0,94.0,47.0
63,61,5.0,0.0,2.0,[62 64],94.0,47.0,107.0,35.0,100.0,54.0,74.0,38.0,73.0,37.0
63,62,5.0,0.0,2.0,[62 64],73.0,37.0,100.0,54.0,94.0,47.0,80.0,56.0,74.0,38.0
63,63,5.0,0.0,2.0,[62 64],74.0,38.0,94.0,47.0,73.0,37.0,64.0,53.0,80.0,56.0
63,64,5.0,0.0,2.0,[62 64],80.0,56.0,73.0,37.0,74.0,38.0,61.0,45.0,64.0,53.0
63,65,5.0,0.0,2.0,[62 64],64.0,53.0,74.0,38.0,80.0,56.0,74.0,51.0,61.0,45.0
63,66,5.0,0.0,2.0,[62 64],61.0,45.0,80.0,56.0,64.0,53.0,61.0,37.0,74.0,51.0
63,67,5.0,0.0,2.0,[62 64],74.0,51.0,64.0,53.0,61.0,45.0,58.0,63.0,61.0,37.0
63,68,5.0,0.0,2.0,[62 64],61.0,37.0,61.0,45.0,74.0,51.0,73.0,52.0,58.0,63.0
63,69,5.0,0.0,2.0,[62 64],58.0,63.0,74.0,51.0,61.0,37.0,59.0,62.0,73.0,52.0
63,70,5.0,0.0,2.0,[62 64],73.0,52.0,61.0,37.0,58.0,63.0,82.0,50.0,59.0,62.0
63,71,5.0,0.0,2.0,[62 64],59.0,62.0,58.0,63.0,73.0,52.0,86.0,75.0,82.0,50.0
63,72,5.0,0.0,2.0,[62 64],82.0,50.0,73.0,52.0,59.0,62.0,88.0,58.0,86.0,75.0
63,73,5.0,0.0,2.0,[62 64],86.0,75.0,59.0,62.0,82.0,50.0,94.0,52.0,88.0,58.0
63,74,5.0,0.0,2.0,[62 64],88.0,58.0,82.0,50.0,86.0,75.0,91.0,50.0,94.0,52.0
63,75,5.0,0.0,2.0,[62 64],94.0,52.0,86.0,75.0,88.0,58.0,86.0,62.0,91.0,50.0
63,76,5.0,0.0,2.0,[62 64],91.0,50.0,88.0,58.0,94.0,52.0,91.0,61.0,86.0,62.0
63,77,5.0,0.0,2.0,[62 64],86.0,62.0,94.0,52.0,91.0,50.0,89.0,64.0,91.0,61.0
63,78,5.0,0.0,2.0,[62 64],91.0,61.0,91.0,50.0,86.0,62.0,67.0,48.0,89.0,64.0
63,79,5.0,0.0,2.0,[62 64],89.0,64.0,86.0,62.0,91.0,61.0,78.0,50.0,67.0,48.0
63,80,5.0,0.0,2.0,[62 64],67.0,48.0,91.0,61.0,89.0,64.0,80.0,47.0,78.0,50.0
63,81,5.0,0.0,2.0,[62 64],78.0,50.0,89.0,64.0,67.0,48.0,63.0,42.0,80.0,47.0
63,82,5.0,0.0,2.0,[62 64],80.0,47.0,67.0,48.0,78.0,50.0,75.0,50.0,63.0,42.0
63,83,5.0,0.0,2.0,[62 64],63.0,42.0,78.0,50.0,80.0,47.0,59.0,39.0,75.0,50.0
63,84,5.0,0.0,2.0,[62 64],75.0,50.0,80.0,47.0,63.0,42.0,67.0,68.0,59.0,39.0
63,85,5.0,0.0,2.0,[62 64],59.0,39.0,63.0,42.0,75.0,50.0,77.0,80.0,67.0,68.0
63,86,5.0,0.0,2.0,[62 64],67.0,68.0,75.0,50.0,59.0,39.0,76.0,85.0,77.0,80.0
63,87,5.0,0.0,2.0,[62 64],77.0,80.0,59.0,39.0,67.0,68.0,92.0,74.0,76.0,85.0
63,88,5.0,0.0,2.0,[62 64],76.0,85.0,67.0,68.0,77.0,80.0,84.0,67.0,92.0,74.0
63,89,5.0,0.0,2.0,[62 64],92.0,74.0,77.0,80.0,76.0,85.0,72.0,68.0,84.0,67.0
63,90,5.0,0.0,2.0,[62 64],84.0,67.0,76.0,85.0,92.0,74.0,73.0,115.0,72.0,68.0
63,91,5.0,0.0,2.0,[62 64],72.0,68.0,92.0,74.0,84.0,67.0,90.0,93.0,73.0,115.0
63,92,5.0,0.0,2.0,[62 64],73.0,115.0,84.0,67.0,72.0,68.0,114.0,87.0,90.0,93.0
63,93,5.0,0.0,2.0,[62 64],90.0,93.0,72.0,68.0,73.0,115.0,101.0,124.0,114.0,87.0
63,94,5.0,0.0,2.0,[62 64],114.0,87.0,73.0,115.0,90.0,93.0,81.0,119.0,101.0,124.0
63,95,5.0,0.0,2.0,[62 64],101.0,124.0,90.0,93.0,114.0,87.0,99.0,128.0,81.0,119.0
63,96,5.0,0.0,2.0,[62 64],81.0,119.0,114.0,87.0,101.0,124.0,90.0,130.0,99.0,128.0
63,97,5.0,0.0,2.0,[62 64],99.0,128.0,101.0,124.0,81.0,119.0,102.0,104.0,90.0,130.0
63,98,5.0,0.0,2.0,[62 64],90.0,130.0,81.0,119.0,99.0,128.0,118.0,125.0,102.0,104.0
63,99,5.0,0.0,2.0,[62 64],102.0,104.0,99.0,128.0,90.0,130.0,82.0,135.0,118.0,125.0
63,100,5.0,0.0,2.0,[62 64],118.0,125.0,90.0,130.0,102.0,104.0,74.0,166.0,82.0,135.0
63,101,5.0,0.0,2.0,[62 64],82.0,135.0,102.0,104.0,118.0,125.0,102.0,201.0,74.0,166.0
63,102,5.0,0.0,2.0,[62 64],74.0,166.0,118.0,125.0,82.0,135.0,93.0,223.0,102.0,201.0
63,103,5.0,0.0,2.0,[62 64],102.0,201.0,82.0,135.0,74.0,166.0,102.0,272.0,93.0,223.0
63,104,5.0,0.0,2.0,[62 64],93.0,223.0,74.0,166.0,102.0,201.0,91.0,261.0,102.0,272.0
63,105,5.0,0.0,2.0,[62 64],102.0,272.0,102.0,201.0,93.0,223.0,137.0,375.0,91.0,261.0
63,106,5.0,0.0,2.0,[62 64],91.0,261.0,93.0,223.0,102.0,272.0,98.0,349.0,137.0,375.0
63,107,5.0,0.0,2.0,[62 64],137.0,375.0,102.0,272.0,91.0,261.0,119.0,428.0,98.0,349.0
63,108,5.0,0.0,2.0,[62 64],98.0,349.0,91.0,261.0,137.0,375.0,84.0,368.0,119.0,428.0
63,109,5.0,0.0,2.0,[62 64],119.0,428.0,137.0,375.0,98.0,349.0,83.0,331.0,84.0,368.0
63,110,5.0,0.0,2.0,[62 64],84.0,368.0,98.0,349.0,119.0,428.0,82.0,391.0,83.0,331.0
63,111,5.0,0.0,2.0,[62 64],83.0,331.0,119.0,428.0,84.0,368.0,75.0,318.0,82.0,391.0
63,112,5.0,0.0,2.0,[62 64],82.0,391.0,84.0,368.0,83.0,331.0,79.0,238.0,75.0,318.0
63,113,5.0,0.0,2.0,[62 64],75.0,318.0,83.0,331.0,82.0,391.0,56.0,243.0,79.0,238.0
63,114,5.0,0.0,2.0,[62 64],79.0,238.0,82.0,391.0,75.0,318.0,68.0,298.0,56.0,243.0
63,115,5.0,0.0,2.0,[62 64],56.0,243.0,75.0,318.0,79.0,238.0,54.0,181.0,68.0,298.0
63,116,5.0,0.0,2.0,[62 64],68.0,298.0,79.0,238.0,56.0,243.0,76.0,181.0,54.0,181.0
63,117,5.0,0.0,2.0,[62 64],54.0,181.0,56.0,243.0,68.0,298.0,37.0,161.0,76.0,181.0
63,118,5.0,0.0,2.0,[62 64],76.0,181.0,68.0,298.0,54.0,181.0,58.0,238.0,37.0,161.0
63,119,5.0,0.0,2.0,[62 64],37.0,161.0,54.0,181.0,76.0,181.0,60.0,162.0,58.0,238.0
63,120,5.0,0.0,2.0,[62 64],58.0,238.0,76.0,181.0,37.0,161.0,71.0,142.0,60.0,162.0
63,121,5.0,0.0,2.0,[62 64],60.0,162.0,37.0,161.0,58.0,238.0,73.0,163.0,71.0,142.0
63,122,5.0,0.0,2.0,[62 64],71.0,142.0,58.0,238.0,60.0,162.0,60.0,122.0,73.0,163.0
63,123,5.0,0.0,2.0,[62 64],73.0,163.0,60.0,162.0,71.0,142.0,62.0,189.0,60.0,122.0
63,124,5.0,0.0,2.0,[62 64],60.0,122.0,71.0,142.0,73.0,163.0,73.0,158.0,62.0,189.0
63,125,5.0,0.0,2.0,[62 64],62.0,189.0,73.0,163.0,60.0,122.0,54.0,149.0,73.0,158.0
63,126,5.0,0.0,2.0,[62 64],73.0,158.0,60.0,122.0,62.0,189.0,75.0,141.0,54.0,149.0
63,127,5.0,0.0,2.0,[62 64],54.0,149.0,62.0,189.0,73.0,158.0,59.0,136.0,75.0,141.0
63,128,5.0,0.0,2.0,[62 64],75.0,141.0,73.0,158.0,54.0,149.0,45.0,136.0,59.0,136.0
63,129,5.0,0.0,2.0,[62 64],59.0,136.0,54.0,149.0,75.0,141.0,31.0,146.0,45.0,136.0
63,130,5.0,0.0,2.0,[62 64],45.0,136.0,75.0,141.0,59.0,136.0,50.0,141.0,31.0,146.0
63,131,5.0,0.0,2.0,[62 64],31.0,146.0,59.0,136.0,45.0,136.0,44.0,81.0,50.0,141.0
63,132,5.0,0.0,2.0,[62 64],50.0,141.0,45.0,136.0,31.0,146.0,43.0,128.0,44.0,81.0
63,133,5.0,0.0,2.0,[62 64],44.0,81.0,31.0,146.0,50.0,141.0,29.0,104.0,43.0,128.0
63,134,5.0,0.0,2.0,[62 64],43.0,128.0,50.0,141.0,44.0,81.0,19.0,46.0,29.0,104.0
63,135,5.0,0.0,2.0,[62 64],29.0,104.0,44.0,81.0,43.0,128.0,5.0,85.0,19.0,46.0
63,136,5.0,0.0,2.0,[62 64],19.0,46.0,43.0,128.0,29.0,104.0,3.0,32.0,5.0,85.0
63,137,5.0,0.0,2.0,[62 64],5.0,85.0,29.0,104.0,19.0,46.0,1.0,61.0,3.0,32.0
63,138,5.0,0.0,2.0,[62 64],3.0,32.0,19.0,46.0,5.0,85.0,0.0,36.0,1.0,61.0
63,139,5.0,0.0,2.0,[62 64],1.0,61.0,5.0,85.0,3.0,32.0,5.0,36.0,0.0,36.0
63,140,5.0,0.0,2.0,[62 64],0.0,36.0,3.0,32.0,1.0,61.0,2.0,18.0,5.0,36.0
63,141,5.0,0.0,2.0,[62 64],5.0,36.0,1.0,61.0,0.0,36.0,0.0,13.0,2.0,18.0
63,142,5.0,0.0,2.0,[62 64],2.0,18.0,0.0,36.0,5.0,36.0,0.0,0.0,0.0,13.0
63,143,5.0,0.0,2.0,[62 64],0.0,13.0,5.0,36.0,2.0,18.0,0.0,0.0,0.0,0.0
64,0,5.0,0.0,2.0,[63 65],0.0,2.0,0.0,0.0,0.0,0.0,0.0,0.0,0.0,0.0
64,1,5.0,0.0,2.0,[63 65],0.0,0.0,0.0,0.0,0.0,2.0,0.0,0.0,0.0,0.0
64,2,5.0,0.0,2.0,[63 65],0.0,0.0,0.0,2.0,0.0,0.0,0.0,0.0,0.0,0.0
64,3,5.0,0.0,2.0,[63 65],0.0,0.0,0.0,0.0,0.0,0.0,0.0,0.0,0.0,0.0
64,4,5.0,0.0,2.0,[63 65],0.0,0.0,0.0,0.0,0.0,0.0,0.0,0.0,0.0,0.0
64,5,5.0,0.0,2.0,[63 65],0.0,0.0,0.0,0.0,0.0,0.0,0.0,0.0,0.0,0.0
64,6,5.0,0.0,2.0,[63 65],0.0,0.0,0.0,0.0,0.0,0.0,0.0,0.0,0.0,0.0
64,7,5.0,0.0,2.0,[63 65],0.0,0.0,0.0,0.0,0.0,0.0,0.0,0.0,0.0,0.0
64,8,5.0,0.0,2.0,[63 65],0.0,0.0,0.0,0.0,0.0,0.0,0.0,0.0,0.0,0.0
64,9,5.0,0.0,2.0,[63 65],0.0,0.0,0.0,0.0,0.0,0.0,0.0,0.0,0.0,0.0
64,10,5.0,0.0,2.0,[63 65],0.0,0.0,0.0,0.0,0.0,0.0,0.0,0.0,0.0,0.0
64,11,5.0,0.0,2.0,[63 65],0.0,0.0,0.0,0.0,0.0,0.0,0.0,0.0,0.0,0.0
64,12,5.0,0.0,2.0,[63 65],0.0,0.0,0.0,0.0,0.0,0.0,0.0,0.0,0.0,0.0
64,13,5.0,0.0,2.0,[63 65],0.0,0.0,0.0,0.0,0.0,0.0,0.0,0.0,0.0,0.0
64,14,5.0,0.0,2.0,[63 65],0.0,0.0,0.0,0.0,0.0,0.0,0.0,0.0,0.0,0.0
64,15,5.0,0.0,2.0,[63 65],0.0,0.0,0.0,0.0,0.0,0.0,0.0,0.0,0.0,0.0
64,16,5.0,0.0,2.0,[63 65],0.0,0.0,0.0,0.0,0.0,0.0,0.0,0.0,0.0,0.0
64,17,5.0,0.0,2.0,[63 65],0.0,0.0,0.0,0.0,0.0,0.0,0.0,0.0,0.0,0.0
64,18,5.0,0.0,2.0,[63 65],0.0,0.0,0.0,0.0,0.0,0.0,0.0,0.0,0.0,0.0
64,19,5.0,0.0,2.0,[63 65],0.0,0.0,0.0,0.0,0.0,0.0,0.0,0.0,0.0,0.0
64,20,5.0,0.0,2.0,[63 65],0.0,0.0,0.0,0.0,0.0,0.0,0.0,0.0,0.0,0.0
64,21,5.0,0.0,2.0,[63 65],0.0,0.0,0.0,0.0,0.0,0.0,0.0,0.0,0.0,0.0
64,22,5.0,0.0,2.0,[63 65],0.0,0.0,0.0,0.0,0.0,0.0,0.0,0.0,0.0,0.0
64,23,5.0,0.0,2.0,[63 65],0.0,0.0,0.0,0.0,0.0,0.0,0.0,0.0,0.0,0.0
64,24,5.0,0.0,2.0,[63 65],0.0,0.0,0.0,0.0,0.0,0.0,0.0,0.0,0.0,0.0
64,25,5.0,0.0,2.0,[63 65],0.0,0.0,0.0,0.0,0.0,0.0,0.0,0.0,0.0,0.0
64,26,5.0,0.0,2.0,[63 65],0.0,0.0,0.0,0.0,0.0,0.0,0.0,0.0,0.0,0.0
64,27,5.0,0.0,2.0,[63 65],0.0,0.0,0.0,0.0,0.0,0.0,0.0,0.0,0.0,0.0
64,28,5.0,0.0,2.0,[63 65],0.0,0.0,0.0,0.0,0.0,0.0,0.0,0.0,0.0,0.0
64,29,5.0,0.0,2.0,[63 65],0.0,0.0,0.0,0.0,0.0,0.0,0.0,0.0,0.0,0.0
64,30,5.0,0.0,2.0,[63 65],0.0,0.0,0.0,0.0,0.0,0.0,0.0,0.0,0.0,0.0
64,31,5.0,0.0,2.0,[63 65],0.0,0.0,0.0,0.0,0.0,0.0,0.0,0.0,0.0,0.0
64,32,5.0,0.0,2.0,[63 65],0.0,0.0,0.0,0.0,0.0,0.0,12.0,1.0,0.0,0.0
64,33,5.0,0.0,2.0,[63 65],0.0,0.0,0.0,0.0,0.0,0.0,11.0,0.0,12.0,1.0
64,34,5.0,0.0,2.0,[63 65],12.0,1.0,0.0,0.0,0.0,0.0,25.0,0.0,11.0,0.0
64,35,5.0,0.0,2.0,[63 65],11.0,0.0,0.0,0.0,12.0,1.0,30.0,0.0,25.0,0.0
64,36,5.0,0.0,2.0,[63 65],25.0,0.0,12.0,1.0,11.0,0.0,39.0,1.0,30.0,0.0
64,37,5.0,0.0,2.0,[63 65],30.0,0.0,11.0,0.0,25.0,0.0,43.0,3.0,39.0,1.0
64,38,5.0,0.0,2.0,[63 65],39.0,1.0,25.0,0.0,30.0,0.0,72.0,3.0,43.0,3.0
64,39,5.0,0.0,2.0,[63 65],43.0,3.0,30.0,0.0,39.0,1.0,87.0,5.0,72.0,3.0
64,40,5.0,0.0,2.0,[63 65],72.0,3.0,39.0,1.0,43.0,3.0,92.0,2.0,87.0,5.0
64,41,5.0,0.0,2.0,[63 65],87.0,5.0,43.0,3.0,72.0,3.0,153.0,8.0,92.0,2.0
64,42,5.0,0.0,2.0,[63 65],92.0,2.0,72.0,3.0,87.0,5.0,167.0,9.0,153.0,8.0
64,43,5.0,0.0,2.0,[63 65],153.0,8.0,87.0,5.0,92.0,2.0,246.0,12.0,167.0,9.0
64,44,5.0,0.0,2.0,[63 65],167.0,9.0,92.0,2.0,153.0,8.0,300.0,7.0,246.0,12.0
64,45,5.0,0.0,2.0,[63 65],246.0,12.0,153.0,8.0,167.0,9.0,296.0,13.0,300.0,7.0
64,46,5.0,0.0,2.0,[63 65],300.0,7.0,167.0,9.0,246.0,12.0,336.0,17.0,296.0,13.0
64,47,5.0,0.0,2.0,[63 65],296.0,13.0,246.0,12.0,300.0,7.0,321.0,11.0,336.0,17.0
64,48,5.0,0.0,2.0,[63 65],336.0,17.0,300.0,7.0,296.0,13.0,298.0,28.0,321.0,11.0
64,49,5.0,0.0,2.0,[63 65],321.0,11.0,296.0,13.0,336.0,17.0,264.0,19.0,298.0,28.0
64,50,5.0,0.0,2.0,[63 65],298.0,28.0,336.0,17.0,321.0,11.0,201.0,22.0,264.0,19.0
64,51,5.0,0.0,2.0,[63 65],264.0,19.0,321.0,11.0,298.0,28.0,147.0,23.0,201.0,22.0
64,52,5.0,0.0,2.0,[63 65],201.0,22.0,298.0,28.0,264.0,19.0,144.0,20.0,147.0,23.0
64,53,5.0,0.0,2.0,[63 65],147.0,23.0,264.0,19.0,201.0,22.0,108.0,24.0,144.0,20.0
64,54,5.0,0.0,2.0,[63 65],144.0,20.0,201.0,22.0,147.0,23.0,103.0,20.0,108.0,24.0
64,55,5.0,0.0,2.0,[63 65],108.0,24.0,147.0,23.0,144.0,20.0,75.0,29.0,103.0,20.0
64,56,5.0,0.0,2.0,[63 65],103.0,20.0,144.0,20.0,108.0,24.0,59.0,22.0,75.0,29.0
64,57,5.0,0.0,2.0,[63 65],75.0,29.0,108.0,24.0,103.0,20.0,54.0,27.0,59.0,22.0
64,58,5.0,0.0,2.0,[63 65],59.0,22.0,103.0,20.0,75.0,29.0,33.0,26.0,54.0,27.0
64,59,5.0,0.0,2.0,[63 65],54.0,27.0,75.0,29.0,59.0,22.0,28.0,13.0,33.0,26.0
64,60,5.0,0.0,2.0,[63 65],33.0,26.0,59.0,22.0,54.0,27.0,34.0,23.0,28.0,13.0
64,61,5.0,0.0,2.0,[63 65],28.0,13.0,54.0,27.0,33.0,26.0,27.0,19.0,34.0,23.0
64,62,5.0,0.0,2.0,[63 65],34.0,23.0,33.0,26.0,28.0,13.0,32.0,24.0,27.0,19.0
64,63,5.0,0.0,2.0,[63 65],27.0,19.0,28.0,13.0,34.0,23.0,27.0,19.0,32.0,24.0
64,64,5.0,0.0,2.0,[63 65],32.0,24.0,34.0,23.0,27.0,19.0,26.0,13.0,27.0,19.0
64,65,5.0,0.0,2.0,[63 65],27.0,19.0,27.0,19.0,32.0,24.0,32.0,15.0,26.0,13.0
64,66,5.0,0.0,2.0,[63 65],26.0,13.0,32.0,24.0,27.0,19.0,23.0,16.0,32.0,15.0
64,67,5.0,0.0,2.0,[63 65],32.0,15.0,27.0,19.0,26.0,13.0,29.0,26.0,23.0,16.0
64,68,5.0,0.0,2.0,[63 65],23.0,16.0,26.0,13.0,32.0,15.0,30.0,23.0,29.0,26.0
64,69,5.0,0.0,2.0,[63 65],29.0,26.0,32.0,15.0,23.0,16.0,31.0,12.0,30.0,23.0
64,70,5.0,0.0,2.0,[63 65],30.0,23.0,23.0,16.0,29.0,26.0,20.0,17.0,31.0,12.0
64,71,5.0,0.0,2.0,[63 65],31.0,12.0,29.0,26.0,30.0,23.0,34.0,20.0,20.0,17.0
64,72,5.0,0.0,2.0,[63 65],20.0,17.0,30.0,23.0,31.0,12.0,32.0,18.0,34.0,20.0
64,73,5.0,0.0,2.0,[63 65],34.0,20.0,31.0,12.0,20.0,17.0,35.0,24.0,32.0,18.0
64,74,5.0,0.0,2.0,[63 65],32.0,18.0,20.0,17.0,34.0,20.0,43.0,8.0,35.0,24.0
64,75,5.0,0.0,2.0,[63 65],35.0,24.0,34.0,20.0,32.0,18.0,41.0,15.0,43.0,8.0
64,76,5.0,0.0,2.0,[63 65],43.0,8.0,32.0,18.0,35.0,24.0,48.0,30.0,41.0,15.0
64,77,5.0,0.0,2.0,[63 65],41.0,15.0,35.0,24.0,43.0,8.0,22.0,30.0,48.0,30.0
64,78,5.0,0.0,2.0,[63 65],48.0,30.0,43.0,8.0,41.0,15.0,42.0,12.0,22.0,30.0
64,79,5.0,0.0,2.0,[63 65],22.0,30.0,41.0,15.0,48.0,30.0,29.0,19.0,42.0,12.0
64,80,5.0,0.0,2.0,[63 65],42.0,12.0,48.0,30.0,22.0,30.0,30.0,20.0,29.0,19.0
64,81,5.0,0.0,2.0,[63 65],29.0,19.0,22.0,30.0,42.0,12.0,22.0,17.0,30.0,20.0
64,82,5.0,0.0,2.0,[63 65],30.0,20.0,42.0,12.0,29.0,19.0,29.0,26.0,22.0,17.0
64,83,5.0,0.0,2.0,[63 65],22.0,17.0,29.0,19.0,30.0,20.0,19.0,21.0,29.0,26.0
64,84,5.0,0.0,2.0,[63 65],29.0,26.0,30.0,20.0,22.0,17.0,27.0,11.0,19.0,21.0
64,85,5.0,0.0,2.0,[63 65],19.0,21.0,22.0,17.0,29.0,26.0,23.0,23.0,27.0,11.0
64,86,5.0,0.0,2.0,[63 65],27.0,11.0,29.0,26.0,19.0,21.0,39.0,25.0,23.0,23.0
64,87,5.0,0.0,2.0,[63 65],23.0,23.0,19.0,21.0,27.0,11.0,28.0,31.0,39.0,25.0
64,88,5.0,0.0,2.0,[63 65],39.0,25.0,27.0,11.0,23.0,23.0,27.0,37.0,28.0,31.0
64,89,5.0,0.0,2.0,[63 65],28.0,31.0,23.0,23.0,39.0,25.0,28.0,25.0,27.0,37.0
64,90,5.0,0.0,2.0,[63 65],27.0,37.0,39.0,25.0,28.0,31.0,22.0,33.0,28.0,25.0
64,91,5.0,0.0,2.0,[63 65],28.0,25.0,28.0,31.0,27.0,37.0,21.0,34.0,22.0,33.0
64,92,5.0,0.0,2.0,[63 65],22.0,33.0,27.0,37.0,28.0,25.0,27.0,43.0,21.0,34.0
64,93,5.0,0.0,2.0,[63 65],21.0,34.0,28.0,25.0,22.0,33.0,39.0,32.0,27.0,43.0
64,94,5.0,0.0,2.0,[63 65],27.0,43.0,22.0,33.0,21.0,34.0,29.0,59.0,39.0,32.0
64,95,5.0,0.0,2.0,[63 65],39.0,32.0,21.0,34.0,27.0,43.0,19.0,67.0,29.0,59.0
64,96,5.0,0.0,2.0,[63 65],29.0,59.0,27.0,43.0,39.0,32.0,29.0,51.0,19.0,67.0
64,97,5.0,0.0,2.0,[63 65],19.0,67.0,39.0,32.0,29.0,59.0,22.0,49.0,29.0,51.0
64,98,5.0,0.0,2.0,[63 65],29.0,51.0,29.0,59.0,19.0,67.0,18.0,68.0,22.0,49.0
64,99,5.0,0.0,2.0,[63 65],22.0,49.0,19.0,67.0,29.0,51.0,26.0,43.0,18.0,68.0
64,100,5.0,0.0,2.0,[63 65],18.0,68.0,29.0,51.0,22.0,49.0,29.0,59.0,26.0,43.0
64,101,5.0,0.0,2.0,[63 65],26.0,43.0,22.0,49.0,18.0,68.0,32.0,71.0,29.0,59.0
64,102,5.0,0.0,2.0,[63 65],29.0,59.0,18.0,68.0,26.0,43.0,16.0,92.0,32.0,71.0
64,103,5.0,0.0,2.0,[63 65],32.0,71.0,26.0,43.0,29.0,59.0,21.0,82.0,16.0,92.0
64,104,5.0,0.0,2.0,[63 65],16.0,92.0,29.0,59.0,32.0,71.0,26.0,124.0,21.0,82.0
64,105,5.0,0.0,2.0,[63 65],21.0,82.0,32.0,71.0,16.0,92.0,35.0,117.0,26.0,124.0
64,106,5.0,0.0,2.0,[63 65],26.0,124.0,16.0,92.0,21.0,82.0,21.0,182.0,35.0,117.0
64,107,5.0,0.0,2.0,[63 65],35.0,117.0,21.0,82.0,26.0,124.0,19.0,199.0,21.0,182.0
64,108,5.0,0.0,2.0,[63 65],21.0,182.0,26.0,124.0,35.0,117.0,16.0,148.0,19.0,199.0
64,109,5.0,0.0,2.0,[63 65],19.0,199.0,35.0,117.0,21.0,182.0,8.0,207.0,16.0,148.0
64,110,5.0,0.0,2.0,[63 65],16.0,148.0,21.0,182.0,19.0,199.0,12.0,173.0,8.0,207.0
64,111,5.0,0.0,2.0,[63 65],8.0,207.0,19.0,199.0,16.0,148.0,10.0,174.0,12.0,173.0
64,112,5.0,0.0,2.0,[63 65],12.0,173.0,16.0,148.0,8.0,207.0,10.0,175.0,10.0,174.0
64,113,5.0,0.0,2.0,[63 65],10.0,174.0,8.0,207.0,12.0,173.0,23.0,162.0,10.0,175.0
64,114,5.0,0.0,2.0,[63 65],10.0,175.0,12.0,173.0,10.0,174.0,7.0,133.0,23.0,162.0
64,115,5.0,0.0,2.0,[63 65],23.0,162.0,10.0,174.0,10.0,175.0,19.0,115.0,7.0,133.0
64,116,5.0,0.0,2.0,[63 65],7.0,133.0,10.0,175.0,23.0,162.0,10.0,156.0,19.0,115.0
64,117,5.0,0.0,2.0,[63 65],19.0,115.0,23.0,162.0,7.0,133.0,16.0,95.0,10.0,156.0
64,118,5.0,0.0,2.0,[63 65],10.0,156.0,7.0,133.0,19.0,115.0,21.0,79.0,16.0,95.0
64,119,5.0,0.0,2.0,[63 65],16.0,95.0,19.0,115.0,10.0,156.0,18.0,78.0,21.0,79.0
64,120,5.0,0.0,2.0,[63 65],21.0,79.0,10.0,156.0,16.0,95.0,16.0,104.0,18.0,78.0
64,121,5.0,0.0,2.0,[63 65],18.0,78.0,16.0,95.0,21.0,79.0,14.0,81.0,16.0,104.0
64,122,5.0,0.0,2.0,[63 65],16.0,104.0,21.0,79.0,18.0,78.0,39.0,116.0,14.0,81.0
64,123,5.0,0.0,2.0,[63 65],14.0,81.0,18.0,78.0,16.0,104.0,8.0,68.0,39.0,116.0
64,124,5.0,0.0,2.0,[63 65],39.0,116.0,16.0,104.0,14.0,81.0,7.0,90.0,8.0,68.0
64,125,5.0,0.0,2.0,[63 65],8.0,68.0,14.0,81.0,39.0,116.0,6.0,94.0,7.0,90.0
64,126,5.0,0.0,2.0,[63 65],7.0,90.0,39.0,116.0,8.0,68.0,15.0,109.0,6.0,94.0
64,127,5.0,0.0,2.0,[63 65],6.0,94.0,8.0,68.0,7.0,90.0,2.0,92.0,15.0,109.0
64,128,5.0,0.0,2.0,[63 65],15.0,109.0,7.0,90.0,6.0,94.0,4.0,77.0,2.0,92.0
64,129,5.0,0.0,2.0,[63 65],2.0,92.0,6.0,94.0,15.0,109.0,11.0,69.0,4.0,77.0
64,130,5.0,0.0,2.0,[63 65],4.0,77.0,15.0,109.0,2.0,92.0,4.0,66.0,11.0,69.0
64,131,5.0,0.0,2.0,[63 65],11.0,69.0,2.0,92.0,4.0,77.0,19.0,50.0,4.0,66.0
64,132,5.0,0.0,2.0,[63 65],4.0,66.0,4.0,77.0,11.0,69.0,1.0,57.0,19.0,50.0
64,133,5.0,0.0,2.0,[63 65],19.0,50.0,11.0,69.0,4.0,66.0,3.0,38.0,1.0,57.0
64,134,5.0,0.0,2.0,[63 65],1.0,57.0,4.0,66.0,19.0,50.0,2.0,61.0,3.0,38.0
64,135,5.0,0.0,2.0,[63 65],3.0,38.0,19.0,50.0,1.0,57.0,2.0,32.0,2.0,61.0
64,136,5.0,0.0,2.0,[63 65],2.0,61.0,1.0,57.0,3.0,38.0,0.0,49.0,2.0,32.0
64,137,5.0,0.0,2.0,[63 65],2.0,32.0,3.0,38.0,2.0,61.0,0.0,14.0,0.0,49.0
64,138,5.0,0.0,2.0,[63 65],0.0,49.0,2.0,61.0,2.0,32.0,0.0,61.0,0.0,14.0
64,139,5.0,0.0,2.0,[63 65],0.0,14.0,2.0,32.0,0.0,49.0,0.0,1.0,0.0,61.0
64,140,5.0,0.0,2.0,[63 65],0.0,61.0,0.0,49.0,0.0,14.0,1.0,26.0,0.0,1.0
64,141,5.0,0.0,2.0,[63 65],0.0,1.0,0.0,14.0,0.0,61.0,0.0,13.0,1.0,26.0
64,142,5.0,0.0,2.0,[63 65],1.0,26.0,0.0,61.0,0.0,1.0,0.0,0.0,0.0,13.0
64,143,5.0,0.0,2.0,[63 65],0.0,13.0,0.0,1.0,1.0,26.0,0.0,0.0,0.0,0.0
65,0,5.0,0.0,2.0,[64 66],0.0,5.0,0.0,0.0,0.0,0.0,0.0,0.0,0.0,0.0
65,1,5.0,0.0,2.0,[64 66],0.0,0.0,0.0,0.0,0.0,5.0,0.0,0.0,0.0,0.0
65,2,5.0,0.0,2.0,[64 66],0.0,0.0,0.0,5.0,0.0,0.0,0.0,0.0,0.0,0.0
65,3,5.0,0.0,2.0,[64 66],0.0,0.0,0.0,0.0,0.0,0.0,0.0,0.0,0.0,0.0
65,4,5.0,0.0,2.0,[64 66],0.0,0.0,0.0,0.0,0.0,0.0,0.0,0.0,0.0,0.0
65,5,5.0,0.0,2.0,[64 66],0.0,0.0,0.0,0.0,0.0,0.0,0.0,0.0,0.0,0.0
65,6,5.0,0.0,2.0,[64 66],0.0,0.0,0.0,0.0,0.0,0.0,0.0,0.0,0.0,0.0
65,7,5.0,0.0,2.0,[64 66],0.0,0.0,0.0,0.0,0.0,0.0,0.0,0.0,0.0,0.0
65,8,5.0,0.0,2.0,[64 66],0.0,0.0,0.0,0.0,0.0,0.0,0.0,0.0,0.0,0.0
65,9,5.0,0.0,2.0,[64 66],0.0,0.0,0.0,0.0,0.0,0.0,0.0,0.0,0.0,0.0
65,10,5.0,0.0,2.0,[64 66],0.0,0.0,0.0,0.0,0.0,0.0,0.0,0.0,0.0,0.0
65,11,5.0,0.0,2.0,[64 66],0.0,0.0,0.0,0.0,0.0,0.0,0.0,0.0,0.0,0.0
65,12,5.0,0.0,2.0,[64 66],0.0,0.0,0.0,0.0,0.0,0.0,0.0,0.0,0.0,0.0
65,13,5.0,0.0,2.0,[64 66],0.0,0.0,0.0,0.0,0.0,0.0,0.0,0.0,0.0,0.0
65,14,5.0,0.0,2.0,[64 66],0.0,0.0,0.0,0.0,0.0,0.0,0.0,0.0,0.0,0.0
65,15,5.0,0.0,2.0,[64 66],0.0,0.0,0.0,0.0,0.0,0.0,0.0,0.0,0.0,0.0
65,16,5.0,0.0,2.0,[64 66],0.0,0.0,0.0,0.0,0.0,0.0,0.0,0.0,0.0,0.0
65,17,5.0,0.0,2.0,[64 66],0.0,0.0,0.0,0.0,0.0,0.0,0.0,0.0,0.0,0.0
65,18,5.0,0.0,2.0,[64 66],0.0,0.0,0.0,0.0,0.0,0.0,0.0,0.0,0.0,0.0
65,19,5.0,0.0,2.0,[64 66],0.0,0.0,0.0,0.0,0.0,0.0,0.0,0.0,0.0,0.0
65,20,5.0,0.0,2.0,[64 66],0.0,0.0,0.0,0.0,0.0,0.0,0.0,0.0,0.0,0.0
65,21,5.0,0.0,2.0,[64 66],0.0,0.0,0.0,0.0,0.0,0.0,0.0,0.0,0.0,0.0
65,22,5.0,0.0,2.0,[64 66],0.0,0.0,0.0,0.0,0.0,0.0,0.0,0.0,0.0,0.0
65,23,5.0,0.0,2.0,[64 66],0.0,0.0,0.0,0.0,0.0,0.0,0.0,0.0,0.0,0.0
65,24,5.0,0.0,2.0,[64 66],0.0,0.0,0.0,0.0,0.0,0.0,0.0,0.0,0.0,0.0
65,25,5.0,0.0,2.0,[64 66],0.0,0.0,0.0,0.0,0.0,0.0,0.0,0.0,0.0,0.0
65,26,5.0,0.0,2.0,[64 66],0.0,0.0,0.0,0.0,0.0,0.0,0.0,0.0,0.0,0.0
65,27,5.0,0.0,2.0,[64 66],0.0,0.0,0.0,0.0,0.0,0.0,0.0,0.0,0.0,0.0
65,28,5.0,0.0,2.0,[64 66],0.0,0.0,0.0,0.0,0.0,0.0,0.0,0.0,0.0,0.0
65,29,5.0,0.0,2.0,[64 66],0.0,0.0,0.0,0.0,0.0,0.0,0.0,0.0,0.0,0.0
65,30,5.0,0.0,2.0,[64 66],0.0,0.0,0.0,0.0,0.0,0.0,0.0,0.0,0.0,0.0
65,31,5.0,0.0,2.0,[64 66],0.0,0.0,0.0,0.0,0.0,0.0,0.0,0.0,0.0,0.0
65,32,5.0,0.0,2.0,[64 66],0.0,0.0,0.0,0.0,0.0,0.0,10.0,0.0,0.0,0.0
65,33,5.0,0.0,2.0,[64 66],0.0,0.0,0.0,0.0,0.0,0.0,13.0,0.0,10.0,0.0
65,34,5.0,0.0,2.0,[64 66],10.0,0.0,0.0,0.0,0.0,0.0,28.0,0.0,13.0,0.0
65,35,5.0,0.0,2.0,[64 66],13.0,0.0,0.0,0.0,10.0,0.0,34.0,0.0,28.0,0.0
65,36,5.0,0.0,2.0,[64 66],28.0,0.0,10.0,0.0,13.0,0.0,62.0,5.0,34.0,0.0
65,37,5.0,0.0,2.0,[64 66],34.0,0.0,13.0,0.0,28.0,0.0,61.0,2.0,62.0,5.0
65,38,5.0,0.0,2.0,[64 66],62.0,5.0,28.0,0.0,34.0,0.0,71.0,4.0,61.0,2.0
65,39,5.0,0.0,2.0,[64 66],61.0,2.0,34.0,0.0,62.0,5.0,122.0,7.0,71.0,4.0
65,40,5.0,0.0,2.0,[64 66],71.0,4.0,62.0,5.0,61.0,2.0,165.0,21.0,122.0,7.0
65,41,5.0,0.0,2.0,[64 66],122.0,7.0,61.0,2.0,71.0,4.0,192.0,12.0,165.0,21.0
65,42,5.0,0.0,2.0,[64 66],165.0,21.0,71.0,4.0,122.0,7.0,287.0,10.0,192.0,12.0
65,43,5.0,0.0,2.0,[64 66],192.0,12.0,122.0,7.0,165.0,21.0,300.0,10.0,287.0,10.0
65,44,5.0,0.0,2.0,[64 66],287.0,10.0,165.0,21.0,192.0,12.0,262.0,34.0,300.0,10.0
65,45,5.0,0.0,2.0,[64 66],300.0,10.0,192.0,12.0,287.0,10.0,384.0,60.0,262.0,34.0
65,46,5.0,0.0,2.0,[64 66],262.0,34.0,287.0,10.0,300.0,10.0,236.0,49.0,384.0,60.0
65,47,5.0,0.0,2.0,[64 66],384.0,60.0,300.0,10.0,262.0,34.0,250.0,52.0,236.0,49.0
65,48,5.0,0.0,2.0,[64 66],236.0,49.0,262.0,34.0,384.0,60.0,268.0,44.0,250.0,52.0
65,49,5.0,0.0,2.0,[64 66],250.0,52.0,384.0,60.0,236.0,49.0,244.0,87.0,268.0,44.0
65,50,5.0,0.0,2.0,[64 66],268.0,44.0,236.0,49.0,250.0,52.0,211.0,64.0,244.0,87.0
65,51,5.0,0.0,2.0,[64 66],244.0,87.0,250.0,52.0,268.0,44.0,187.0,58.0,211.0,64.0
65,52,5.0,0.0,2.0,[64 66],211.0,64.0,268.0,44.0,244.0,87.0,121.0,69.0,187.0,58.0
65,53,5.0,0.0,2.0,[64 66],187.0,58.0,244.0,87.0,211.0,64.0,134.0,37.0,121.0,69.0
65,54,5.0,0.0,2.0,[64 66],121.0,69.0,211.0,64.0,187.0,58.0,103.0,38.0,134.0,37.0
65,55,5.0,0.0,2.0,[64 66],134.0,37.0,187.0,58.0,121.0,69.0,118.0,47.0,103.0,38.0
65,56,5.0,0.0,2.0,[64 66],103.0,38.0,121.0,69.0,134.0,37.0,78.0,55.0,118.0,47.0
65,57,5.0,0.0,2.0,[64 66],118.0,47.0,134.0,37.0,103.0,38.0,98.0,48.0,78.0,55.0
65,58,5.0,0.0,2.0,[64 66],78.0,55.0,103.0,38.0,118.0,47.0,88.0,54.0,98.0,48.0
65,59,5.0,0.0,2.0,[64 66],98.0,48.0,118.0,47.0,78.0,55.0,68.0,60.0,88.0,54.0
65,60,5.0,0.0,2.0,[64 66],88.0,54.0,78.0,55.0,98.0,48.0,59.0,51.0,68.0,60.0
65,61,5.0,0.0,2.0,[64 66],68.0,60.0,98.0,48.0,88.0,54.0,58.0,47.0,59.0,51.0
65,62,5.0,0.0,2.0,[64 66],59.0,51.0,88.0,54.0,68.0,60.0,39.0,54.0,58.0,47.0
65,63,5.0,0.0,2.0,[64 66],58.0,47.0,68.0,60.0,59.0,51.0,37.0,44.0,39.0,54.0
65,64,5.0,0.0,2.0,[64 66],39.0,54.0,59.0,51.0,58.0,47.0,52.0,72.0,37.0,44.0
65,65,5.0,0.0,2.0,[64 66],37.0,44.0,58.0,47.0,39.0,54.0,47.0,59.0,52.0,72.0
65,66,5.0,0.0,2.0,[64 66],52.0,72.0,39.0,54.0,37.0,44.0,53.0,52.0,47.0,59.0
65,67,5.0,0.0,2.0,[64 66],47.0,59.0,37.0,44.0,52.0,72.0,51.0,65.0,53.0,52.0
65,68,5.0,0.0,2.0,[64 66],53.0,52.0,52.0,72.0,47.0,59.0,44.0,53.0,51.0,65.0
65,69,5.0,0.0,2.0,[64 66],51.0,65.0,47.0,59.0,53.0,52.0,37.0,64.0,44.0,53.0
65,70,5.0,0.0,2.0,[64 66],44.0,53.0,53.0,52.0,51.0,65.0,44.0,66.0,37.0,64.0
65,71,5.0,0.0,2.0,[64 66],37.0,64.0,51.0,65.0,44.0,53.0,55.0,73.0,44.0,66.0
65,72,5.0,0.0,2.0,[64 66],44.0,66.0,44.0,53.0,37.0,64.0,71.0,61.0,55.0,73.0
65,73,5.0,0.0,2.0,[64 66],55.0,73.0,37.0,64.0,44.0,66.0,60.0,90.0,71.0,61.0
65,74,5.0,0.0,2.0,[64 66],71.0,61.0,44.0,66.0,55.0,73.0,68.0,63.0,60.0,90.0
65,75,5.0,0.0,2.0,[64 66],60.0,90.0,55.0,73.0,71.0,61.0,65.0,49.0,68.0,63.0
65,76,5.0,0.0,2.0,[64 66],68.0,63.0,71.0,61.0,60.0,90.0,58.0,53.0,65.0,49.0
65,77,5.0,0.0,2.0,[64 66],65.0,49.0,60.0,90.0,68.0,63.0,63.0,65.0,58.0,53.0
65,78,5.0,0.0,2.0,[64 66],58.0,53.0,68.0,63.0,65.0,49.0,47.0,44.0,63.0,65.0
65,79,5.0,0.0,2.0,[64 66],63.0,65.0,65.0,49.0,58.0,53.0,67.0,60.0,47.0,44.0
65,80,5.0,0.0,2.0,[64 66],47.0,44.0,58.0,53.0,63.0,65.0,72.0,46.0,67.0,60.0
65,81,5.0,0.0,2.0,[64 66],67.0,60.0,63.0,65.0,47.0,44.0,53.0,50.0,72.0,46.0
65,82,5.0,0.0,2.0,[64 66],72.0,46.0,47.0,44.0,67.0,60.0,48.0,41.0,53.0,50.0
65,83,5.0,0.0,2.0,[64 66],53.0,50.0,67.0,60.0,72.0,46.0,50.0,62.0,48.0,41.0
65,84,5.0,0.0,2.0,[64 66],48.0,41.0,72.0,46.0,53.0,50.0,48.0,45.0,50.0,62.0
65,85,5.0,0.0,2.0,[64 66],50.0,62.0,53.0,50.0,48.0,41.0,60.0,67.0,48.0,45.0
65,86,5.0,0.0,2.0,[64 66],48.0,45.0,48.0,41.0,50.0,62.0,65.0,61.0,60.0,67.0
65,87,5.0,0.0,2.0,[64 66],60.0,67.0,50.0,62.0,48.0,45.0,54.0,63.0,65.0,61.0
65,88,5.0,0.0,2.0,[64 66],65.0,61.0,48.0,45.0,60.0,67.0,34.0,61.0,54.0,63.0
65,89,5.0,0.0,2.0,[64 66],54.0,63.0,60.0,67.0,65.0,61.0,49.0,95.0,34.0,61.0
65,90,5.0,0.0,2.0,[64 66],34.0,61.0,65.0,61.0,54.0,63.0,60.0,74.0,49.0,95.0
65,91,5.0,0.0,2.0,[64 66],49.0,95.0,54.0,63.0,34.0,61.0,38.0,78.0,60.0,74.0
65,92,5.0,0.0,2.0,[64 66],60.0,74.0,34.0,61.0,49.0,95.0,45.0,64.0,38.0,78.0
65,93,5.0,0.0,2.0,[64 66],38.0,78.0,49.0,95.0,60.0,74.0,61.0,117.0,45.0,64.0
65,94,5.0,0.0,2.0,[64 66],45.0,64.0,60.0,74.0,38.0,78.0,33.0,141.0,61.0,117.0
65,95,5.0,0.0,2.0,[64 66],61.0,117.0,38.0,78.0,45.0,64.0,50.0,135.0,33.0,141.0
65,96,5.0,0.0,2.0,[64 66],33.0,141.0,45.0,64.0,61.0,117.0,58.0,145.0,50.0,135.0
65,97,5.0,0.0,2.0,[64 66],50.0,135.0,61.0,117.0,33.0,141.0,52.0,137.0,58.0,145.0
65,98,5.0,0.0,2.0,[64 66],58.0,145.0,33.0,141.0,50.0,135.0,65.0,138.0,52.0,137.0
65,99,5.0,0.0,2.0,[64 66],52.0,137.0,50.0,135.0,58.0,145.0,104.0,127.0,65.0,138.0
65,100,5.0,0.0,2.0,[64 66],65.0,138.0,58.0,145.0,52.0,137.0,99.0,150.0,104.0,127.0
65,101,5.0,0.0,2.0,[64 66],104.0,127.0,52.0,137.0,65.0,138.0,92.0,124.0,99.0,150.0
65,102,5.0,0.0,2.0,[64 66],99.0,150.0,65.0,138.0,104.0,127.0,101.0,191.0,92.0,124.0
65,103,5.0,0.0,2.0,[64 66],92.0,124.0,104.0,127.0,99.0,150.0,71.0,153.0,101.0,191.0
65,104,5.0,0.0,2.0,[64 66],101.0,191.0,99.0,150.0,92.0,124.0,70.0,191.0,71.0,153.0
65,105,5.0,0.0,2.0,[64 66],71.0,153.0,92.0,124.0,101.0,191.0,84.0,174.0,70.0,191.0
65,106,5.0,0.0,2.0,[64 66],70.0,191.0,101.0,191.0,71.0,153.0,89.0,264.0,84.0,174.0
65,107,5.0,0.0,2.0,[64 66],84.0,174.0,71.0,153.0,70.0,191.0,69.0,243.0,89.0,264.0
65,108,5.0,0.0,2.0,[64 66],89.0,264.0,70.0,191.0,84.0,174.0,126.0,186.0,69.0,243.0
65,109,5.0,0.0,2.0,[64 66],69.0,243.0,84.0,174.0,89.0,264.0,84.0,336.0,126.0,186.0
65,110,5.0,0.0,2.0,[64 66],126.0,186.0,89.0,264.0,69.0,243.0,61.0,227.0,84.0,336.0
65,111,5.0,0.0,2.0,[64 66],84.0,336.0,69.0,243.0,126.0,186.0,48.0,171.0,61.0,227.0
65,112,5.0,0.0,2.0,[64 66],61.0,227.0,126.0,186.0,84.0,336.0,44.0,234.0,48.0,171.0
65,113,5.0,0.0,2.0,[64 66],48.0,171.0,84.0,336.0,61.0,227.0,47.0,143.0,44.0,234.0
65,114,5.0,0.0,2.0,[64 66],44.0,234.0,61.0,227.0,48.0,171.0,27.0,178.0,47.0,143.0
65,115,5.0,0.0,2.0,[64 66],47.0,143.0,48.0,171.0,44.0,234.0,33.0,174.0,27.0,178.0
65,116,5.0,0.0,2.0,[64 66],27.0,178.0,44.0,234.0,47.0,143.0,32.0,132.0,33.0,174.0
65,117,5.0,0.0,2.0,[64 66],33.0,174.0,47.0,143.0,27.0,178.0,37.0,103.0,32.0,132.0
65,118,5.0,0.0,2.0,[64 66],32.0,132.0,27.0,178.0,33.0,174.0,38.0,114.0,37.0,103.0
65,119,5.0,0.0,2.0,[64 66],37.0,103.0,33.0,174.0,32.0,132.0,33.0,114.0,38.0,114.0
65,120,5.0,0.0,2.0,[64 66],38.0,114.0,32.0,132.0,37.0,103.0,41.0,95.0,33.0,114.0
65,121,5.0,0.0,2.0,[64 66],33.0,114.0,37.0,103.0,38.0,114.0,28.0,80.0,41.0,95.0
65,122,5.0,0.0,2.0,[64 66],41.0,95.0,38.0,114.0,33.0,114.0,31.0,104.0,28.0,80.0
65,123,5.0,0.0,2.0,[64 66],28.0,80.0,33.0,114.0,41.0,95.0,43.0,72.0,31.0,104.0
65,124,5.0,0.0,2.0,[64 66],31.0,104.0,41.0,95.0,28.0,80.0,45.0,86.0,43.0,72.0
65,125,5.0,0.0,2.0,[64 66],43.0,72.0,28.0,80.0,31.0,104.0,39.0,86.0,45.0,86.0
65,126,5.0,0.0,2.0,[64 66],45.0,86.0,31.0,104.0,43.0,72.0,41.0,91.0,39.0,86.0
65,127,5.0,0.0,2.0,[64 66],39.0,86.0,43.0,72.0,45.0,86.0,39.0,60.0,41.0,91.0
65,128,5.0,0.0,2.0,[64 66],41.0,91.0,45.0,86.0,39.0,86.0,26.0,67.0,39.0,60.0
65,129,5.0,0.0,2.0,[64 66],39.0,60.0,39.0,86.0,41.0,91.0,33.0,68.0,26.0,67.0
65,130,5.0,0.0,2.0,[64 66],26.0,67.0,41.0,91.0,39.0,60.0,20.0,51.0,33.0,68.0
65,131,5.0,0.0,2.0,[64 66],33.0,68.0,39.0,60.0,26.0,67.0,25.0,56.0,20.0,51.0
65,132,5.0,0.0,2.0,[64 66],20.0,51.0,26.0,67.0,33.0,68.0,14.0,69.0,25.0,56.0
65,133,5.0,0.0,2.0,[64 66],25.0,56.0,33.0,68.0,20.0,51.0,11.0,66.0,14.0,69.0
65,134,5.0,0.0,2.0,[64 66],14.0,69.0,20.0,51.0,25.0,56.0,8.0,27.0,11.0,66.0
65,135,5.0,0.0,2.0,[64 66],11.0,66.0,25.0,56.0,14.0,69.0,0.0,65.0,8.0,27.0
65,136,5.0,0.0,2.0,[64 66],8.0,27.0,14.0,69.0,11.0,66.0,0.0,31.0,0.0,65.0
65,137,5.0,0.0,2.0,[64 66],0.0,65.0,11.0,66.0,8.0,27.0,0.0,27.0,0.0,31.0
65,138,5.0,0.0,2.0,[64 66],0.0,31.0,8.0,27.0,0.0,65.0,0.0,21.0,0.0,27.0
65,139,5.0,0.0,2.0,[64 66],0.0,27.0,0.0,65.0,0.0,31.0,0.0,15.0,0.0,21.0
65,140,5.0,0.0,2.0,[64 66],0.0,21.0,0.0,31.0,0.0,27.0,1.0,13.0,0.0,15.0
65,141,5.0,0.0,2.0,[64 66],0.0,15.0,0.0,27.0,0.0,21.0,0.0,11.0,1.0,13.0
65,142,5.0,0.0,2.0,[64 66],1.0,13.0,0.0,21.0,0.0,15.0,0.0,0.0,0.0,11.0
65,143,5.0,0.0,2.0,[64 66],0.0,11.0,0.0,15.0,1.0,13.0,0.0,0.0,0.0,0.0
66,0,5.0,0.0,1.0,[65],0.0,1.0,0.0,0.0,0.0,0.0,0.0,0.0,0.0,1.0
66,1,5.0,0.0,1.0,[65],0.0,1.0,0.0,0.0,0.0,1.0,0.0,0.0,0.0,0.0
66,2,5.0,0.0,1.0,[65],0.0,0.0,0.0,1.0,0.0,1.0,0.0,0.0,0.0,0.0
66,3,5.0,0.0,1.0,[65],0.0,0.0,0.0,1.0,0.0,0.0,0.0,0.0,0.0,0.0
66,4,5.0,0.0,1.0,[65],0.0,0.0,0.0,0.0,0.0,0.0,0.0,0.0,0.0,0.0
66,5,5.0,0.0,1.0,[65],0.0,0.0,0.0,0.0,0.0,0.0,0.0,0.0,0.0,0.0
66,6,5.0,0.0,1.0,[65],0.0,0.0,0.0,0.0,0.0,0.0,0.0,0.0,0.0,0.0
66,7,5.0,0.0,1.0,[65],0.0,0.0,0.0,0.0,0.0,0.0,0.0,0.0,0.0,0.0
66,8,5.0,0.0,1.0,[65],0.0,0.0,0.0,0.0,0.0,0.0,0.0,0.0,0.0,0.0
66,9,5.0,0.0,1.0,[65],0.0,0.0,0.0,0.0,0.0,0.0,0.0,0.0,0.0,0.0
66,10,5.0,0.0,1.0,[65],0.0,0.0,0.0,0.0,0.0,0.0,0.0,0.0,0.0,0.0
66,11,5.0,0.0,1.0,[65],0.0,0.0,0.0,0.0,0.0,0.0,0.0,0.0,0.0,0.0
66,12,5.0,0.0,1.0,[65],0.0,0.0,0.0,0.0,0.0,0.0,0.0,0.0,0.0,0.0
66,13,5.0,0.0,1.0,[65],0.0,0.0,0.0,0.0,0.0,0.0,0.0,0.0,0.0,0.0
66,14,5.0,0.0,1.0,[65],0.0,0.0,0.0,0.0,0.0,0.0,0.0,0.0,0.0,0.0
66,15,5.0,0.0,1.0,[65],0.0,0.0,0.0,0.0,0.0,0.0,0.0,0.0,0.0,0.0
66,16,5.0,0.0,1.0,[65],0.0,0.0,0.0,0.0,0.0,0.0,0.0,0.0,0.0,0.0
66,17,5.0,0.0,1.0,[65],0.0,0.0,0.0,0.0,0.0,0.0,0.0,0.0,0.0,0.0
66,18,5.0,0.0,1.0,[65],0.0,0.0,0.0,0.0,0.0,0.0,0.0,0.0,0.0,0.0
66,19,5.0,0.0,1.0,[65],0.0,0.0,0.0,0.0,0.0,0.0,0.0,0.0,0.0,0.0
66,20,5.0,0.0,1.0,[65],0.0,0.0,0.0,0.0,0.0,0.0,0.0,0.0,0.0,0.0
66,21,5.0,0.0,1.0,[65],0.0,0.0,0.0,0.0,0.0,0.0,0.0,0.0,0.0,0.0
66,22,5.0,0.0,1.0,[65],0.0,0.0,0.0,0.0,0.0,0.0,0.0,0.0,0.0,0.0
66,23,5.0,0.0,1.0,[65],0.0,0.0,0.0,0.0,0.0,0.0,0.0,0.0,0.0,0.0
66,24,5.0,0.0,1.0,[65],0.0,0.0,0.0,0.0,0.0,0.0,0.0,0.0,0.0,0.0
66,25,5.0,0.0,1.0,[65],0.0,0.0,0.0,0.0,0.0,0.0,0.0,0.0,0.0,0.0
66,26,5.0,0.0,1.0,[65],0.0,0.0,0.0,0.0,0.0,0.0,0.0,0.0,0.0,0.0
66,27,5.0,0.0,1.0,[65],0.0,0.0,0.0,0.0,0.0,0.0,0.0,0.0,0.0,0.0
66,28,5.0,0.0,1.0,[65],0.0,0.0,0.0,0.0,0.0,0.0,0.0,0.0,0.0,0.0
66,29,5.0,0.0,1.0,[65],0.0,0.0,0.0,0.0,0.0,0.0,0.0,0.0,0.0,0.0
66,30,5.0,0.0,1.0,[65],0.0,0.0,0.0,0.0,0.0,0.0,0.0,0.0,0.0,0.0
66,31,5.0,0.0,1.0,[65],0.0,0.0,0.0,0.0,0.0,0.0,5.0,0.0,0.0,0.0
66,32,5.0,0.0,1.0,[65],0.0,0.0,0.0,0.0,0.0,0.0,6.0,0.0,5.0,0.0
66,33,5.0,0.0,1.0,[65],5.0,0.0,0.0,0.0,0.0,0.0,18.0,0.0,6.0,0.0
66,34,5.0,0.0,1.0,[65],6.0,0.0,0.0,0.0,5.0,0.0,49.0,0.0,18.0,0.0
66,35,5.0,0.0,1.0,[65],18.0,0.0,5.0,0.0,6.0,0.0,21.0,0.0,49.0,0.0
66,36,5.0,0.0,1.0,[65],49.0,0.0,6.0,0.0,18.0,0.0,56.0,5.0,21.0,0.0
66,37,5.0,0.0,1.0,[65],21.0,0.0,18.0,0.0,49.0,0.0,83.0,4.0,56.0,5.0
66,38,5.0,0.0,1.0,[65],56.0,5.0,49.0,0.0,21.0,0.0,77.0,12.0,83.0,4.0
66,39,5.0,0.0,1.0,[65],83.0,4.0,21.0,0.0,56.0,5.0,107.0,5.0,77.0,12.0
66,40,5.0,0.0,1.0,[65],77.0,12.0,56.0,5.0,83.0,4.0,146.0,23.0,107.0,5.0
66,41,5.0,0.0,1.0,[65],107.0,5.0,83.0,4.0,77.0,12.0,219.0,19.0,146.0,23.0
66,42,5.0,0.0,1.0,[65],146.0,23.0,77.0,12.0,107.0,5.0,246.0,9.0,219.0,19.0
66,43,5.0,0.0,1.0,[65],219.0,19.0,107.0,5.0,146.0,23.0,225.0,23.0,246.0,9.0
66,44,5.0,0.0,1.0,[65],246.0,9.0,146.0,23.0,219.0,19.0,305.0,19.0,225.0,23.0
66,45,5.0,0.0,1.0,[65],225.0,23.0,219.0,19.0,246.0,9.0,314.0,16.0,305.0,19.0
66,46,5.0,0.0,1.0,[65],305.0,19.0,246.0,9.0,225.0,23.0,207.0,17.0,314.0,16.0
66,47,5.0,0.0,1.0,[65],314.0,16.0,225.0,23.0,305.0,19.0,280.0,33.0,207.0,17.0
66,48,5.0,0.0,1.0,[65],207.0,17.0,305.0,19.0,314.0,16.0,256.0,30.0,280.0,33.0
66,49,5.0,0.0,1.0,[65],280.0,33.0,314.0,16.0,207.0,17.0,219.0,40.0,256.0,30.0
66,50,5.0,0.0,1.0,[65],256.0,30.0,207.0,17.0,280.0,33.0,194.0,75.0,219.0,40.0
66,51,5.0,0.0,1.0,[65],219.0,40.0,280.0,33.0,256.0,30.0,142.0,26.0,194.0,75.0
66,52,5.0,0.0,1.0,[65],194.0,75.0,256.0,30.0,219.0,40.0,133.0,35.0,142.0,26.0
66,53,5.0,0.0,1.0,[65],142.0,26.0,219.0,40.0,194.0,75.0,108.0,37.0,133.0,35.0
66,54,5.0,0.0,1.0,[65],133.0,35.0,194.0,75.0,142.0,26.0,78.0,40.0,108.0,37.0
66,55,5.0,0.0,1.0,[65],108.0,37.0,142.0,26.0,133.0,35.0,89.0,29.0,78.0,40.0
66,56,5.0,0.0,1.0,[65],78.0,40.0,133.0,35.0,108.0,37.0,46.0,51.0,89.0,29.0
66,57,5.0,0.0,1.0,[65],89.0,29.0,108.0,37.0,78.0,40.0,49.0,28.0,46.0,51.0
66,58,5.0,0.0,1.0,[65],46.0,51.0,78.0,40.0,89.0,29.0,50.0,33.0,49.0,28.0
66,59,5.0,0.0,1.0,[65],49.0,28.0,89.0,29.0,46.0,51.0,49.0,24.0,50.0,33.0
66,60,5.0,0.0,1.0,[65],50.0,33.0,46.0,51.0,49.0,28.0,37.0,47.0,49.0,24.0
66,61,5.0,0.0,1.0,[65],49.0,24.0,49.0,28.0,50.0,33.0,28.0,41.0,37.0,47.0
66,62,5.0,0.0,1.0,[65],37.0,47.0,50.0,33.0,49.0,24.0,40.0,61.0,28.0,41.0
66,63,5.0,0.0,1.0,[65],28.0,41.0,49.0,24.0,37.0,47.0,53.0,21.0,40.0,61.0
66,64,5.0,0.0,1.0,[65],40.0,61.0,37.0,47.0,28.0,41.0,26.0,30.0,53.0,21.0
66,65,5.0,0.0,1.0,[65],53.0,21.0,28.0,41.0,40.0,61.0,46.0,47.0,26.0,30.0
66,66,5.0,0.0,1.0,[65],26.0,30.0,40.0,61.0,53.0,21.0,35.0,37.0,46.0,47.0
66,67,5.0,0.0,1.0,[65],46.0,47.0,53.0,21.0,26.0,30.0,31.0,50.0,35.0,37.0
66,68,5.0,0.0,1.0,[65],35.0,37.0,26.0,30.0,46.0,47.0,39.0,38.0,31.0,50.0
66,69,5.0,0.0,1.0,[65],31.0,50.0,46.0,47.0,35.0,37.0,55.0,54.0,39.0,38.0
66,70,5.0,0.0,1.0,[65],39.0,38.0,35.0,37.0,31.0,50.0,36.0,45.0,55.0,54.0
66,71,5.0,0.0,1.0,[65],55.0,54.0,31.0,50.0,39.0,38.0,44.0,28.0,36.0,45.0
66,72,5.0,0.0,1.0,[65],36.0,45.0,39.0,38.0,55.0,54.0,32.0,53.0,44.0,28.0
66,73,5.0,0.0,1.0,[65],44.0,28.0,55.0,54.0,36.0,45.0,51.0,46.0,32.0,53.0
66,74,5.0,0.0,1.0,[65],32.0,53.0,36.0,45.0,44.0,28.0,46.0,51.0,51.0,46.0
66,75,5.0,0.0,1.0,[65],51.0,46.0,44.0,28.0,32.0,53.0,49.0,43.0,46.0,51.0
66,76,5.0,0.0,1.0,[65],46.0,51.0,32.0,53.0,51.0,46.0,49.0,43.0,49.0,43.0
66,77,5.0,0.0,1.0,[65],49.0,43.0,51.0,46.0,46.0,51.0,35.0,51.0,49.0,43.0
66,78,5.0,0.0,1.0,[65],49.0,43.0,46.0,51.0,49.0,43.0,48.0,43.0,35.0,51.0
66,79,5.0,0.0,1.0,[65],35.0,51.0,49.0,43.0,49.0,43.0,44.0,43.0,48.0,43.0
66,80,5.0,0.0,1.0,[65],48.0,43.0,49.0,43.0,35.0,51.0,35.0,45.0,44.0,43.0
66,81,5.0,0.0,1.0,[65],44.0,43.0,35.0,51.0,48.0,43.0,33.0,35.0,35.0,45.0
66,82,5.0,0.0,1.0,[65],35.0,45.0,48.0,43.0,44.0,43.0,27.0,57.0,33.0,35.0
66,83,5.0,0.0,1.0,[65],33.0,35.0,44.0,43.0,35.0,45.0,50.0,39.0,27.0,57.0
66,84,5.0,0.0,1.0,[65],27.0,57.0,35.0,45.0,33.0,35.0,35.0,53.0,50.0,39.0
66,85,5.0,0.0,1.0,[65],50.0,39.0,33.0,35.0,27.0,57.0,48.0,42.0,35.0,53.0
66,86,5.0,0.0,1.0,[65],35.0,53.0,27.0,57.0,50.0,39.0,29.0,43.0,48.0,42.0
66,87,5.0,0.0,1.0,[65],48.0,42.0,50.0,39.0,35.0,53.0,49.0,49.0,29.0,43.0
66,88,5.0,0.0,1.0,[65],29.0,43.0,35.0,53.0,48.0,42.0,22.0,63.0,49.0,49.0
66,89,5.0,0.0,1.0,[65],49.0,49.0,48.0,42.0,29.0,43.0,59.0,61.0,22.0,63.0
66,90,5.0,0.0,1.0,[65],22.0,63.0,29.0,43.0,49.0,49.0,26.0,39.0,59.0,61.0
66,91,5.0,0.0,1.0,[65],59.0,61.0,49.0,49.0,22.0,63.0,10.0,69.0,26.0,39.0
66,92,5.0,0.0,1.0,[65],26.0,39.0,22.0,63.0,59.0,61.0,45.0,88.0,10.0,69.0
66,93,5.0,0.0,1.0,[65],10.0,69.0,59.0,61.0,26.0,39.0,43.0,65.0,45.0,88.0
66,94,5.0,0.0,1.0,[65],45.0,88.0,26.0,39.0,10.0,69.0,32.0,115.0,43.0,65.0
66,95,5.0,0.0,1.0,[65],43.0,65.0,10.0,69.0,45.0,88.0,38.0,158.0,32.0,115.0
66,96,5.0,0.0,1.0,[65],32.0,115.0,45.0,88.0,43.0,65.0,37.0,109.0,38.0,158.0
66,97,5.0,0.0,1.0,[65],38.0,158.0,43.0,65.0,32.0,115.0,32.0,107.0,37.0,109.0
66,98,5.0,0.0,1.0,[65],37.0,109.0,32.0,115.0,38.0,158.0,34.0,93.0,32.0,107.0
66,99,5.0,0.0,1.0,[65],32.0,107.0,38.0,158.0,37.0,109.0,46.0,108.0,34.0,93.0
66,100,5.0,0.0,1.0,[65],34.0,93.0,37.0,109.0,32.0,107.0,50.0,80.0,46.0,108.0
66,101,5.0,0.0,1.0,[65],46.0,108.0,32.0,107.0,34.0,93.0,42.0,91.0,50.0,80.0
66,102,5.0,0.0,1.0,[65],50.0,80.0,34.0,93.0,46.0,108.0,41.0,106.0,42.0,91.0
66,103,5.0,0.0,1.0,[65],42.0,91.0,46.0,108.0,50.0,80.0,33.0,135.0,41.0,106.0
66,104,5.0,0.0,1.0,[65],41.0,106.0,50.0,80.0,42.0,91.0,45.0,116.0,33.0,135.0
66,105,5.0,0.0,1.0,[65],33.0,135.0,42.0,91.0,41.0,106.0,40.0,205.0,45.0,116.0
66,106,5.0,0.0,1.0,[65],45.0,116.0,41.0,106.0,33.0,135.0,41.0,162.0,40.0,205.0
66,107,5.0,0.0,1.0,[65],40.0,205.0,33.0,135.0,45.0,116.0,52.0,145.0,41.0,162.0
66,108,5.0,0.0,1.0,[65],41.0,162.0,45.0,116.0,40.0,205.0,22.0,177.0,52.0,145.0
66,109,5.0,0.0,1.0,[65],52.0,145.0,40.0,205.0,41.0,162.0,29.0,201.0,22.0,177.0
66,110,5.0,0.0,1.0,[65],22.0,177.0,41.0,162.0,52.0,145.0,17.0,161.0,29.0,201.0
66,111,5.0,0.0,1.0,[65],29.0,201.0,52.0,145.0,22.0,177.0,28.0,150.0,17.0,161.0
66,112,5.0,0.0,1.0,[65],17.0,161.0,22.0,177.0,29.0,201.0,17.0,118.0,28.0,150.0
66,113,5.0,0.0,1.0,[65],28.0,150.0,29.0,201.0,17.0,161.0,28.0,164.0,17.0,118.0
66,114,5.0,0.0,1.0,[65],17.0,118.0,17.0,161.0,28.0,150.0,12.0,73.0,28.0,164.0
66,115,5.0,0.0,1.0,[65],28.0,164.0,28.0,150.0,17.0,118.0,23.0,76.0,12.0,73.0
66,116,5.0,0.0,1.0,[65],12.0,73.0,17.0,118.0,28.0,164.0,6.0,88.0,23.0,76.0
66,117,5.0,0.0,1.0,[65],23.0,76.0,28.0,164.0,12.0,73.0,19.0,85.0,6.0,88.0
66,118,5.0,0.0,1.0,[65],6.0,88.0,12.0,73.0,23.0,76.0,7.0,62.0,19.0,85.0
66,119,5.0,0.0,1.0,[65],19.0,85.0,23.0,76.0,6.0,88.0,18.0,67.0,7.0,62.0
66,120,5.0,0.0,1.0,[65],7.0,62.0,6.0,88.0,19.0,85.0,11.0,55.0,18.0,67.0
66,121,5.0,0.0,1.0,[65],18.0,67.0,19.0,85.0,7.0,62.0,20.0,54.0,11.0,55.0
66,122,5.0,0.0,1.0,[65],11.0,55.0,7.0,62.0,18.0,67.0,5.0,79.0,20.0,54.0
66,123,5.0,0.0,1.0,[65],20.0,54.0,18.0,67.0,11.0,55.0,13.0,58.0,5.0,79.0
66,124,5.0,0.0,1.0,[65],5.0,79.0,11.0,55.0,20.0,54.0,7.0,55.0,13.0,58.0
66,125,5.0,0.0,1.0,[65],13.0,58.0,20.0,54.0,5.0,79.0,5.0,87.0,7.0,55.0
66,126,5.0,0.0,1.0,[65],7.0,55.0,5.0,79.0,13.0,58.0,10.0,75.0,5.0,87.0
66,127,5.0,0.0,1.0,[65],5.0,87.0,13.0,58.0,7.0,55.0,8.0,50.0,10.0,75.0
66,128,5.0,0.0,1.0,[65],10.0,75.0,7.0,55.0,5.0,87.0,3.0,65.0,8.0,50.0
66,129,5.0,0.0,1.0,[65],8.0,50.0,5.0,87.0,10.0,75.0,4.0,36.0,3.0,65.0
66,130,5.0,0.0,1.0,[65],3.0,65.0,10.0,75.0,8.0,50.0,2.0,49.0,4.0,36.0
66,131,5.0,0.0,1.0,[65],4.0,36.0,8.0,50.0,3.0,65.0,4.0,49.0,2.0,49.0
66,132,5.0,0.0,1.0,[65],2.0,49.0,3.0,65.0,4.0,36.0,13.0,45.0,4.0,49.0
66,133,5.0,0.0,1.0,[65],4.0,49.0,4.0,36.0,2.0,49.0,5.0,32.0,13.0,45.0
66,134,5.0,0.0,1.0,[65],13.0,45.0,2.0,49.0,4.0,49.0,0.0,34.0,5.0,32.0
66,135,5.0,0.0,1.0,[65],5.0,32.0,4.0,49.0,13.0,45.0,0.0,45.0,0.0,34.0
66,136,5.0,0.0,1.0,[65],0.0,34.0,13.0,45.0,5.0,32.0,0.0,16.0,0.0,45.0
66,137,5.0,0.0,1.0,[65],0.0,45.0,5.0,32.0,0.0,34.0,0.0,33.0,0.0,16.0
66,138,5.0,0.0,1.0,[65],0.0,16.0,0.0,34.0,0.0,45.0,0.0,23.0,0.0,33.0
66,139,5.0,0.0,1.0,[65],0.0,33.0,0.0,45.0,0.0,16.0,0.0,18.0,0.0,23.0
66,140,5.0,0.0,1.0,[65],0.0,23.0,0.0,16.0,0.0,33.0,0.0,6.0,0.0,18.0
66,141,5.0,0.0,1.0,[65],0.0,18.0,0.0,33.0,0.0,23.0,0.0,4.0,0.0,6.0
66,142,5.0,0.0,1.0,[65],0.0,6.0,0.0,23.0,0.0,18.0,0.0,0.0,0.0,4.0
66,143,5.0,0.0,1.0,[65],0.0,4.0,0.0,18.0,0.0,6.0,0.0,0.0,0.0,0.0
67,0,5.0,0.0,1.0,[68],0.0,0.0,0.0,0.0,0.0,0.0,0.0,0.0,0.0,0.0
67,1,5.0,0.0,1.0,[68],0.0,0.0,0.0,0.0,0.0,0.0,0.0,0.0,0.0,0.0
67,2,5.0,0.0,1.0,[68],0.0,0.0,0.0,0.0,0.0,0.0,0.0,0.0,0.0,0.0
67,3,5.0,0.0,1.0,[68],0.0,0.0,0.0,0.0,0.0,0.0,0.0,0.0,0.0,0.0
67,4,5.0,0.0,1.0,[68],0.0,0.0,0.0,0.0,0.0,0.0,0.0,0.0,0.0,0.0
67,5,5.0,0.0,1.0,[68],0.0,0.0,0.0,0.0,0.0,0.0,0.0,0.0,0.0,0.0
67,6,5.0,0.0,1.0,[68],0.0,0.0,0.0,0.0,0.0,0.0,0.0,0.0,0.0,0.0
67,7,5.0,0.0,1.0,[68],0.0,0.0,0.0,0.0,0.0,0.0,0.0,0.0,0.0,0.0
67,8,5.0,0.0,1.0,[68],0.0,0.0,0.0,0.0,0.0,0.0,0.0,0.0,0.0,0.0
67,9,5.0,0.0,1.0,[68],0.0,0.0,0.0,0.0,0.0,0.0,0.0,0.0,0.0,0.0
67,10,5.0,0.0,1.0,[68],0.0,0.0,0.0,0.0,0.0,0.0,0.0,0.0,0.0,0.0
67,11,5.0,0.0,1.0,[68],0.0,0.0,0.0,0.0,0.0,0.0,0.0,0.0,0.0,0.0
67,12,5.0,0.0,1.0,[68],0.0,0.0,0.0,0.0,0.0,0.0,0.0,0.0,0.0,0.0
67,13,5.0,0.0,1.0,[68],0.0,0.0,0.0,0.0,0.0,0.0,0.0,0.0,0.0,0.0
67,14,5.0,0.0,1.0,[68],0.0,0.0,0.0,0.0,0.0,0.0,0.0,0.0,0.0,0.0
67,15,5.0,0.0,1.0,[68],0.0,0.0,0.0,0.0,0.0,0.0,0.0,0.0,0.0,0.0
67,16,5.0,0.0,1.0,[68],0.0,0.0,0.0,0.0,0.0,0.0,0.0,0.0,0.0,0.0
67,17,5.0,0.0,1.0,[68],0.0,0.0,0.0,0.0,0.0,0.0,0.0,0.0,0.0,0.0
67,18,5.0,0.0,1.0,[68],0.0,0.0,0.0,0.0,0.0,0.0,0.0,0.0,0.0,0.0
67,19,5.0,0.0,1.0,[68],0.0,0.0,0.0,0.0,0.0,0.0,0.0,0.0,0.0,0.0
67,20,5.0,0.0,1.0,[68],0.0,0.0,0.0,0.0,0.0,0.0,0.0,0.0,0.0,0.0
67,21,5.0,0.0,1.0,[68],0.0,0.0,0.0,0.0,0.0,0.0,0.0,0.0,0.0,0.0
67,22,5.0,0.0,1.0,[68],0.0,0.0,0.0,0.0,0.0,0.0,0.0,0.0,0.0,0.0
67,23,5.0,0.0,1.0,[68],0.0,0.0,0.0,0.0,0.0,0.0,0.0,0.0,0.0,0.0
67,24,5.0,0.0,1.0,[68],0.0,0.0,0.0,0.0,0.0,0.0,0.0,0.0,0.0,0.0
67,25,5.0,0.0,1.0,[68],0.0,0.0,0.0,0.0,0.0,0.0,0.0,0.0,0.0,0.0
67,26,5.0,0.0,1.0,[68],0.0,0.0,0.0,0.0,0.0,0.0,0.0,0.0,0.0,0.0
67,27,5.0,0.0,1.0,[68],0.0,0.0,0.0,0.0,0.0,0.0,0.0,0.0,0.0,0.0
67,28,5.0,0.0,1.0,[68],0.0,0.0,0.0,0.0,0.0,0.0,0.0,0.0,0.0,0.0
67,29,5.0,0.0,1.0,[68],0.0,0.0,0.0,0.0,0.0,0.0,0.0,0.0,0.0,0.0
67,30,5.0,0.0,1.0,[68],0.0,0.0,0.0,0.0,0.0,0.0,0.0,0.0,0.0,0.0
67,31,5.0,0.0,1.0,[68],0.0,0.0,0.0,0.0,0.0,0.0,0.0,0.0,0.0,0.0
67,32,5.0,0.0,1.0,[68],0.0,0.0,0.0,0.0,0.0,0.0,11.0,5.0,0.0,0.0
67,33,5.0,0.0,1.0,[68],0.0,0.0,0.0,0.0,0.0,0.0,30.0,0.0,11.0,5.0
67,34,5.0,0.0,1.0,[68],11.0,5.0,0.0,0.0,0.0,0.0,26.0,0.0,30.0,0.0
67,35,5.0,0.0,1.0,[68],30.0,0.0,0.0,0.0,11.0,5.0,29.0,5.0,26.0,0.0
67,36,5.0,0.0,1.0,[68],26.0,0.0,11.0,5.0,30.0,0.0,39.0,5.0,29.0,5.0
67,37,5.0,0.0,1.0,[68],29.0,5.0,30.0,0.0,26.0,0.0,55.0,21.0,39.0,5.0
67,38,5.0,0.0,1.0,[68],39.0,5.0,26.0,0.0,29.0,5.0,49.0,14.0,55.0,21.0
67,39,5.0,0.0,1.0,[68],55.0,21.0,29.0,5.0,39.0,5.0,85.0,9.0,49.0,14.0
67,40,5.0,0.0,1.0,[68],49.0,14.0,39.0,5.0,55.0,21.0,105.0,14.0,85.0,9.0
67,41,5.0,0.0,1.0,[68],85.0,9.0,55.0,21.0,49.0,14.0,142.0,14.0,105.0,14.0
67,42,5.0,0.0,1.0,[68],105.0,14.0,49.0,14.0,85.0,9.0,214.0,22.0,142.0,14.0
67,43,5.0,0.0,1.0,[68],142.0,14.0,85.0,9.0,105.0,14.0,262.0,15.0,214.0,22.0
67,44,5.0,0.0,1.0,[68],214.0,22.0,105.0,14.0,142.0,14.0,283.0,20.0,262.0,15.0
67,45,5.0,0.0,1.0,[68],262.0,15.0,142.0,14.0,214.0,22.0,341.0,35.0,283.0,20.0
67,46,5.0,0.0,1.0,[68],283.0,20.0,214.0,22.0,262.0,15.0,406.0,49.0,341.0,35.0
67,47,5.0,0.0,1.0,[68],341.0,35.0,262.0,15.0,283.0,20.0,421.0,24.0,406.0,49.0
67,48,5.0,0.0,1.0,[68],406.0,49.0,283.0,20.0,341.0,35.0,336.0,46.0,421.0,24.0
67,49,5.0,0.0,1.0,[68],421.0,24.0,341.0,35.0,406.0,49.0,337.0,40.0,336.0,46.0
67,50,5.0,0.0,1.0,[68],336.0,46.0,406.0,49.0,421.0,24.0,227.0,50.0,337.0,40.0
67,51,5.0,0.0,1.0,[68],337.0,40.0,421.0,24.0,336.0,46.0,143.0,62.0,227.0,50.0
67,52,5.0,0.0,1.0,[68],227.0,50.0,336.0,46.0,337.0,40.0,122.0,33.0,143.0,62.0
67,53,5.0,0.0,1.0,[68],143.0,62.0,337.0,40.0,227.0,50.0,103.0,40.0,122.0,33.0
67,54,5.0,0.0,1.0,[68],122.0,33.0,227.0,50.0,143.0,62.0,82.0,30.0,103.0,40.0
67,55,5.0,0.0,1.0,[68],103.0,40.0,143.0,62.0,122.0,33.0,73.0,34.0,82.0,30.0
67,56,5.0,0.0,1.0,[68],82.0,30.0,122.0,33.0,103.0,40.0,58.0,55.0,73.0,34.0
67,57,5.0,0.0,1.0,[68],73.0,34.0,103.0,40.0,82.0,30.0,60.0,34.0,58.0,55.0
67,58,5.0,0.0,1.0,[68],58.0,55.0,82.0,30.0,73.0,34.0,58.0,37.0,60.0,34.0
67,59,5.0,0.0,1.0,[68],60.0,34.0,73.0,34.0,58.0,55.0,51.0,36.0,58.0,37.0
67,60,5.0,0.0,1.0,[68],58.0,37.0,58.0,55.0,60.0,34.0,28.0,34.0,51.0,36.0
67,61,5.0,0.0,1.0,[68],51.0,36.0,60.0,34.0,58.0,37.0,47.0,25.0,28.0,34.0
67,62,5.0,0.0,1.0,[68],28.0,34.0,58.0,37.0,51.0,36.0,49.0,27.0,47.0,25.0
67,63,5.0,0.0,1.0,[68],47.0,25.0,51.0,36.0,28.0,34.0,35.0,35.0,49.0,27.0
67,64,5.0,0.0,1.0,[68],49.0,27.0,28.0,34.0,47.0,25.0,34.0,34.0,35.0,35.0
67,65,5.0,0.0,1.0,[68],35.0,35.0,47.0,25.0,49.0,27.0,64.0,37.0,34.0,34.0
67,66,5.0,0.0,1.0,[68],34.0,34.0,49.0,27.0,35.0,35.0,49.0,28.0,64.0,37.0
67,67,5.0,0.0,1.0,[68],64.0,37.0,35.0,35.0,34.0,34.0,38.0,25.0,49.0,28.0
67,68,5.0,0.0,1.0,[68],49.0,28.0,34.0,34.0,64.0,37.0,49.0,21.0,38.0,25.0
67,69,5.0,0.0,1.0,[68],38.0,25.0,64.0,37.0,49.0,28.0,45.0,31.0,49.0,21.0
67,70,5.0,0.0,1.0,[68],49.0,21.0,49.0,28.0,38.0,25.0,60.0,21.0,45.0,31.0
67,71,5.0,0.0,1.0,[68],45.0,31.0,38.0,25.0,49.0,21.0,72.0,30.0,60.0,21.0
67,72,5.0,0.0,1.0,[68],60.0,21.0,49.0,21.0,45.0,31.0,43.0,38.0,72.0,30.0
67,73,5.0,0.0,1.0,[68],72.0,30.0,45.0,31.0,60.0,21.0,66.0,31.0,43.0,38.0
67,74,5.0,0.0,1.0,[68],43.0,38.0,60.0,21.0,72.0,30.0,55.0,45.0,66.0,31.0
67,75,5.0,0.0,1.0,[68],66.0,31.0,72.0,30.0,43.0,38.0,39.0,31.0,55.0,45.0
67,76,5.0,0.0,1.0,[68],55.0,45.0,43.0,38.0,66.0,31.0,58.0,41.0,39.0,31.0
67,77,5.0,0.0,1.0,[68],39.0,31.0,66.0,31.0,55.0,45.0,46.0,27.0,58.0,41.0
67,78,5.0,0.0,1.0,[68],58.0,41.0,55.0,45.0,39.0,31.0,44.0,26.0,46.0,27.0
67,79,5.0,0.0,1.0,[68],46.0,27.0,39.0,31.0,58.0,41.0,37.0,25.0,44.0,26.0
67,80,5.0,0.0,1.0,[68],44.0,26.0,58.0,41.0,46.0,27.0,45.0,42.0,37.0,25.0
67,81,5.0,0.0,1.0,[68],37.0,25.0,46.0,27.0,44.0,26.0,48.0,25.0,45.0,42.0
67,82,5.0,0.0,1.0,[68],45.0,42.0,44.0,26.0,37.0,25.0,44.0,35.0,48.0,25.0
67,83,5.0,0.0,1.0,[68],48.0,25.0,37.0,25.0,45.0,42.0,45.0,34.0,44.0,35.0
67,84,5.0,0.0,1.0,[68],44.0,35.0,45.0,42.0,48.0,25.0,43.0,47.0,45.0,34.0
67,85,5.0,0.0,1.0,[68],45.0,34.0,48.0,25.0,44.0,35.0,44.0,34.0,43.0,47.0
67,86,5.0,0.0,1.0,[68],43.0,47.0,44.0,35.0,45.0,34.0,42.0,30.0,44.0,34.0
67,87,5.0,0.0,1.0,[68],44.0,34.0,45.0,34.0,43.0,47.0,53.0,47.0,42.0,30.0
67,88,5.0,0.0,1.0,[68],42.0,30.0,43.0,47.0,44.0,34.0,72.0,40.0,53.0,47.0
67,89,5.0,0.0,1.0,[68],53.0,47.0,44.0,34.0,42.0,30.0,83.0,52.0,72.0,40.0
67,90,5.0,0.0,1.0,[68],72.0,40.0,42.0,30.0,53.0,47.0,55.0,56.0,83.0,52.0
67,91,5.0,0.0,1.0,[68],83.0,52.0,53.0,47.0,72.0,40.0,41.0,43.0,55.0,56.0
67,92,5.0,0.0,1.0,[68],55.0,56.0,72.0,40.0,83.0,52.0,54.0,48.0,41.0,43.0
67,93,5.0,0.0,1.0,[68],41.0,43.0,83.0,52.0,55.0,56.0,59.0,55.0,54.0,48.0
67,94,5.0,0.0,1.0,[68],54.0,48.0,55.0,56.0,41.0,43.0,50.0,56.0,59.0,55.0
67,95,5.0,0.0,1.0,[68],59.0,55.0,41.0,43.0,54.0,48.0,49.0,61.0,50.0,56.0
67,96,5.0,0.0,1.0,[68],50.0,56.0,54.0,48.0,59.0,55.0,45.0,75.0,49.0,61.0
67,97,5.0,0.0,1.0,[68],49.0,61.0,59.0,55.0,50.0,56.0,79.0,97.0,45.0,75.0
67,98,5.0,0.0,1.0,[68],45.0,75.0,50.0,56.0,49.0,61.0,81.0,65.0,79.0,97.0
67,99,5.0,0.0,1.0,[68],79.0,97.0,49.0,61.0,45.0,75.0,42.0,86.0,81.0,65.0
67,100,5.0,0.0,1.0,[68],81.0,65.0,45.0,75.0,79.0,97.0,43.0,90.0,42.0,86.0
67,101,5.0,0.0,1.0,[68],42.0,86.0,79.0,97.0,81.0,65.0,52.0,101.0,43.0,90.0
67,102,5.0,0.0,1.0,[68],43.0,90.0,81.0,65.0,42.0,86.0,48.0,109.0,52.0,101.0
67,103,5.0,0.0,1.0,[68],52.0,101.0,42.0,86.0,43.0,90.0,50.0,170.0,48.0,109.0
67,104,5.0,0.0,1.0,[68],48.0,109.0,43.0,90.0,52.0,101.0,69.0,191.0,50.0,170.0
67,105,5.0,0.0,1.0,[68],50.0,170.0,52.0,101.0,48.0,109.0,68.0,147.0,69.0,191.0
67,106,5.0,0.0,1.0,[68],69.0,191.0,48.0,109.0,50.0,170.0,62.0,157.0,68.0,147.0
67,107,5.0,0.0,1.0,[68],68.0,147.0,50.0,170.0,69.0,191.0,67.0,216.0,62.0,157.0
67,108,5.0,0.0,1.0,[68],62.0,157.0,69.0,191.0,68.0,147.0,56.0,185.0,67.0,216.0
67,109,5.0,0.0,1.0,[68],67.0,216.0,68.0,147.0,62.0,157.0,34.0,225.0,56.0,185.0
67,110,5.0,0.0,1.0,[68],56.0,185.0,62.0,157.0,67.0,216.0,34.0,201.0,34.0,225.0
67,111,5.0,0.0,1.0,[68],34.0,225.0,67.0,216.0,56.0,185.0,28.0,175.0,34.0,201.0
67,112,5.0,0.0,1.0,[68],34.0,201.0,56.0,185.0,34.0,225.0,32.0,178.0,28.0,175.0
67,113,5.0,0.0,1.0,[68],28.0,175.0,34.0,225.0,34.0,201.0,24.0,160.0,32.0,178.0
67,114,5.0,0.0,1.0,[68],32.0,178.0,34.0,201.0,28.0,175.0,24.0,147.0,24.0,160.0
67,115,5.0,0.0,1.0,[68],24.0,160.0,28.0,175.0,32.0,178.0,31.0,120.0,24.0,147.0
67,116,5.0,0.0,1.0,[68],24.0,147.0,32.0,178.0,24.0,160.0,41.0,109.0,31.0,120.0
67,117,5.0,0.0,1.0,[68],31.0,120.0,24.0,160.0,24.0,147.0,29.0,80.0,41.0,109.0
67,118,5.0,0.0,1.0,[68],41.0,109.0,24.0,147.0,31.0,120.0,22.0,99.0,29.0,80.0
67,119,5.0,0.0,1.0,[68],29.0,80.0,31.0,120.0,41.0,109.0,26.0,82.0,22.0,99.0
67,120,5.0,0.0,1.0,[68],22.0,99.0,41.0,109.0,29.0,80.0,26.0,95.0,26.0,82.0
67,121,5.0,0.0,1.0,[68],26.0,82.0,29.0,80.0,22.0,99.0,17.0,93.0,26.0,95.0
67,122,5.0,0.0,1.0,[68],26.0,95.0,22.0,99.0,26.0,82.0,26.0,110.0,17.0,93.0
67,123,5.0,0.0,1.0,[68],17.0,93.0,26.0,82.0,26.0,95.0,14.0,157.0,26.0,110.0
67,124,5.0,0.0,1.0,[68],26.0,110.0,26.0,95.0,17.0,93.0,26.0,114.0,14.0,157.0
67,125,5.0,0.0,1.0,[68],14.0,157.0,17.0,93.0,26.0,110.0,17.0,121.0,26.0,114.0
67,126,5.0,0.0,1.0,[68],26.0,114.0,26.0,110.0,14.0,157.0,14.0,105.0,17.0,121.0
67,127,5.0,0.0,1.0,[68],17.0,121.0,14.0,157.0,26.0,114.0,17.0,92.0,14.0,105.0
67,128,5.0,0.0,1.0,[68],14.0,105.0,26.0,114.0,17.0,121.0,19.0,113.0,17.0,92.0
67,129,5.0,0.0,1.0,[68],17.0,92.0,17.0,121.0,14.0,105.0,21.0,42.0,19.0,113.0
67,130,5.0,0.0,1.0,[68],19.0,113.0,14.0,105.0,17.0,92.0,44.0,72.0,21.0,42.0
67,131,5.0,0.0,1.0,[68],21.0,42.0,17.0,92.0,19.0,113.0,21.0,58.0,44.0,72.0
67,132,5.0,0.0,1.0,[68],44.0,72.0,19.0,113.0,21.0,42.0,13.0,58.0,21.0,58.0
67,133,5.0,0.0,1.0,[68],21.0,58.0,21.0,42.0,44.0,72.0,7.0,77.0,13.0,58.0
67,134,5.0,0.0,1.0,[68],13.0,58.0,44.0,72.0,21.0,58.0,12.0,44.0,7.0,77.0
67,135,5.0,0.0,1.0,[68],7.0,77.0,21.0,58.0,13.0,58.0,3.0,57.0,12.0,44.0
67,136,5.0,0.0,1.0,[68],12.0,44.0,13.0,58.0,7.0,77.0,0.0,56.0,3.0,57.0
67,137,5.0,0.0,1.0,[68],3.0,57.0,7.0,77.0,12.0,44.0,0.0,26.0,0.0,56.0
67,138,5.0,0.0,1.0,[68],0.0,56.0,12.0,44.0,3.0,57.0,0.0,25.0,0.0,26.0
67,139,5.0,0.0,1.0,[68],0.0,26.0,3.0,57.0,0.0,56.0,0.0,18.0,0.0,25.0
67,140,5.0,0.0,1.0,[68],0.0,25.0,0.0,56.0,0.0,26.0,0.0,0.0,0.0,18.0
67,141,5.0,0.0,1.0,[68],0.0,18.0,0.0,26.0,0.0,25.0,0.0,0.0,0.0,0.0
67,142,5.0,0.0,1.0,[68],0.0,0.0,0.0,25.0,0.0,18.0,0.0,0.0,0.0,0.0
67,143,5.0,0.0,1.0,[68],0.0,0.0,0.0,18.0,0.0,0.0,0.0,0.0,0.0,0.0
68,0,5.0,0.0,2.0,[67 69],0.0,0.0,0.0,0.0,0.0,0.0,0.0,0.0,0.0,0.0
68,1,5.0,0.0,2.0,[67 69],0.0,0.0,0.0,0.0,0.0,0.0,0.0,0.0,0.0,0.0
68,2,5.0,0.0,2.0,[67 69],0.0,0.0,0.0,0.0,0.0,0.0,0.0,0.0,0.0,0.0
68,3,5.0,0.0,2.0,[67 69],0.0,0.0,0.0,0.0,0.0,0.0,0.0,0.0,0.0,0.0
68,4,5.0,0.0,2.0,[67 69],0.0,0.0,0.0,0.0,0.0,0.0,0.0,0.0,0.0,0.0
68,5,5.0,0.0,2.0,[67 69],0.0,0.0,0.0,0.0,0.0,0.0,0.0,0.0,0.0,0.0
68,6,5.0,0.0,2.0,[67 69],0.0,0.0,0.0,0.0,0.0,0.0,0.0,0.0,0.0,0.0
68,7,5.0,0.0,2.0,[67 69],0.0,0.0,0.0,0.0,0.0,0.0,0.0,0.0,0.0,0.0
68,8,5.0,0.0,2.0,[67 69],0.0,0.0,0.0,0.0,0.0,0.0,0.0,0.0,0.0,0.0
68,9,5.0,0.0,2.0,[67 69],0.0,0.0,0.0,0.0,0.0,0.0,0.0,0.0,0.0,0.0
68,10,5.0,0.0,2.0,[67 69],0.0,0.0,0.0,0.0,0.0,0.0,0.0,0.0,0.0,0.0
68,11,5.0,0.0,2.0,[67 69],0.0,0.0,0.0,0.0,0.0,0.0,0.0,0.0,0.0,0.0
68,12,5.0,0.0,2.0,[67 69],0.0,0.0,0.0,0.0,0.0,0.0,0.0,0.0,0.0,0.0
68,13,5.0,0.0,2.0,[67 69],0.0,0.0,0.0,0.0,0.0,0.0,0.0,0.0,0.0,0.0
68,14,5.0,0.0,2.0,[67 69],0.0,0.0,0.0,0.0,0.0,0.0,0.0,0.0,0.0,0.0
68,15,5.0,0.0,2.0,[67 69],0.0,0.0,0.0,0.0,0.0,0.0,0.0,0.0,0.0,0.0
68,16,5.0,0.0,2.0,[67 69],0.0,0.0,0.0,0.0,0.0,0.0,0.0,0.0,0.0,0.0
68,17,5.0,0.0,2.0,[67 69],0.0,0.0,0.0,0.0,0.0,0.0,0.0,0.0,0.0,0.0
68,18,5.0,0.0,2.0,[67 69],0.0,0.0,0.0,0.0,0.0,0.0,0.0,0.0,0.0,0.0
68,19,5.0,0.0,2.0,[67 69],0.0,0.0,0.0,0.0,0.0,0.0,0.0,0.0,0.0,0.0
68,20,5.0,0.0,2.0,[67 69],0.0,0.0,0.0,0.0,0.0,0.0,0.0,0.0,0.0,0.0
68,21,5.0,0.0,2.0,[67 69],0.0,0.0,0.0,0.0,0.0,0.0,0.0,0.0,0.0,0.0
68,22,5.0,0.0,2.0,[67 69],0.0,0.0,0.0,0.0,0.0,0.0,0.0,0.0,0.0,0.0
68,23,5.0,0.0,2.0,[67 69],0.0,0.0,0.0,0.0,0.0,0.0,0.0,0.0,0.0,0.0
68,24,5.0,0.0,2.0,[67 69],0.0,0.0,0.0,0.0,0.0,0.0,0.0,0.0,0.0,0.0
68,25,5.0,0.0,2.0,[67 69],0.0,0.0,0.0,0.0,0.0,0.0,0.0,0.0,0.0,0.0
68,26,5.0,0.0,2.0,[67 69],0.0,0.0,0.0,0.0,0.0,0.0,0.0,0.0,0.0,0.0
68,27,5.0,0.0,2.0,[67 69],0.0,0.0,0.0,0.0,0.0,0.0,0.0,0.0,0.0,0.0
68,28,5.0,0.0,2.0,[67 69],0.0,0.0,0.0,0.0,0.0,0.0,0.0,0.0,0.0,0.0
68,29,5.0,0.0,2.0,[67 69],0.0,0.0,0.0,0.0,0.0,0.0,0.0,0.0,0.0,0.0
68,30,5.0,0.0,2.0,[67 69],0.0,0.0,0.0,0.0,0.0,0.0,0.0,0.0,0.0,0.0
68,31,5.0,0.0,2.0,[67 69],0.0,0.0,0.0,0.0,0.0,0.0,0.0,0.0,0.0,0.0
68,32,5.0,0.0,2.0,[67 69],0.0,0.0,0.0,0.0,0.0,0.0,7.0,0.0,0.0,0.0
68,33,5.0,0.0,2.0,[67 69],0.0,0.0,0.0,0.0,0.0,0.0,4.0,0.0,7.0,0.0
68,34,5.0,0.0,2.0,[67 69],7.0,0.0,0.0,0.0,0.0,0.0,17.0,0.0,4.0,0.0
68,35,5.0,0.0,2.0,[67 69],4.0,0.0,0.0,0.0,7.0,0.0,20.0,0.0,17.0,0.0
68,36,5.0,0.0,2.0,[67 69],17.0,0.0,7.0,0.0,4.0,0.0,62.0,1.0,20.0,0.0
68,37,5.0,0.0,2.0,[67 69],20.0,0.0,4.0,0.0,17.0,0.0,71.0,8.0,62.0,1.0
68,38,5.0,0.0,2.0,[67 69],62.0,1.0,17.0,0.0,20.0,0.0,62.0,11.0,71.0,8.0
68,39,5.0,0.0,2.0,[67 69],71.0,8.0,20.0,0.0,62.0,1.0,107.0,12.0,62.0,11.0
68,40,5.0,0.0,2.0,[67 69],62.0,11.0,62.0,1.0,71.0,8.0,114.0,9.0,107.0,12.0
68,41,5.0,0.0,2.0,[67 69],107.0,12.0,71.0,8.0,62.0,11.0,150.0,6.0,114.0,9.0
68,42,5.0,0.0,2.0,[67 69],114.0,9.0,62.0,11.0,107.0,12.0,160.0,12.0,150.0,6.0
68,43,5.0,0.0,2.0,[67 69],150.0,6.0,107.0,12.0,114.0,9.0,152.0,7.0,160.0,12.0
68,44,5.0,0.0,2.0,[67 69],160.0,12.0,114.0,9.0,150.0,6.0,193.0,21.0,152.0,7.0
68,45,5.0,0.0,2.0,[67 69],152.0,7.0,150.0,6.0,160.0,12.0,223.0,17.0,193.0,21.0
68,46,5.0,0.0,2.0,[67 69],193.0,21.0,160.0,12.0,152.0,7.0,262.0,18.0,223.0,17.0
68,47,5.0,0.0,2.0,[67 69],223.0,17.0,152.0,7.0,193.0,21.0,247.0,19.0,262.0,18.0
68,48,5.0,0.0,2.0,[67 69],262.0,18.0,193.0,21.0,223.0,17.0,251.0,33.0,247.0,19.0
68,49,5.0,0.0,2.0,[67 69],247.0,19.0,223.0,17.0,262.0,18.0,222.0,22.0,251.0,33.0
68,50,5.0,0.0,2.0,[67 69],251.0,33.0,262.0,18.0,247.0,19.0,198.0,43.0,222.0,22.0
68,51,5.0,0.0,2.0,[67 69],222.0,22.0,247.0,19.0,251.0,33.0,145.0,27.0,198.0,43.0
68,52,5.0,0.0,2.0,[67 69],198.0,43.0,251.0,33.0,222.0,22.0,97.0,22.0,145.0,27.0
68,53,5.0,0.0,2.0,[67 69],145.0,27.0,222.0,22.0,198.0,43.0,87.0,22.0,97.0,22.0
68,54,5.0,0.0,2.0,[67 69],97.0,22.0,198.0,43.0,145.0,27.0,52.0,23.0,87.0,22.0
68,55,5.0,0.0,2.0,[67 69],87.0,22.0,145.0,27.0,97.0,22.0,59.0,22.0,52.0,23.0
68,56,5.0,0.0,2.0,[67 69],52.0,23.0,97.0,22.0,87.0,22.0,60.0,22.0,59.0,22.0
68,57,5.0,0.0,2.0,[67 69],59.0,22.0,87.0,22.0,52.0,23.0,54.0,21.0,60.0,22.0
68,58,5.0,0.0,2.0,[67 69],60.0,22.0,52.0,23.0,59.0,22.0,48.0,13.0,54.0,21.0
68,59,5.0,0.0,2.0,[67 69],54.0,21.0,59.0,22.0,60.0,22.0,42.0,20.0,48.0,13.0
68,60,5.0,0.0,2.0,[67 69],48.0,13.0,60.0,22.0,54.0,21.0,46.0,21.0,42.0,20.0
68,61,5.0,0.0,2.0,[67 69],42.0,20.0,54.0,21.0,48.0,13.0,38.0,20.0,46.0,21.0
68,62,5.0,0.0,2.0,[67 69],46.0,21.0,48.0,13.0,42.0,20.0,39.0,18.0,38.0,20.0
68,63,5.0,0.0,2.0,[67 69],38.0,20.0,42.0,20.0,46.0,21.0,44.0,10.0,39.0,18.0
68,64,5.0,0.0,2.0,[67 69],39.0,18.0,46.0,21.0,38.0,20.0,31.0,16.0,44.0,10.0
68,65,5.0,0.0,2.0,[67 69],44.0,10.0,38.0,20.0,39.0,18.0,49.0,25.0,31.0,16.0
68,66,5.0,0.0,2.0,[67 69],31.0,16.0,39.0,18.0,44.0,10.0,36.0,27.0,49.0,25.0
68,67,5.0,0.0,2.0,[67 69],49.0,25.0,44.0,10.0,31.0,16.0,39.0,23.0,36.0,27.0
68,68,5.0,0.0,2.0,[67 69],36.0,27.0,31.0,16.0,49.0,25.0,40.0,18.0,39.0,23.0
68,69,5.0,0.0,2.0,[67 69],39.0,23.0,49.0,25.0,36.0,27.0,41.0,33.0,40.0,18.0
68,70,5.0,0.0,2.0,[67 69],40.0,18.0,36.0,27.0,39.0,23.0,59.0,37.0,41.0,33.0
68,71,5.0,0.0,2.0,[67 69],41.0,33.0,39.0,23.0,40.0,18.0,46.0,17.0,59.0,37.0
68,72,5.0,0.0,2.0,[67 69],59.0,37.0,40.0,18.0,41.0,33.0,57.0,30.0,46.0,17.0
68,73,5.0,0.0,2.0,[67 69],46.0,17.0,41.0,33.0,59.0,37.0,43.0,39.0,57.0,30.0
68,74,5.0,0.0,2.0,[67 69],57.0,30.0,59.0,37.0,46.0,17.0,52.0,34.0,43.0,39.0
68,75,5.0,0.0,2.0,[67 69],43.0,39.0,46.0,17.0,57.0,30.0,61.0,27.0,52.0,34.0
68,76,5.0,0.0,2.0,[67 69],52.0,34.0,57.0,30.0,43.0,39.0,47.0,37.0,61.0,27.0
68,77,5.0,0.0,2.0,[67 69],61.0,27.0,43.0,39.0,52.0,34.0,35.0,26.0,47.0,37.0
68,78,5.0,0.0,2.0,[67 69],47.0,37.0,52.0,34.0,61.0,27.0,70.0,30.0,35.0,26.0
68,79,5.0,0.0,2.0,[67 69],35.0,26.0,61.0,27.0,47.0,37.0,42.0,22.0,70.0,30.0
68,80,5.0,0.0,2.0,[67 69],70.0,30.0,47.0,37.0,35.0,26.0,47.0,27.0,42.0,22.0
68,81,5.0,0.0,2.0,[67 69],42.0,22.0,35.0,26.0,70.0,30.0,57.0,19.0,47.0,27.0
68,82,5.0,0.0,2.0,[67 69],47.0,27.0,70.0,30.0,42.0,22.0,48.0,19.0,57.0,19.0
68,83,5.0,0.0,2.0,[67 69],57.0,19.0,42.0,22.0,47.0,27.0,44.0,29.0,48.0,19.0
68,84,5.0,0.0,2.0,[67 69],48.0,19.0,47.0,27.0,57.0,19.0,38.0,46.0,44.0,29.0
68,85,5.0,0.0,2.0,[67 69],44.0,29.0,57.0,19.0,48.0,19.0,41.0,26.0,38.0,46.0
68,86,5.0,0.0,2.0,[67 69],38.0,46.0,48.0,19.0,44.0,29.0,48.0,22.0,41.0,26.0
68,87,5.0,0.0,2.0,[67 69],41.0,26.0,44.0,29.0,38.0,46.0,38.0,42.0,48.0,22.0
68,88,5.0,0.0,2.0,[67 69],48.0,22.0,38.0,46.0,41.0,26.0,42.0,45.0,38.0,42.0
68,89,5.0,0.0,2.0,[67 69],38.0,42.0,41.0,26.0,48.0,22.0,54.0,28.0,42.0,45.0
68,90,5.0,0.0,2.0,[67 69],42.0,45.0,48.0,22.0,38.0,42.0,62.0,57.0,54.0,28.0
68,91,5.0,0.0,2.0,[67 69],54.0,28.0,38.0,42.0,42.0,45.0,76.0,59.0,62.0,57.0
68,92,5.0,0.0,2.0,[67 69],62.0,57.0,42.0,45.0,54.0,28.0,57.0,51.0,76.0,59.0
68,93,5.0,0.0,2.0,[67 69],76.0,59.0,54.0,28.0,62.0,57.0,43.0,75.0,57.0,51.0
68,94,5.0,0.0,2.0,[67 69],57.0,51.0,62.0,57.0,76.0,59.0,50.0,32.0,43.0,75.0
68,95,5.0,0.0,2.0,[67 69],43.0,75.0,76.0,59.0,57.0,51.0,43.0,60.0,50.0,32.0
68,96,5.0,0.0,2.0,[67 69],50.0,32.0,57.0,51.0,43.0,75.0,67.0,78.0,43.0,60.0
68,97,5.0,0.0,2.0,[67 69],43.0,60.0,43.0,75.0,50.0,32.0,43.0,81.0,67.0,78.0
68,98,5.0,0.0,2.0,[67 69],67.0,78.0,50.0,32.0,43.0,60.0,64.0,96.0,43.0,81.0
68,99,5.0,0.0,2.0,[67 69],43.0,81.0,43.0,60.0,67.0,78.0,113.0,73.0,64.0,96.0
68,100,5.0,0.0,2.0,[67 69],64.0,96.0,67.0,78.0,43.0,81.0,90.0,72.0,113.0,73.0
68,101,5.0,0.0,2.0,[67 69],113.0,73.0,43.0,81.0,64.0,96.0,76.0,83.0,90.0,72.0
68,102,5.0,0.0,2.0,[67 69],90.0,72.0,64.0,96.0,113.0,73.0,77.0,114.0,76.0,83.0
68,103,5.0,0.0,2.0,[67 69],76.0,83.0,113.0,73.0,90.0,72.0,54.0,153.0,77.0,114.0
68,104,5.0,0.0,2.0,[67 69],77.0,114.0,90.0,72.0,76.0,83.0,80.0,160.0,54.0,153.0
68,105,5.0,0.0,2.0,[67 69],54.0,153.0,76.0,83.0,77.0,114.0,58.0,177.0,80.0,160.0
68,106,5.0,0.0,2.0,[67 69],80.0,160.0,77.0,114.0,54.0,153.0,55.0,182.0,58.0,177.0
68,107,5.0,0.0,2.0,[67 69],58.0,177.0,54.0,153.0,80.0,160.0,45.0,184.0,55.0,182.0
68,108,5.0,0.0,2.0,[67 69],55.0,182.0,80.0,160.0,58.0,177.0,42.0,227.0,45.0,184.0
68,109,5.0,0.0,2.0,[67 69],45.0,184.0,58.0,177.0,55.0,182.0,78.0,144.0,42.0,227.0
68,110,5.0,0.0,2.0,[67 69],42.0,227.0,55.0,182.0,45.0,184.0,53.0,166.0,78.0,144.0
68,111,5.0,0.0,2.0,[67 69],78.0,144.0,45.0,184.0,42.0,227.0,43.0,143.0,53.0,166.0
68,112,5.0,0.0,2.0,[67 69],53.0,166.0,42.0,227.0,78.0,144.0,43.0,137.0,43.0,143.0
68,113,5.0,0.0,2.0,[67 69],43.0,143.0,78.0,144.0,53.0,166.0,51.0,144.0,43.0,137.0
68,114,5.0,0.0,2.0,[67 69],43.0,137.0,53.0,166.0,43.0,143.0,45.0,104.0,51.0,144.0
68,115,5.0,0.0,2.0,[67 69],51.0,144.0,43.0,143.0,43.0,137.0,45.0,126.0,45.0,104.0
68,116,5.0,0.0,2.0,[67 69],45.0,104.0,43.0,137.0,51.0,144.0,38.0,101.0,45.0,126.0
68,117,5.0,0.0,2.0,[67 69],45.0,126.0,51.0,144.0,45.0,104.0,31.0,101.0,38.0,101.0
68,118,5.0,0.0,2.0,[67 69],38.0,101.0,45.0,104.0,45.0,126.0,34.0,87.0,31.0,101.0
68,119,5.0,0.0,2.0,[67 69],31.0,101.0,45.0,126.0,38.0,101.0,41.0,95.0,34.0,87.0
68,120,5.0,0.0,2.0,[67 69],34.0,87.0,38.0,101.0,31.0,101.0,45.0,81.0,41.0,95.0
68,121,5.0,0.0,2.0,[67 69],41.0,95.0,31.0,101.0,34.0,87.0,33.0,80.0,45.0,81.0
68,122,5.0,0.0,2.0,[67 69],45.0,81.0,34.0,87.0,41.0,95.0,48.0,80.0,33.0,80.0
68,123,5.0,0.0,2.0,[67 69],33.0,80.0,41.0,95.0,45.0,81.0,32.0,88.0,48.0,80.0
68,124,5.0,0.0,2.0,[67 69],48.0,80.0,45.0,81.0,33.0,80.0,49.0,81.0,32.0,88.0
68,125,5.0,0.0,2.0,[67 69],32.0,88.0,33.0,80.0,48.0,80.0,28.0,90.0,49.0,81.0
68,126,5.0,0.0,2.0,[67 69],49.0,81.0,48.0,80.0,32.0,88.0,39.0,98.0,28.0,90.0
68,127,5.0,0.0,2.0,[67 69],28.0,90.0,32.0,88.0,49.0,81.0,25.0,79.0,39.0,98.0
68,128,5.0,0.0,2.0,[67 69],39.0,98.0,49.0,81.0,28.0,90.0,27.0,81.0,25.0,79.0
68,129,5.0,0.0,2.0,[67 69],25.0,79.0,28.0,90.0,39.0,98.0,33.0,54.0,27.0,81.0
68,130,5.0,0.0,2.0,[67 69],27.0,81.0,39.0,98.0,25.0,79.0,22.0,53.0,33.0,54.0
68,131,5.0,0.0,2.0,[67 69],33.0,54.0,25.0,79.0,27.0,81.0,18.0,58.0,22.0,53.0
68,132,5.0,0.0,2.0,[67 69],22.0,53.0,27.0,81.0,33.0,54.0,24.0,51.0,18.0,58.0
68,133,5.0,0.0,2.0,[67 69],18.0,58.0,33.0,54.0,22.0,53.0,17.0,30.0,24.0,51.0
68,134,5.0,0.0,2.0,[67 69],24.0,51.0,22.0,53.0,18.0,58.0,18.0,67.0,17.0,30.0
68,135,5.0,0.0,2.0,[67 69],17.0,30.0,18.0,58.0,24.0,51.0,5.0,24.0,18.0,67.0
68,136,5.0,0.0,2.0,[67 69],18.0,67.0,24.0,51.0,17.0,30.0,1.0,43.0,5.0,24.0
68,137,5.0,0.0,2.0,[67 69],5.0,24.0,17.0,30.0,18.0,67.0,0.0,21.0,1.0,43.0
68,138,5.0,0.0,2.0,[67 69],1.0,43.0,18.0,67.0,5.0,24.0,0.0,13.0,0.0,21.0
68,139,5.0,0.0,2.0,[67 69],0.0,21.0,5.0,24.0,1.0,43.0,0.0,5.0,0.0,13.0
68,140,5.0,0.0,2.0,[67 69],0.0,13.0,1.0,43.0,0.0,21.0,0.0,0.0,0.0,5.0
68,141,5.0,0.0,2.0,[67 69],0.0,5.0,0.0,21.0,0.0,13.0,0.0,0.0,0.0,0.0
68,142,5.0,0.0,2.0,[67 69],0.0,0.0,0.0,13.0,0.0,5.0,0.0,0.0,0.0,0.0
68,143,5.0,0.0,2.0,[67 69],0.0,0.0,0.0,5.0,0.0,0.0,0.0,0.0,0.0,0.0
69,0,5.0,0.0,2.0,[68 70],0.0,0.0,0.0,0.0,0.0,0.0,0.0,1.0,2.0,0.0
69,1,5.0,0.0,2.0,[68 70],2.0,0.0,0.0,0.0,0.0,0.0,0.0,0.0,0.0,1.0
69,2,5.0,0.0,2.0,[68 70],0.0,1.0,0.0,0.0,2.0,0.0,1.0,1.0,0.0,0.0
69,3,5.0,0.0,2.0,[68 70],0.0,0.0,2.0,0.0,0.0,1.0,0.0,0.0,1.0,1.0
69,4,5.0,0.0,2.0,[68 70],1.0,1.0,0.0,1.0,0.0,0.0,0.0,1.0,0.0,0.0
69,5,5.0,0.0,2.0,[68 70],0.0,0.0,0.0,0.0,1.0,1.0,0.0,0.0,0.0,1.0
69,6,5.0,0.0,2.0,[68 70],0.0,1.0,1.0,1.0,0.0,0.0,0.0,0.0,0.0,0.0
69,7,5.0,0.0,2.0,[68 70],0.0,0.0,0.0,0.0,0.0,1.0,0.0,0.0,0.0,0.0
69,8,5.0,0.0,2.0,[68 70],0.0,0.0,0.0,1.0,0.0,0.0,0.0,0.0,0.0,0.0
69,9,5.0,0.0,2.0,[68 70],0.0,0.0,0.0,0.0,0.0,0.0,0.0,0.0,0.0,0.0
69,10,5.0,0.0,2.0,[68 70],0.0,0.0,0.0,0.0,0.0,0.0,0.0,0.0,0.0,0.0
69,11,5.0,0.0,2.0,[68 70],0.0,0.0,0.0,0.0,0.0,0.0,0.0,0.0,0.0,0.0
69,12,5.0,0.0,2.0,[68 70],0.0,0.0,0.0,0.0,0.0,0.0,0.0,0.0,0.0,0.0
69,13,5.0,0.0,2.0,[68 70],0.0,0.0,0.0,0.0,0.0,0.0,0.0,0.0,0.0,0.0
69,14,5.0,0.0,2.0,[68 70],0.0,0.0,0.0,0.0,0.0,0.0,0.0,0.0,0.0,0.0
69,15,5.0,0.0,2.0,[68 70],0.0,0.0,0.0,0.0,0.0,0.0,0.0,0.0,0.0,0.0
69,16,5.0,0.0,2.0,[68 70],0.0,0.0,0.0,0.0,0.0,0.0,0.0,0.0,0.0,0.0
69,17,5.0,0.0,2.0,[68 70],0.0,0.0,0.0,0.0,0.0,0.0,0.0,0.0,0.0,0.0
69,18,5.0,0.0,2.0,[68 70],0.0,0.0,0.0,0.0,0.0,0.0,0.0,0.0,0.0,0.0
69,19,5.0,0.0,2.0,[68 70],0.0,0.0,0.0,0.0,0.0,0.0,0.0,0.0,0.0,0.0
69,20,5.0,0.0,2.0,[68 70],0.0,0.0,0.0,0.0,0.0,0.0,0.0,0.0,0.0,0.0
69,21,5.0,0.0,2.0,[68 70],0.0,0.0,0.0,0.0,0.0,0.0,0.0,0.0,0.0,0.0
69,22,5.0,0.0,2.0,[68 70],0.0,0.0,0.0,0.0,0.0,0.0,0.0,0.0,0.0,0.0
69,23,5.0,0.0,2.0,[68 70],0.0,0.0,0.0,0.0,0.0,0.0,0.0,0.0,0.0,0.0
69,24,5.0,0.0,2.0,[68 70],0.0,0.0,0.0,0.0,0.0,0.0,0.0,0.0,0.0,0.0
69,25,5.0,0.0,2.0,[68 70],0.0,0.0,0.0,0.0,0.0,0.0,0.0,0.0,0.0,0.0
69,26,5.0,0.0,2.0,[68 70],0.0,0.0,0.0,0.0,0.0,0.0,0.0,0.0,0.0,0.0
69,27,5.0,0.0,2.0,[68 70],0.0,0.0,0.0,0.0,0.0,0.0,0.0,0.0,0.0,0.0
69,28,5.0,0.0,2.0,[68 70],0.0,0.0,0.0,0.0,0.0,0.0,0.0,0.0,0.0,0.0
69,29,5.0,0.0,2.0,[68 70],0.0,0.0,0.0,0.0,0.0,0.0,0.0,0.0,0.0,0.0
69,30,5.0,0.0,2.0,[68 70],0.0,0.0,0.0,0.0,0.0,0.0,1.0,0.0,0.0,0.0
69,31,5.0,0.0,2.0,[68 70],0.0,0.0,0.0,0.0,0.0,0.0,1.0,1.0,1.0,0.0
69,32,5.0,0.0,2.0,[68 70],1.0,0.0,0.0,0.0,0.0,0.0,6.0,0.0,1.0,1.0
69,33,5.0,0.0,2.0,[68 70],1.0,1.0,0.0,0.0,1.0,0.0,6.0,0.0,6.0,0.0
69,34,5.0,0.0,2.0,[68 70],6.0,0.0,1.0,0.0,1.0,1.0,8.0,0.0,6.0,0.0
69,35,5.0,0.0,2.0,[68 70],6.0,0.0,1.0,1.0,6.0,0.0,18.0,3.0,8.0,0.0
69,36,5.0,0.0,2.0,[68 70],8.0,0.0,6.0,0.0,6.0,0.0,33.0,5.0,18.0,3.0
69,37,5.0,0.0,2.0,[68 70],18.0,3.0,6.0,0.0,8.0,0.0,64.0,7.0,33.0,5.0
69,38,5.0,0.0,2.0,[68 70],33.0,5.0,8.0,0.0,18.0,3.0,69.0,10.0,64.0,7.0
69,39,5.0,0.0,2.0,[68 70],64.0,7.0,18.0,3.0,33.0,5.0,114.0,14.0,69.0,10.0
69,40,5.0,0.0,2.0,[68 70],69.0,10.0,33.0,5.0,64.0,7.0,215.0,13.0,114.0,14.0
69,41,5.0,0.0,2.0,[68 70],114.0,14.0,64.0,7.0,69.0,10.0,235.0,46.0,215.0,13.0
69,42,5.0,0.0,2.0,[68 70],215.0,13.0,69.0,10.0,114.0,14.0,235.0,34.0,235.0,46.0
69,43,5.0,0.0,2.0,[68 70],235.0,46.0,114.0,14.0,215.0,13.0,220.0,65.0,235.0,34.0
69,44,5.0,0.0,2.0,[68 70],235.0,34.0,215.0,13.0,235.0,46.0,231.0,73.0,220.0,65.0
69,45,5.0,0.0,2.0,[68 70],220.0,65.0,235.0,46.0,235.0,34.0,272.0,156.0,231.0,73.0
69,46,5.0,0.0,2.0,[68 70],231.0,73.0,235.0,34.0,220.0,65.0,291.0,252.0,272.0,156.0
69,47,5.0,0.0,2.0,[68 70],272.0,156.0,220.0,65.0,231.0,73.0,275.0,224.0,291.0,252.0
69,48,5.0,0.0,2.0,[68 70],291.0,252.0,231.0,73.0,272.0,156.0,305.0,259.0,275.0,224.0
69,49,5.0,0.0,2.0,[68 70],275.0,224.0,272.0,156.0,291.0,252.0,234.0,231.0,305.0,259.0
69,50,5.0,0.0,2.0,[68 70],305.0,259.0,291.0,252.0,275.0,224.0,184.0,312.0,234.0,231.0
69,51,5.0,0.0,2.0,[68 70],234.0,231.0,275.0,224.0,305.0,259.0,200.0,284.0,184.0,312.0
69,52,5.0,0.0,2.0,[68 70],184.0,312.0,305.0,259.0,234.0,231.0,137.0,212.0,200.0,284.0
69,53,5.0,0.0,2.0,[68 70],200.0,284.0,234.0,231.0,184.0,312.0,96.0,141.0,137.0,212.0
69,54,5.0,0.0,2.0,[68 70],137.0,212.0,184.0,312.0,200.0,284.0,104.0,113.0,96.0,141.0
69,55,5.0,0.0,2.0,[68 70],96.0,141.0,200.0,284.0,137.0,212.0,82.0,92.0,104.0,113.0
69,56,5.0,0.0,2.0,[68 70],104.0,113.0,137.0,212.0,96.0,141.0,75.0,72.0,82.0,92.0
69,57,5.0,0.0,2.0,[68 70],82.0,92.0,96.0,141.0,104.0,113.0,75.0,84.0,75.0,72.0
69,58,5.0,0.0,2.0,[68 70],75.0,72.0,104.0,113.0,82.0,92.0,52.0,58.0,75.0,84.0
69,59,5.0,0.0,2.0,[68 70],75.0,84.0,82.0,92.0,75.0,72.0,76.0,59.0,52.0,58.0
69,60,5.0,0.0,2.0,[68 70],52.0,58.0,75.0,72.0,75.0,84.0,59.0,58.0,76.0,59.0
69,61,5.0,0.0,2.0,[68 70],76.0,59.0,75.0,84.0,52.0,58.0,62.0,43.0,59.0,58.0
69,62,5.0,0.0,2.0,[68 70],59.0,58.0,52.0,58.0,76.0,59.0,55.0,30.0,62.0,43.0
69,63,5.0,0.0,2.0,[68 70],62.0,43.0,76.0,59.0,59.0,58.0,60.0,49.0,55.0,30.0
69,64,5.0,0.0,2.0,[68 70],55.0,30.0,59.0,58.0,62.0,43.0,45.0,54.0,60.0,49.0
69,65,5.0,0.0,2.0,[68 70],60.0,49.0,62.0,43.0,55.0,30.0,52.0,42.0,45.0,54.0
69,66,5.0,0.0,2.0,[68 70],45.0,54.0,55.0,30.0,60.0,49.0,70.0,49.0,52.0,42.0
69,67,5.0,0.0,2.0,[68 70],52.0,42.0,60.0,49.0,45.0,54.0,65.0,36.0,70.0,49.0
69,68,5.0,0.0,2.0,[68 70],70.0,49.0,45.0,54.0,52.0,42.0,66.0,66.0,65.0,36.0
69,69,5.0,0.0,2.0,[68 70],65.0,36.0,52.0,42.0,70.0,49.0,90.0,49.0,66.0,66.0
69,70,5.0,0.0,2.0,[68 70],66.0,66.0,70.0,49.0,65.0,36.0,104.0,41.0,90.0,49.0
69,71,5.0,0.0,2.0,[68 70],90.0,49.0,65.0,36.0,66.0,66.0,101.0,39.0,104.0,41.0
69,72,5.0,0.0,2.0,[68 70],104.0,41.0,66.0,66.0,90.0,49.0,106.0,42.0,101.0,39.0
69,73,5.0,0.0,2.0,[68 70],101.0,39.0,90.0,49.0,104.0,41.0,114.0,45.0,106.0,42.0
69,74,5.0,0.0,2.0,[68 70],106.0,42.0,104.0,41.0,101.0,39.0,110.0,63.0,114.0,45.0
69,75,5.0,0.0,2.0,[68 70],114.0,45.0,101.0,39.0,106.0,42.0,89.0,49.0,110.0,63.0
69,76,5.0,0.0,2.0,[68 70],110.0,63.0,106.0,42.0,114.0,45.0,73.0,38.0,89.0,49.0
69,77,5.0,0.0,2.0,[68 70],89.0,49.0,114.0,45.0,110.0,63.0,68.0,57.0,73.0,38.0
69,78,5.0,0.0,2.0,[68 70],73.0,38.0,110.0,63.0,89.0,49.0,63.0,59.0,68.0,57.0
69,79,5.0,0.0,2.0,[68 70],68.0,57.0,89.0,49.0,73.0,38.0,59.0,65.0,63.0,59.0
69,80,5.0,0.0,2.0,[68 70],63.0,59.0,73.0,38.0,68.0,57.0,118.0,52.0,59.0,65.0
69,81,5.0,0.0,2.0,[68 70],59.0,65.0,68.0,57.0,63.0,59.0,63.0,53.0,118.0,52.0
69,82,5.0,0.0,2.0,[68 70],118.0,52.0,63.0,59.0,59.0,65.0,70.0,58.0,63.0,53.0
69,83,5.0,0.0,2.0,[68 70],63.0,53.0,59.0,65.0,118.0,52.0,84.0,48.0,70.0,58.0
69,84,5.0,0.0,2.0,[68 70],70.0,58.0,118.0,52.0,63.0,53.0,64.0,54.0,84.0,48.0
69,85,5.0,0.0,2.0,[68 70],84.0,48.0,63.0,53.0,70.0,58.0,57.0,53.0,64.0,54.0
69,86,5.0,0.0,2.0,[68 70],64.0,54.0,70.0,58.0,84.0,48.0,78.0,80.0,57.0,53.0
69,87,5.0,0.0,2.0,[68 70],57.0,53.0,84.0,48.0,64.0,54.0,70.0,41.0,78.0,80.0
69,88,5.0,0.0,2.0,[68 70],78.0,80.0,64.0,54.0,57.0,53.0,89.0,71.0,70.0,41.0
69,89,5.0,0.0,2.0,[68 70],70.0,41.0,57.0,53.0,78.0,80.0,106.0,62.0,89.0,71.0
69,90,5.0,0.0,2.0,[68 70],89.0,71.0,78.0,80.0,70.0,41.0,110.0,66.0,106.0,62.0
69,91,5.0,0.0,2.0,[68 70],106.0,62.0,70.0,41.0,89.0,71.0,127.0,89.0,110.0,66.0
69,92,5.0,0.0,2.0,[68 70],110.0,66.0,89.0,71.0,106.0,62.0,127.0,92.0,127.0,89.0
69,93,5.0,0.0,2.0,[68 70],127.0,89.0,106.0,62.0,110.0,66.0,134.0,80.0,127.0,92.0
69,94,5.0,0.0,2.0,[68 70],127.0,92.0,110.0,66.0,127.0,89.0,135.0,60.0,134.0,80.0
69,95,5.0,0.0,2.0,[68 70],134.0,80.0,127.0,89.0,127.0,92.0,140.0,87.0,135.0,60.0
69,96,5.0,0.0,2.0,[68 70],135.0,60.0,127.0,92.0,134.0,80.0,102.0,103.0,140.0,87.0
69,97,5.0,0.0,2.0,[68 70],140.0,87.0,134.0,80.0,135.0,60.0,104.0,95.0,102.0,103.0
69,98,5.0,0.0,2.0,[68 70],102.0,103.0,135.0,60.0,140.0,87.0,114.0,108.0,104.0,95.0
69,99,5.0,0.0,2.0,[68 70],104.0,95.0,140.0,87.0,102.0,103.0,140.0,153.0,114.0,108.0
69,100,5.0,0.0,2.0,[68 70],114.0,108.0,102.0,103.0,104.0,95.0,155.0,108.0,140.0,153.0
69,101,5.0,0.0,2.0,[68 70],140.0,153.0,104.0,95.0,114.0,108.0,233.0,144.0,155.0,108.0
69,102,5.0,0.0,2.0,[68 70],155.0,108.0,114.0,108.0,140.0,153.0,263.0,156.0,233.0,144.0
69,103,5.0,0.0,2.0,[68 70],233.0,144.0,140.0,153.0,155.0,108.0,182.0,203.0,263.0,156.0
69,104,5.0,0.0,2.0,[68 70],263.0,156.0,155.0,108.0,233.0,144.0,219.0,190.0,182.0,203.0
69,105,5.0,0.0,2.0,[68 70],182.0,203.0,233.0,144.0,263.0,156.0,219.0,250.0,219.0,190.0
69,106,5.0,0.0,2.0,[68 70],219.0,190.0,263.0,156.0,182.0,203.0,163.0,254.0,219.0,250.0
69,107,5.0,0.0,2.0,[68 70],219.0,250.0,182.0,203.0,219.0,190.0,185.0,229.0,163.0,254.0
69,108,5.0,0.0,2.0,[68 70],163.0,254.0,219.0,190.0,219.0,250.0,209.0,185.0,185.0,229.0
69,109,5.0,0.0,2.0,[68 70],185.0,229.0,219.0,250.0,163.0,254.0,164.0,221.0,209.0,185.0
69,110,5.0,0.0,2.0,[68 70],209.0,185.0,163.0,254.0,185.0,229.0,148.0,168.0,164.0,221.0
69,111,5.0,0.0,2.0,[68 70],164.0,221.0,185.0,229.0,209.0,185.0,114.0,197.0,148.0,168.0
69,112,5.0,0.0,2.0,[68 70],148.0,168.0,209.0,185.0,164.0,221.0,158.0,162.0,114.0,197.0
69,113,5.0,0.0,2.0,[68 70],114.0,197.0,164.0,221.0,148.0,168.0,113.0,143.0,158.0,162.0
69,114,5.0,0.0,2.0,[68 70],158.0,162.0,148.0,168.0,114.0,197.0,97.0,106.0,113.0,143.0
69,115,5.0,0.0,2.0,[68 70],113.0,143.0,114.0,197.0,158.0,162.0,69.0,118.0,97.0,106.0
69,116,5.0,0.0,2.0,[68 70],97.0,106.0,158.0,162.0,113.0,143.0,84.0,97.0,69.0,118.0
69,117,5.0,0.0,2.0,[68 70],69.0,118.0,113.0,143.0,97.0,106.0,79.0,156.0,84.0,97.0
69,118,5.0,0.0,2.0,[68 70],84.0,97.0,97.0,106.0,69.0,118.0,64.0,129.0,79.0,156.0
69,119,5.0,0.0,2.0,[68 70],79.0,156.0,69.0,118.0,84.0,97.0,66.0,104.0,64.0,129.0
69,120,5.0,0.0,2.0,[68 70],64.0,129.0,84.0,97.0,79.0,156.0,47.0,92.0,66.0,104.0
69,121,5.0,0.0,2.0,[68 70],66.0,104.0,79.0,156.0,64.0,129.0,67.0,104.0,47.0,92.0
69,122,5.0,0.0,2.0,[68 70],47.0,92.0,64.0,129.0,66.0,104.0,118.0,131.0,67.0,104.0
69,123,5.0,0.0,2.0,[68 70],67.0,104.0,66.0,104.0,47.0,92.0,58.0,128.0,118.0,131.0
69,124,5.0,0.0,2.0,[68 70],118.0,131.0,47.0,92.0,67.0,104.0,92.0,126.0,58.0,128.0
69,125,5.0,0.0,2.0,[68 70],58.0,128.0,67.0,104.0,118.0,131.0,50.0,122.0,92.0,126.0
69,126,5.0,0.0,2.0,[68 70],92.0,126.0,118.0,131.0,58.0,128.0,77.0,111.0,50.0,122.0
69,127,5.0,0.0,2.0,[68 70],50.0,122.0,58.0,128.0,92.0,126.0,50.0,123.0,77.0,111.0
69,128,5.0,0.0,2.0,[68 70],77.0,111.0,92.0,126.0,50.0,122.0,41.0,93.0,50.0,123.0
69,129,5.0,0.0,2.0,[68 70],50.0,123.0,50.0,122.0,77.0,111.0,45.0,118.0,41.0,93.0
69,130,5.0,0.0,2.0,[68 70],41.0,93.0,77.0,111.0,50.0,123.0,41.0,108.0,45.0,118.0
69,131,5.0,0.0,2.0,[68 70],45.0,118.0,50.0,123.0,41.0,93.0,23.0,85.0,41.0,108.0
69,132,5.0,0.0,2.0,[68 70],41.0,108.0,41.0,93.0,45.0,118.0,27.0,96.0,23.0,85.0
69,133,5.0,0.0,2.0,[68 70],23.0,85.0,45.0,118.0,41.0,108.0,19.0,50.0,27.0,96.0
69,134,5.0,0.0,2.0,[68 70],27.0,96.0,41.0,108.0,23.0,85.0,12.0,62.0,19.0,50.0
69,135,5.0,0.0,2.0,[68 70],19.0,50.0,23.0,85.0,27.0,96.0,7.0,84.0,12.0,62.0
69,136,5.0,0.0,2.0,[68 70],12.0,62.0,27.0,96.0,19.0,50.0,1.0,36.0,7.0,84.0
69,137,5.0,0.0,2.0,[68 70],7.0,84.0,19.0,50.0,12.0,62.0,6.0,46.0,1.0,36.0
69,138,5.0,0.0,2.0,[68 70],1.0,36.0,12.0,62.0,7.0,84.0,0.0,34.0,6.0,46.0
69,139,5.0,0.0,2.0,[68 70],6.0,46.0,7.0,84.0,1.0,36.0,0.0,1.0,0.0,34.0
69,140,5.0,0.0,2.0,[68 70],0.0,34.0,1.0,36.0,6.0,46.0,0.0,0.0,0.0,1.0
69,141,5.0,0.0,2.0,[68 70],0.0,1.0,6.0,46.0,0.0,34.0,0.0,0.0,0.0,0.0
69,142,5.0,0.0,2.0,[68 70],0.0,0.0,0.0,34.0,0.0,1.0,0.0,0.0,0.0,0.0
69,143,5.0,0.0,2.0,[68 70],0.0,0.0,0.0,1.0,0.0,0.0,0.0,0.0,0.0,0.0
70,0,5.0,0.0,2.0,[69 71],0.0,0.0,0.0,0.0,0.0,0.0,0.0,0.0,0.0,0.0
70,1,5.0,0.0,2.0,[69 71],0.0,0.0,0.0,0.0,0.0,0.0,0.0,0.0,0.0,0.0
70,2,5.0,0.0,2.0,[69 71],0.0,0.0,0.0,0.0,0.0,0.0,0.0,0.0,0.0,0.0
70,3,5.0,0.0,2.0,[69 71],0.0,0.0,0.0,0.0,0.0,0.0,0.0,0.0,0.0,0.0
70,4,5.0,0.0,2.0,[69 71],0.0,0.0,0.0,0.0,0.0,0.0,0.0,0.0,0.0,0.0
70,5,5.0,0.0,2.0,[69 71],0.0,0.0,0.0,0.0,0.0,0.0,0.0,0.0,0.0,0.0
70,6,5.0,0.0,2.0,[69 71],0.0,0.0,0.0,0.0,0.0,0.0,0.0,0.0,0.0,0.0
70,7,5.0,0.0,2.0,[69 71],0.0,0.0,0.0,0.0,0.0,0.0,0.0,0.0,0.0,0.0
70,8,5.0,0.0,2.0,[69 71],0.0,0.0,0.0,0.0,0.0,0.0,0.0,0.0,0.0,0.0
70,9,5.0,0.0,2.0,[69 71],0.0,0.0,0.0,0.0,0.0,0.0,0.0,0.0,0.0,0.0
70,10,5.0,0.0,2.0,[69 71],0.0,0.0,0.0,0.0,0.0,0.0,0.0,0.0,0.0,0.0
70,11,5.0,0.0,2.0,[69 71],0.0,0.0,0.0,0.0,0.0,0.0,0.0,0.0,0.0,0.0
70,12,5.0,0.0,2.0,[69 71],0.0,0.0,0.0,0.0,0.0,0.0,0.0,0.0,0.0,0.0
70,13,5.0,0.0,2.0,[69 71],0.0,0.0,0.0,0.0,0.0,0.0,0.0,0.0,0.0,0.0
70,14,5.0,0.0,2.0,[69 71],0.0,0.0,0.0,0.0,0.0,0.0,0.0,0.0,0.0,0.0
70,15,5.0,0.0,2.0,[69 71],0.0,0.0,0.0,0.0,0.0,0.0,0.0,0.0,0.0,0.0
70,16,5.0,0.0,2.0,[69 71],0.0,0.0,0.0,0.0,0.0,0.0,0.0,0.0,0.0,0.0
70,17,5.0,0.0,2.0,[69 71],0.0,0.0,0.0,0.0,0.0,0.0,0.0,0.0,0.0,0.0
70,18,5.0,0.0,2.0,[69 71],0.0,0.0,0.0,0.0,0.0,0.0,0.0,0.0,0.0,0.0
70,19,5.0,0.0,2.0,[69 71],0.0,0.0,0.0,0.0,0.0,0.0,0.0,0.0,0.0,0.0
70,20,5.0,0.0,2.0,[69 71],0.0,0.0,0.0,0.0,0.0,0.0,0.0,0.0,0.0,0.0
70,21,5.0,0.0,2.0,[69 71],0.0,0.0,0.0,0.0,0.0,0.0,0.0,0.0,0.0,0.0
70,22,5.0,0.0,2.0,[69 71],0.0,0.0,0.0,0.0,0.0,0.0,0.0,0.0,0.0,0.0
70,23,5.0,0.0,2.0,[69 71],0.0,0.0,0.0,0.0,0.0,0.0,0.0,0.0,0.0,0.0
70,24,5.0,0.0,2.0,[69 71],0.0,0.0,0.0,0.0,0.0,0.0,0.0,0.0,0.0,0.0
70,25,5.0,0.0,2.0,[69 71],0.0,0.0,0.0,0.0,0.0,0.0,0.0,0.0,0.0,0.0
70,26,5.0,0.0,2.0,[69 71],0.0,0.0,0.0,0.0,0.0,0.0,0.0,0.0,0.0,0.0
70,27,5.0,0.0,2.0,[69 71],0.0,0.0,0.0,0.0,0.0,0.0,0.0,0.0,0.0,0.0
70,28,5.0,0.0,2.0,[69 71],0.0,0.0,0.0,0.0,0.0,0.0,0.0,0.0,0.0,0.0
70,29,5.0,0.0,2.0,[69 71],0.0,0.0,0.0,0.0,0.0,0.0,0.0,0.0,0.0,0.0
70,30,5.0,0.0,2.0,[69 71],0.0,0.0,0.0,0.0,0.0,0.0,0.0,0.0,0.0,0.0
70,31,5.0,0.0,2.0,[69 71],0.0,0.0,0.0,0.0,0.0,0.0,0.0,0.0,0.0,0.0
70,32,5.0,0.0,2.0,[69 71],0.0,0.0,0.0,0.0,0.0,0.0,0.0,0.0,0.0,0.0
70,33,5.0,0.0,2.0,[69 71],0.0,0.0,0.0,0.0,0.0,0.0,10.0,1.0,0.0,0.0
70,34,5.0,0.0,2.0,[69 71],0.0,0.0,0.0,0.0,0.0,0.0,16.0,0.0,10.0,1.0
70,35,5.0,0.0,2.0,[69 71],10.0,1.0,0.0,0.0,0.0,0.0,21.0,3.0,16.0,0.0
70,36,5.0,0.0,2.0,[69 71],16.0,0.0,0.0,0.0,10.0,1.0,22.0,2.0,21.0,3.0
70,37,5.0,0.0,2.0,[69 71],21.0,3.0,10.0,1.0,16.0,0.0,43.0,7.0,22.0,2.0
70,38,5.0,0.0,2.0,[69 71],22.0,2.0,16.0,0.0,21.0,3.0,61.0,7.0,43.0,7.0
70,39,5.0,0.0,2.0,[69 71],43.0,7.0,21.0,3.0,22.0,2.0,58.0,13.0,61.0,7.0
70,40,5.0,0.0,2.0,[69 71],61.0,7.0,22.0,2.0,43.0,7.0,75.0,18.0,58.0,13.0
70,41,5.0,0.0,2.0,[69 71],58.0,13.0,43.0,7.0,61.0,7.0,109.0,16.0,75.0,18.0
70,42,5.0,0.0,2.0,[69 71],75.0,18.0,61.0,7.0,58.0,13.0,117.0,41.0,109.0,16.0
70,43,5.0,0.0,2.0,[69 71],109.0,16.0,58.0,13.0,75.0,18.0,192.0,65.0,117.0,41.0
70,44,5.0,0.0,2.0,[69 71],117.0,41.0,75.0,18.0,109.0,16.0,251.0,81.0,192.0,65.0
70,45,5.0,0.0,2.0,[69 71],192.0,65.0,109.0,16.0,117.0,41.0,275.0,165.0,251.0,81.0
70,46,5.0,0.0,2.0,[69 71],251.0,81.0,117.0,41.0,192.0,65.0,316.0,222.0,275.0,165.0
70,47,5.0,0.0,2.0,[69 71],275.0,165.0,192.0,65.0,251.0,81.0,310.0,301.0,316.0,222.0
70,48,5.0,0.0,2.0,[69 71],316.0,222.0,251.0,81.0,275.0,165.0,315.0,306.0,310.0,301.0
70,49,5.0,0.0,2.0,[69 71],310.0,301.0,275.0,165.0,316.0,222.0,271.0,370.0,315.0,306.0
70,50,5.0,0.0,2.0,[69 71],315.0,306.0,316.0,222.0,310.0,301.0,217.0,411.0,271.0,370.0
70,51,5.0,0.0,2.0,[69 71],271.0,370.0,310.0,301.0,315.0,306.0,202.0,275.0,217.0,411.0
70,52,5.0,0.0,2.0,[69 71],217.0,411.0,315.0,306.0,271.0,370.0,152.0,176.0,202.0,275.0
70,53,5.0,0.0,2.0,[69 71],202.0,275.0,271.0,370.0,217.0,411.0,136.0,154.0,152.0,176.0
70,54,5.0,0.0,2.0,[69 71],152.0,176.0,217.0,411.0,202.0,275.0,85.0,102.0,136.0,154.0
70,55,5.0,0.0,2.0,[69 71],136.0,154.0,202.0,275.0,152.0,176.0,86.0,107.0,85.0,102.0
70,56,5.0,0.0,2.0,[69 71],85.0,102.0,152.0,176.0,136.0,154.0,74.0,106.0,86.0,107.0
70,57,5.0,0.0,2.0,[69 71],86.0,107.0,136.0,154.0,85.0,102.0,66.0,71.0,74.0,106.0
70,58,5.0,0.0,2.0,[69 71],74.0,106.0,85.0,102.0,86.0,107.0,58.0,71.0,66.0,71.0
70,59,5.0,0.0,2.0,[69 71],66.0,71.0,86.0,107.0,74.0,106.0,55.0,46.0,58.0,71.0
70,60,5.0,0.0,2.0,[69 71],58.0,71.0,74.0,106.0,66.0,71.0,46.0,61.0,55.0,46.0
70,61,5.0,0.0,2.0,[69 71],55.0,46.0,66.0,71.0,58.0,71.0,51.0,51.0,46.0,61.0
70,62,5.0,0.0,2.0,[69 71],46.0,61.0,58.0,71.0,55.0,46.0,50.0,39.0,51.0,51.0
70,63,5.0,0.0,2.0,[69 71],51.0,51.0,55.0,46.0,46.0,61.0,42.0,64.0,50.0,39.0
70,64,5.0,0.0,2.0,[69 71],50.0,39.0,46.0,61.0,51.0,51.0,58.0,43.0,42.0,64.0
70,65,5.0,0.0,2.0,[69 71],42.0,64.0,51.0,51.0,50.0,39.0,48.0,47.0,58.0,43.0
70,66,5.0,0.0,2.0,[69 71],58.0,43.0,50.0,39.0,42.0,64.0,57.0,49.0,48.0,47.0
70,67,5.0,0.0,2.0,[69 71],48.0,47.0,42.0,64.0,58.0,43.0,61.0,56.0,57.0,49.0
70,68,5.0,0.0,2.0,[69 71],57.0,49.0,58.0,43.0,48.0,47.0,52.0,66.0,61.0,56.0
70,69,5.0,0.0,2.0,[69 71],61.0,56.0,48.0,47.0,57.0,49.0,52.0,57.0,52.0,66.0
70,70,5.0,0.0,2.0,[69 71],52.0,66.0,57.0,49.0,61.0,56.0,43.0,51.0,52.0,57.0
70,71,5.0,0.0,2.0,[69 71],52.0,57.0,61.0,56.0,52.0,66.0,65.0,48.0,43.0,51.0
70,72,5.0,0.0,2.0,[69 71],43.0,51.0,52.0,66.0,52.0,57.0,58.0,71.0,65.0,48.0
70,73,5.0,0.0,2.0,[69 71],65.0,48.0,52.0,57.0,43.0,51.0,55.0,38.0,58.0,71.0
70,74,5.0,0.0,2.0,[69 71],58.0,71.0,43.0,51.0,65.0,48.0,56.0,41.0,55.0,38.0
70,75,5.0,0.0,2.0,[69 71],55.0,38.0,65.0,48.0,58.0,71.0,43.0,81.0,56.0,41.0
70,76,5.0,0.0,2.0,[69 71],56.0,41.0,58.0,71.0,55.0,38.0,44.0,53.0,43.0,81.0
70,77,5.0,0.0,2.0,[69 71],43.0,81.0,55.0,38.0,56.0,41.0,51.0,54.0,44.0,53.0
70,78,5.0,0.0,2.0,[69 71],44.0,53.0,56.0,41.0,43.0,81.0,70.0,62.0,51.0,54.0
70,79,5.0,0.0,2.0,[69 71],51.0,54.0,43.0,81.0,44.0,53.0,43.0,65.0,70.0,62.0
70,80,5.0,0.0,2.0,[69 71],70.0,62.0,44.0,53.0,51.0,54.0,66.0,51.0,43.0,65.0
70,81,5.0,0.0,2.0,[69 71],43.0,65.0,51.0,54.0,70.0,62.0,37.0,50.0,66.0,51.0
70,82,5.0,0.0,2.0,[69 71],66.0,51.0,70.0,62.0,43.0,65.0,54.0,62.0,37.0,50.0
70,83,5.0,0.0,2.0,[69 71],37.0,50.0,43.0,65.0,66.0,51.0,43.0,46.0,54.0,62.0
70,84,5.0,0.0,2.0,[69 71],54.0,62.0,66.0,51.0,37.0,50.0,58.0,74.0,43.0,46.0
70,85,5.0,0.0,2.0,[69 71],43.0,46.0,37.0,50.0,54.0,62.0,52.0,71.0,58.0,74.0
70,86,5.0,0.0,2.0,[69 71],58.0,74.0,54.0,62.0,43.0,46.0,60.0,67.0,52.0,71.0
70,87,5.0,0.0,2.0,[69 71],52.0,71.0,43.0,46.0,58.0,74.0,43.0,63.0,60.0,67.0
70,88,5.0,0.0,2.0,[69 71],60.0,67.0,58.0,74.0,52.0,71.0,45.0,57.0,43.0,63.0
70,89,5.0,0.0,2.0,[69 71],43.0,63.0,52.0,71.0,60.0,67.0,58.0,68.0,45.0,57.0
70,90,5.0,0.0,2.0,[69 71],45.0,57.0,60.0,67.0,43.0,63.0,76.0,75.0,58.0,68.0
70,91,5.0,0.0,2.0,[69 71],58.0,68.0,43.0,63.0,45.0,57.0,65.0,60.0,76.0,75.0
70,92,5.0,0.0,2.0,[69 71],76.0,75.0,45.0,57.0,58.0,68.0,70.0,74.0,65.0,60.0
70,93,5.0,0.0,2.0,[69 71],65.0,60.0,58.0,68.0,76.0,75.0,56.0,86.0,70.0,74.0
70,94,5.0,0.0,2.0,[69 71],70.0,74.0,76.0,75.0,65.0,60.0,75.0,84.0,56.0,86.0
70,95,5.0,0.0,2.0,[69 71],56.0,86.0,65.0,60.0,70.0,74.0,89.0,85.0,75.0,84.0
70,96,5.0,0.0,2.0,[69 71],75.0,84.0,70.0,74.0,56.0,86.0,68.0,114.0,89.0,85.0
70,97,5.0,0.0,2.0,[69 71],89.0,85.0,56.0,86.0,75.0,84.0,64.0,86.0,68.0,114.0
70,98,5.0,0.0,2.0,[69 71],68.0,114.0,75.0,84.0,89.0,85.0,60.0,92.0,64.0,86.0
70,99,5.0,0.0,2.0,[69 71],64.0,86.0,89.0,85.0,68.0,114.0,75.0,114.0,60.0,92.0
70,100,5.0,0.0,2.0,[69 71],60.0,92.0,68.0,114.0,64.0,86.0,116.0,99.0,75.0,114.0
70,101,5.0,0.0,2.0,[69 71],75.0,114.0,64.0,86.0,60.0,92.0,160.0,105.0,116.0,99.0
70,102,5.0,0.0,2.0,[69 71],116.0,99.0,60.0,92.0,75.0,114.0,232.0,138.0,160.0,105.0
70,103,5.0,0.0,2.0,[69 71],160.0,105.0,75.0,114.0,116.0,99.0,167.0,210.0,232.0,138.0
70,104,5.0,0.0,2.0,[69 71],232.0,138.0,116.0,99.0,160.0,105.0,183.0,160.0,167.0,210.0
70,105,5.0,0.0,2.0,[69 71],167.0,210.0,160.0,105.0,232.0,138.0,250.0,168.0,183.0,160.0
70,106,5.0,0.0,2.0,[69 71],183.0,160.0,232.0,138.0,167.0,210.0,240.0,226.0,250.0,168.0
70,107,5.0,0.0,2.0,[69 71],250.0,168.0,167.0,210.0,183.0,160.0,269.0,255.0,240.0,226.0
70,108,5.0,0.0,2.0,[69 71],240.0,226.0,183.0,160.0,250.0,168.0,333.0,235.0,269.0,255.0
70,109,5.0,0.0,2.0,[69 71],269.0,255.0,250.0,168.0,240.0,226.0,250.0,210.0,333.0,235.0
70,110,5.0,0.0,2.0,[69 71],333.0,235.0,240.0,226.0,269.0,255.0,158.0,225.0,250.0,210.0
70,111,5.0,0.0,2.0,[69 71],250.0,210.0,269.0,255.0,333.0,235.0,183.0,172.0,158.0,225.0
70,112,5.0,0.0,2.0,[69 71],158.0,225.0,333.0,235.0,250.0,210.0,142.0,173.0,183.0,172.0
70,113,5.0,0.0,2.0,[69 71],183.0,172.0,250.0,210.0,158.0,225.0,124.0,142.0,142.0,173.0
70,114,5.0,0.0,2.0,[69 71],142.0,173.0,158.0,225.0,183.0,172.0,107.0,129.0,124.0,142.0
70,115,5.0,0.0,2.0,[69 71],124.0,142.0,183.0,172.0,142.0,173.0,100.0,126.0,107.0,129.0
70,116,5.0,0.0,2.0,[69 71],107.0,129.0,142.0,173.0,124.0,142.0,104.0,106.0,100.0,126.0
70,117,5.0,0.0,2.0,[69 71],100.0,126.0,124.0,142.0,107.0,129.0,73.0,144.0,104.0,106.0
70,118,5.0,0.0,2.0,[69 71],104.0,106.0,107.0,129.0,100.0,126.0,82.0,122.0,73.0,144.0
70,119,5.0,0.0,2.0,[69 71],73.0,144.0,100.0,126.0,104.0,106.0,104.0,77.0,82.0,122.0
70,120,5.0,0.0,2.0,[69 71],82.0,122.0,104.0,106.0,73.0,144.0,87.0,138.0,104.0,77.0
70,121,5.0,0.0,2.0,[69 71],104.0,77.0,73.0,144.0,82.0,122.0,105.0,97.0,87.0,138.0
70,122,5.0,0.0,2.0,[69 71],87.0,138.0,82.0,122.0,104.0,77.0,117.0,120.0,105.0,97.0
70,123,5.0,0.0,2.0,[69 71],105.0,97.0,104.0,77.0,87.0,138.0,78.0,121.0,117.0,120.0
70,124,5.0,0.0,2.0,[69 71],117.0,120.0,87.0,138.0,105.0,97.0,85.0,144.0,78.0,121.0
70,125,5.0,0.0,2.0,[69 71],78.0,121.0,105.0,97.0,117.0,120.0,81.0,99.0,85.0,144.0
70,126,5.0,0.0,2.0,[69 71],85.0,144.0,117.0,120.0,78.0,121.0,76.0,102.0,81.0,99.0
70,127,5.0,0.0,2.0,[69 71],81.0,99.0,78.0,121.0,85.0,144.0,77.0,102.0,76.0,102.0
70,128,5.0,0.0,2.0,[69 71],76.0,102.0,85.0,144.0,81.0,99.0,40.0,72.0,77.0,102.0
70,129,5.0,0.0,2.0,[69 71],77.0,102.0,81.0,99.0,76.0,102.0,67.0,132.0,40.0,72.0
70,130,5.0,0.0,2.0,[69 71],40.0,72.0,76.0,102.0,77.0,102.0,38.0,127.0,67.0,132.0
70,131,5.0,0.0,2.0,[69 71],67.0,132.0,77.0,102.0,40.0,72.0,45.0,68.0,38.0,127.0
70,132,5.0,0.0,2.0,[69 71],38.0,127.0,40.0,72.0,67.0,132.0,47.0,50.0,45.0,68.0
70,133,5.0,0.0,2.0,[69 71],45.0,68.0,67.0,132.0,38.0,127.0,32.0,75.0,47.0,50.0
70,134,5.0,0.0,2.0,[69 71],47.0,50.0,38.0,127.0,45.0,68.0,31.0,64.0,32.0,75.0
70,135,5.0,0.0,2.0,[69 71],32.0,75.0,45.0,68.0,47.0,50.0,23.0,94.0,31.0,64.0
70,136,5.0,0.0,2.0,[69 71],31.0,64.0,47.0,50.0,32.0,75.0,6.0,63.0,23.0,94.0
70,137,5.0,0.0,2.0,[69 71],23.0,94.0,32.0,75.0,31.0,64.0,4.0,50.0,6.0,63.0
70,138,5.0,0.0,2.0,[69 71],6.0,63.0,31.0,64.0,23.0,94.0,2.0,15.0,4.0,50.0
70,139,5.0,0.0,2.0,[69 71],4.0,50.0,23.0,94.0,6.0,63.0,0.0,0.0,2.0,15.0
70,140,5.0,0.0,2.0,[69 71],2.0,15.0,6.0,63.0,4.0,50.0,0.0,0.0,0.0,0.0
70,141,5.0,0.0,2.0,[69 71],0.0,0.0,4.0,50.0,2.0,15.0,0.0,0.0,0.0,0.0
70,142,5.0,0.0,2.0,[69 71],0.0,0.0,2.0,15.0,0.0,0.0,0.0,0.0,0.0,0.0
70,143,5.0,0.0,2.0,[69 71],0.0,0.0,0.0,0.0,0.0,0.0,0.0,0.0,0.0,0.0
71,0,5.0,0.0,2.0,[70 72],0.0,0.0,0.0,0.0,0.0,0.0,0.0,0.0,0.0,0.0
71,1,5.0,0.0,2.0,[70 72],0.0,0.0,0.0,0.0,0.0,0.0,0.0,0.0,0.0,0.0
71,2,5.0,0.0,2.0,[70 72],0.0,0.0,0.0,0.0,0.0,0.0,0.0,0.0,0.0,0.0
71,3,5.0,0.0,2.0,[70 72],0.0,0.0,0.0,0.0,0.0,0.0,0.0,0.0,0.0,0.0
71,4,5.0,0.0,2.0,[70 72],0.0,0.0,0.0,0.0,0.0,0.0,0.0,0.0,0.0,0.0
71,5,5.0,0.0,2.0,[70 72],0.0,0.0,0.0,0.0,0.0,0.0,0.0,0.0,0.0,0.0
71,6,5.0,0.0,2.0,[70 72],0.0,0.0,0.0,0.0,0.0,0.0,0.0,0.0,0.0,0.0
71,7,5.0,0.0,2.0,[70 72],0.0,0.0,0.0,0.0,0.0,0.0,0.0,0.0,0.0,0.0
71,8,5.0,0.0,2.0,[70 72],0.0,0.0,0.0,0.0,0.0,0.0,0.0,0.0,0.0,0.0
71,9,5.0,0.0,2.0,[70 72],0.0,0.0,0.0,0.0,0.0,0.0,0.0,0.0,0.0,0.0
71,10,5.0,0.0,2.0,[70 72],0.0,0.0,0.0,0.0,0.0,0.0,0.0,0.0,0.0,0.0
71,11,5.0,0.0,2.0,[70 72],0.0,0.0,0.0,0.0,0.0,0.0,0.0,0.0,0.0,0.0
71,12,5.0,0.0,2.0,[70 72],0.0,0.0,0.0,0.0,0.0,0.0,0.0,0.0,0.0,0.0
71,13,5.0,0.0,2.0,[70 72],0.0,0.0,0.0,0.0,0.0,0.0,0.0,0.0,0.0,0.0
71,14,5.0,0.0,2.0,[70 72],0.0,0.0,0.0,0.0,0.0,0.0,0.0,0.0,0.0,0.0
71,15,5.0,0.0,2.0,[70 72],0.0,0.0,0.0,0.0,0.0,0.0,0.0,0.0,0.0,0.0
71,16,5.0,0.0,2.0,[70 72],0.0,0.0,0.0,0.0,0.0,0.0,0.0,0.0,0.0,0.0
71,17,5.0,0.0,2.0,[70 72],0.0,0.0,0.0,0.0,0.0,0.0,0.0,0.0,0.0,0.0
71,18,5.0,0.0,2.0,[70 72],0.0,0.0,0.0,0.0,0.0,0.0,0.0,0.0,0.0,0.0
71,19,5.0,0.0,2.0,[70 72],0.0,0.0,0.0,0.0,0.0,0.0,0.0,0.0,0.0,0.0
71,20,5.0,0.0,2.0,[70 72],0.0,0.0,0.0,0.0,0.0,0.0,0.0,0.0,0.0,0.0
71,21,5.0,0.0,2.0,[70 72],0.0,0.0,0.0,0.0,0.0,0.0,0.0,0.0,0.0,0.0
71,22,5.0,0.0,2.0,[70 72],0.0,0.0,0.0,0.0,0.0,0.0,0.0,0.0,0.0,0.0
71,23,5.0,0.0,2.0,[70 72],0.0,0.0,0.0,0.0,0.0,0.0,0.0,0.0,0.0,0.0
71,24,5.0,0.0,2.0,[70 72],0.0,0.0,0.0,0.0,0.0,0.0,0.0,0.0,0.0,0.0
71,25,5.0,0.0,2.0,[70 72],0.0,0.0,0.0,0.0,0.0,0.0,0.0,0.0,0.0,0.0
71,26,5.0,0.0,2.0,[70 72],0.0,0.0,0.0,0.0,0.0,0.0,0.0,0.0,0.0,0.0
71,27,5.0,0.0,2.0,[70 72],0.0,0.0,0.0,0.0,0.0,0.0,0.0,0.0,0.0,0.0
71,28,5.0,0.0,2.0,[70 72],0.0,0.0,0.0,0.0,0.0,0.0,0.0,0.0,0.0,0.0
71,29,5.0,0.0,2.0,[70 72],0.0,0.0,0.0,0.0,0.0,0.0,0.0,0.0,0.0,0.0
71,30,5.0,0.0,2.0,[70 72],0.0,0.0,0.0,0.0,0.0,0.0,0.0,0.0,0.0,0.0
71,31,5.0,0.0,2.0,[70 72],0.0,0.0,0.0,0.0,0.0,0.0,0.0,0.0,0.0,0.0
71,32,5.0,0.0,2.0,[70 72],0.0,0.0,0.0,0.0,0.0,0.0,2.0,1.0,0.0,0.0
71,33,5.0,0.0,2.0,[70 72],0.0,0.0,0.0,0.0,0.0,0.0,3.0,0.0,2.0,1.0
71,34,5.0,0.0,2.0,[70 72],2.0,1.0,0.0,0.0,0.0,0.0,14.0,0.0,3.0,0.0
71,35,5.0,0.0,2.0,[70 72],3.0,0.0,0.0,0.0,2.0,1.0,15.0,4.0,14.0,0.0
71,36,5.0,0.0,2.0,[70 72],14.0,0.0,2.0,1.0,3.0,0.0,16.0,7.0,15.0,4.0
71,37,5.0,0.0,2.0,[70 72],15.0,4.0,3.0,0.0,14.0,0.0,24.0,12.0,16.0,7.0
71,38,5.0,0.0,2.0,[70 72],16.0,7.0,14.0,0.0,15.0,4.0,31.0,22.0,24.0,12.0
71,39,5.0,0.0,2.0,[70 72],24.0,12.0,15.0,4.0,16.0,7.0,50.0,13.0,31.0,22.0
71,40,5.0,0.0,2.0,[70 72],31.0,22.0,16.0,7.0,24.0,12.0,54.0,33.0,50.0,13.0
71,41,5.0,0.0,2.0,[70 72],50.0,13.0,24.0,12.0,31.0,22.0,80.0,16.0,54.0,33.0
71,42,5.0,0.0,2.0,[70 72],54.0,33.0,31.0,22.0,50.0,13.0,111.0,41.0,80.0,16.0
71,43,5.0,0.0,2.0,[70 72],80.0,16.0,50.0,13.0,54.0,33.0,122.0,35.0,111.0,41.0
71,44,5.0,0.0,2.0,[70 72],111.0,41.0,54.0,33.0,80.0,16.0,113.0,55.0,122.0,35.0
71,45,5.0,0.0,2.0,[70 72],122.0,35.0,80.0,16.0,111.0,41.0,187.0,88.0,113.0,55.0
71,46,5.0,0.0,2.0,[70 72],113.0,55.0,111.0,41.0,122.0,35.0,185.0,127.0,187.0,88.0
71,47,5.0,0.0,2.0,[70 72],187.0,88.0,122.0,35.0,113.0,55.0,215.0,226.0,185.0,127.0
71,48,5.0,0.0,2.0,[70 72],185.0,127.0,113.0,55.0,187.0,88.0,188.0,210.0,215.0,226.0
71,49,5.0,0.0,2.0,[70 72],215.0,226.0,187.0,88.0,185.0,127.0,165.0,178.0,188.0,210.0
71,50,5.0,0.0,2.0,[70 72],188.0,210.0,185.0,127.0,215.0,226.0,143.0,195.0,165.0,178.0
71,51,5.0,0.0,2.0,[70 72],165.0,178.0,215.0,226.0,188.0,210.0,116.0,184.0,143.0,195.0
71,52,5.0,0.0,2.0,[70 72],143.0,195.0,188.0,210.0,165.0,178.0,112.0,144.0,116.0,184.0
71,53,5.0,0.0,2.0,[70 72],116.0,184.0,165.0,178.0,143.0,195.0,80.0,94.0,112.0,144.0
71,54,5.0,0.0,2.0,[70 72],112.0,144.0,143.0,195.0,116.0,184.0,57.0,124.0,80.0,94.0
71,55,5.0,0.0,2.0,[70 72],80.0,94.0,116.0,184.0,112.0,144.0,78.0,84.0,57.0,124.0
71,56,5.0,0.0,2.0,[70 72],57.0,124.0,112.0,144.0,80.0,94.0,55.0,91.0,78.0,84.0
71,57,5.0,0.0,2.0,[70 72],78.0,84.0,80.0,94.0,57.0,124.0,33.0,60.0,55.0,91.0
71,58,5.0,0.0,2.0,[70 72],55.0,91.0,57.0,124.0,78.0,84.0,42.0,51.0,33.0,60.0
71,59,5.0,0.0,2.0,[70 72],33.0,60.0,78.0,84.0,55.0,91.0,46.0,44.0,42.0,51.0
71,60,5.0,0.0,2.0,[70 72],42.0,51.0,55.0,91.0,33.0,60.0,31.0,46.0,46.0,44.0
71,61,5.0,0.0,2.0,[70 72],46.0,44.0,33.0,60.0,42.0,51.0,40.0,40.0,31.0,46.0
71,62,5.0,0.0,2.0,[70 72],31.0,46.0,42.0,51.0,46.0,44.0,29.0,44.0,40.0,40.0
71,63,5.0,0.0,2.0,[70 72],40.0,40.0,46.0,44.0,31.0,46.0,42.0,35.0,29.0,44.0
71,64,5.0,0.0,2.0,[70 72],29.0,44.0,31.0,46.0,40.0,40.0,28.0,45.0,42.0,35.0
71,65,5.0,0.0,2.0,[70 72],42.0,35.0,40.0,40.0,29.0,44.0,31.0,43.0,28.0,45.0
71,66,5.0,0.0,2.0,[70 72],28.0,45.0,29.0,44.0,42.0,35.0,20.0,28.0,31.0,43.0
71,67,5.0,0.0,2.0,[70 72],31.0,43.0,42.0,35.0,28.0,45.0,23.0,28.0,20.0,28.0
71,68,5.0,0.0,2.0,[70 72],20.0,28.0,28.0,45.0,31.0,43.0,29.0,44.0,23.0,28.0
71,69,5.0,0.0,2.0,[70 72],23.0,28.0,31.0,43.0,20.0,28.0,46.0,42.0,29.0,44.0
71,70,5.0,0.0,2.0,[70 72],29.0,44.0,20.0,28.0,23.0,28.0,49.0,34.0,46.0,42.0
71,71,5.0,0.0,2.0,[70 72],46.0,42.0,23.0,28.0,29.0,44.0,35.0,35.0,49.0,34.0
71,72,5.0,0.0,2.0,[70 72],49.0,34.0,29.0,44.0,46.0,42.0,46.0,31.0,35.0,35.0
71,73,5.0,0.0,2.0,[70 72],35.0,35.0,46.0,42.0,49.0,34.0,48.0,36.0,46.0,31.0
71,74,5.0,0.0,2.0,[70 72],46.0,31.0,49.0,34.0,35.0,35.0,48.0,28.0,48.0,36.0
71,75,5.0,0.0,2.0,[70 72],48.0,36.0,35.0,35.0,46.0,31.0,33.0,23.0,48.0,28.0
71,76,5.0,0.0,2.0,[70 72],48.0,28.0,46.0,31.0,48.0,36.0,51.0,31.0,33.0,23.0
71,77,5.0,0.0,2.0,[70 72],33.0,23.0,48.0,36.0,48.0,28.0,46.0,35.0,51.0,31.0
71,78,5.0,0.0,2.0,[70 72],51.0,31.0,48.0,28.0,33.0,23.0,30.0,36.0,46.0,35.0
71,79,5.0,0.0,2.0,[70 72],46.0,35.0,33.0,23.0,51.0,31.0,48.0,31.0,30.0,36.0
71,80,5.0,0.0,2.0,[70 72],30.0,36.0,51.0,31.0,46.0,35.0,39.0,30.0,48.0,31.0
71,81,5.0,0.0,2.0,[70 72],48.0,31.0,46.0,35.0,30.0,36.0,49.0,45.0,39.0,30.0
71,82,5.0,0.0,2.0,[70 72],39.0,30.0,30.0,36.0,48.0,31.0,34.0,40.0,49.0,45.0
71,83,5.0,0.0,2.0,[70 72],49.0,45.0,48.0,31.0,39.0,30.0,51.0,33.0,34.0,40.0
71,84,5.0,0.0,2.0,[70 72],34.0,40.0,39.0,30.0,49.0,45.0,58.0,47.0,51.0,33.0
71,85,5.0,0.0,2.0,[70 72],51.0,33.0,49.0,45.0,34.0,40.0,43.0,44.0,58.0,47.0
71,86,5.0,0.0,2.0,[70 72],58.0,47.0,34.0,40.0,51.0,33.0,46.0,39.0,43.0,44.0
71,87,5.0,0.0,2.0,[70 72],43.0,44.0,51.0,33.0,58.0,47.0,43.0,55.0,46.0,39.0
71,88,5.0,0.0,2.0,[70 72],46.0,39.0,58.0,47.0,43.0,44.0,90.0,37.0,43.0,55.0
71,89,5.0,0.0,2.0,[70 72],43.0,55.0,43.0,44.0,46.0,39.0,140.0,45.0,90.0,37.0
71,90,5.0,0.0,2.0,[70 72],90.0,37.0,46.0,39.0,43.0,55.0,59.0,43.0,140.0,45.0
71,91,5.0,0.0,2.0,[70 72],140.0,45.0,43.0,55.0,90.0,37.0,86.0,60.0,59.0,43.0
71,92,5.0,0.0,2.0,[70 72],59.0,43.0,90.0,37.0,140.0,45.0,77.0,49.0,86.0,60.0
71,93,5.0,0.0,2.0,[70 72],86.0,60.0,140.0,45.0,59.0,43.0,93.0,52.0,77.0,49.0
71,94,5.0,0.0,2.0,[70 72],77.0,49.0,59.0,43.0,86.0,60.0,105.0,65.0,93.0,52.0
71,95,5.0,0.0,2.0,[70 72],93.0,52.0,86.0,60.0,77.0,49.0,105.0,70.0,105.0,65.0
71,96,5.0,0.0,2.0,[70 72],105.0,65.0,77.0,49.0,93.0,52.0,47.0,76.0,105.0,70.0
71,97,5.0,0.0,2.0,[70 72],105.0,70.0,93.0,52.0,105.0,65.0,117.0,62.0,47.0,76.0
71,98,5.0,0.0,2.0,[70 72],47.0,76.0,105.0,65.0,105.0,70.0,75.0,72.0,117.0,62.0
71,99,5.0,0.0,2.0,[70 72],117.0,62.0,105.0,70.0,47.0,76.0,73.0,87.0,75.0,72.0
71,100,5.0,0.0,2.0,[70 72],75.0,72.0,47.0,76.0,117.0,62.0,120.0,74.0,73.0,87.0
71,101,5.0,0.0,2.0,[70 72],73.0,87.0,117.0,62.0,75.0,72.0,175.0,84.0,120.0,74.0
71,102,5.0,0.0,2.0,[70 72],120.0,74.0,75.0,72.0,73.0,87.0,184.0,92.0,175.0,84.0
71,103,5.0,0.0,2.0,[70 72],175.0,84.0,73.0,87.0,120.0,74.0,143.0,131.0,184.0,92.0
71,104,5.0,0.0,2.0,[70 72],184.0,92.0,120.0,74.0,175.0,84.0,164.0,115.0,143.0,131.0
71,105,5.0,0.0,2.0,[70 72],143.0,131.0,175.0,84.0,184.0,92.0,199.0,136.0,164.0,115.0
71,106,5.0,0.0,2.0,[70 72],164.0,115.0,184.0,92.0,143.0,131.0,135.0,157.0,199.0,136.0
71,107,5.0,0.0,2.0,[70 72],199.0,136.0,143.0,131.0,164.0,115.0,152.0,144.0,135.0,157.0
71,108,5.0,0.0,2.0,[70 72],135.0,157.0,164.0,115.0,199.0,136.0,140.0,138.0,152.0,144.0
71,109,5.0,0.0,2.0,[70 72],152.0,144.0,199.0,136.0,135.0,157.0,137.0,147.0,140.0,138.0
71,110,5.0,0.0,2.0,[70 72],140.0,138.0,135.0,157.0,152.0,144.0,94.0,107.0,137.0,147.0
71,111,5.0,0.0,2.0,[70 72],137.0,147.0,152.0,144.0,140.0,138.0,74.0,106.0,94.0,107.0
71,112,5.0,0.0,2.0,[70 72],94.0,107.0,140.0,138.0,137.0,147.0,72.0,100.0,74.0,106.0
71,113,5.0,0.0,2.0,[70 72],74.0,106.0,137.0,147.0,94.0,107.0,87.0,89.0,72.0,100.0
71,114,5.0,0.0,2.0,[70 72],72.0,100.0,94.0,107.0,74.0,106.0,56.0,86.0,87.0,89.0
71,115,5.0,0.0,2.0,[70 72],87.0,89.0,74.0,106.0,72.0,100.0,45.0,75.0,56.0,86.0
71,116,5.0,0.0,2.0,[70 72],56.0,86.0,72.0,100.0,87.0,89.0,36.0,45.0,45.0,75.0
71,117,5.0,0.0,2.0,[70 72],45.0,75.0,87.0,89.0,56.0,86.0,37.0,54.0,36.0,45.0
71,118,5.0,0.0,2.0,[70 72],36.0,45.0,56.0,86.0,45.0,75.0,44.0,64.0,37.0,54.0
71,119,5.0,0.0,2.0,[70 72],37.0,54.0,45.0,75.0,36.0,45.0,16.0,62.0,44.0,64.0
71,120,5.0,0.0,2.0,[70 72],44.0,64.0,36.0,45.0,37.0,54.0,42.0,79.0,16.0,62.0
71,121,5.0,0.0,2.0,[70 72],16.0,62.0,37.0,54.0,44.0,64.0,24.0,69.0,42.0,79.0
71,122,5.0,0.0,2.0,[70 72],42.0,79.0,44.0,64.0,16.0,62.0,34.0,55.0,24.0,69.0
71,123,5.0,0.0,2.0,[70 72],24.0,69.0,16.0,62.0,42.0,79.0,21.0,70.0,34.0,55.0
71,124,5.0,0.0,2.0,[70 72],34.0,55.0,42.0,79.0,24.0,69.0,29.0,69.0,21.0,70.0
71,125,5.0,0.0,2.0,[70 72],21.0,70.0,24.0,69.0,34.0,55.0,27.0,63.0,29.0,69.0
71,126,5.0,0.0,2.0,[70 72],29.0,69.0,34.0,55.0,21.0,70.0,22.0,57.0,27.0,63.0
71,127,5.0,0.0,2.0,[70 72],27.0,63.0,21.0,70.0,29.0,69.0,21.0,55.0,22.0,57.0
71,128,5.0,0.0,2.0,[70 72],22.0,57.0,29.0,69.0,27.0,63.0,20.0,63.0,21.0,55.0
71,129,5.0,0.0,2.0,[70 72],21.0,55.0,27.0,63.0,22.0,57.0,15.0,51.0,20.0,63.0
71,130,5.0,0.0,2.0,[70 72],20.0,63.0,22.0,57.0,21.0,55.0,10.0,41.0,15.0,51.0
71,131,5.0,0.0,2.0,[70 72],15.0,51.0,21.0,55.0,20.0,63.0,13.0,49.0,10.0,41.0
71,132,5.0,0.0,2.0,[70 72],10.0,41.0,20.0,63.0,15.0,51.0,14.0,35.0,13.0,49.0
71,133,5.0,0.0,2.0,[70 72],13.0,49.0,15.0,51.0,10.0,41.0,7.0,29.0,14.0,35.0
71,134,5.0,0.0,2.0,[70 72],14.0,35.0,10.0,41.0,13.0,49.0,7.0,45.0,7.0,29.0
71,135,5.0,0.0,2.0,[70 72],7.0,29.0,13.0,49.0,14.0,35.0,4.0,32.0,7.0,45.0
71,136,5.0,0.0,2.0,[70 72],7.0,45.0,14.0,35.0,7.0,29.0,1.0,24.0,4.0,32.0
71,137,5.0,0.0,2.0,[70 72],4.0,32.0,7.0,29.0,7.0,45.0,0.0,12.0,1.0,24.0
71,138,5.0,0.0,2.0,[70 72],1.0,24.0,7.0,45.0,4.0,32.0,0.0,5.0,0.0,12.0
71,139,5.0,0.0,2.0,[70 72],0.0,12.0,4.0,32.0,1.0,24.0,0.0,0.0,0.0,5.0
71,140,5.0,0.0,2.0,[70 72],0.0,5.0,1.0,24.0,0.0,12.0,0.0,0.0,0.0,0.0
71,141,5.0,0.0,2.0,[70 72],0.0,0.0,0.0,12.0,0.0,5.0,0.0,0.0,0.0,0.0
71,142,5.0,0.0,2.0,[70 72],0.0,0.0,0.0,5.0,0.0,0.0,0.0,0.0,0.0,0.0
71,143,5.0,0.0,2.0,[70 72],0.0,0.0,0.0,0.0,0.0,0.0,0.0,0.0,0.0,0.0
72,0,5.0,0.0,2.0,[71 73],0.0,0.0,0.0,0.0,0.0,0.0,0.0,0.0,0.0,0.0
72,1,5.0,0.0,2.0,[71 73],0.0,0.0,0.0,0.0,0.0,0.0,0.0,0.0,0.0,0.0
72,2,5.0,0.0,2.0,[71 73],0.0,0.0,0.0,0.0,0.0,0.0,0.0,0.0,0.0,0.0
72,3,5.0,0.0,2.0,[71 73],0.0,0.0,0.0,0.0,0.0,0.0,0.0,0.0,0.0,0.0
72,4,5.0,0.0,2.0,[71 73],0.0,0.0,0.0,0.0,0.0,0.0,0.0,0.0,0.0,0.0
72,5,5.0,0.0,2.0,[71 73],0.0,0.0,0.0,0.0,0.0,0.0,0.0,0.0,0.0,0.0
72,6,5.0,0.0,2.0,[71 73],0.0,0.0,0.0,0.0,0.0,0.0,0.0,0.0,0.0,0.0
72,7,5.0,0.0,2.0,[71 73],0.0,0.0,0.0,0.0,0.0,0.0,0.0,0.0,0.0,0.0
72,8,5.0,0.0,2.0,[71 73],0.0,0.0,0.0,0.0,0.0,0.0,0.0,0.0,0.0,0.0
72,9,5.0,0.0,2.0,[71 73],0.0,0.0,0.0,0.0,0.0,0.0,0.0,0.0,0.0,0.0
72,10,5.0,0.0,2.0,[71 73],0.0,0.0,0.0,0.0,0.0,0.0,0.0,0.0,0.0,0.0
72,11,5.0,0.0,2.0,[71 73],0.0,0.0,0.0,0.0,0.0,0.0,0.0,0.0,0.0,0.0
72,12,5.0,0.0,2.0,[71 73],0.0,0.0,0.0,0.0,0.0,0.0,0.0,0.0,0.0,0.0
72,13,5.0,0.0,2.0,[71 73],0.0,0.0,0.0,0.0,0.0,0.0,0.0,0.0,0.0,0.0
72,14,5.0,0.0,2.0,[71 73],0.0,0.0,0.0,0.0,0.0,0.0,0.0,0.0,0.0,0.0
72,15,5.0,0.0,2.0,[71 73],0.0,0.0,0.0,0.0,0.0,0.0,0.0,0.0,0.0,0.0
72,16,5.0,0.0,2.0,[71 73],0.0,0.0,0.0,0.0,0.0,0.0,0.0,0.0,0.0,0.0
72,17,5.0,0.0,2.0,[71 73],0.0,0.0,0.0,0.0,0.0,0.0,0.0,0.0,0.0,0.0
72,18,5.0,0.0,2.0,[71 73],0.0,0.0,0.0,0.0,0.0,0.0,0.0,0.0,0.0,0.0
72,19,5.0,0.0,2.0,[71 73],0.0,0.0,0.0,0.0,0.0,0.0,0.0,0.0,0.0,0.0
72,20,5.0,0.0,2.0,[71 73],0.0,0.0,0.0,0.0,0.0,0.0,0.0,0.0,0.0,0.0
72,21,5.0,0.0,2.0,[71 73],0.0,0.0,0.0,0.0,0.0,0.0,0.0,0.0,0.0,0.0
72,22,5.0,0.0,2.0,[71 73],0.0,0.0,0.0,0.0,0.0,0.0,0.0,0.0,0.0,0.0
72,23,5.0,0.0,2.0,[71 73],0.0,0.0,0.0,0.0,0.0,0.0,0.0,0.0,0.0,0.0
72,24,5.0,0.0,2.0,[71 73],0.0,0.0,0.0,0.0,0.0,0.0,0.0,0.0,0.0,0.0
72,25,5.0,0.0,2.0,[71 73],0.0,0.0,0.0,0.0,0.0,0.0,0.0,0.0,0.0,0.0
72,26,5.0,0.0,2.0,[71 73],0.0,0.0,0.0,0.0,0.0,0.0,0.0,0.0,0.0,0.0
72,27,5.0,0.0,2.0,[71 73],0.0,0.0,0.0,0.0,0.0,0.0,0.0,0.0,0.0,0.0
72,28,5.0,0.0,2.0,[71 73],0.0,0.0,0.0,0.0,0.0,0.0,0.0,0.0,0.0,0.0
72,29,5.0,0.0,2.0,[71 73],0.0,0.0,0.0,0.0,0.0,0.0,0.0,0.0,0.0,0.0
72,30,5.0,0.0,2.0,[71 73],0.0,0.0,0.0,0.0,0.0,0.0,0.0,0.0,0.0,0.0
72,31,5.0,0.0,2.0,[71 73],0.0,0.0,0.0,0.0,0.0,0.0,0.0,0.0,0.0,0.0
72,32,5.0,0.0,2.0,[71 73],0.0,0.0,0.0,0.0,0.0,0.0,0.0,0.0,0.0,0.0
72,33,5.0,0.0,2.0,[71 73],0.0,0.0,0.0,0.0,0.0,0.0,2.0,0.0,0.0,0.0
72,34,5.0,0.0,2.0,[71 73],0.0,0.0,0.0,0.0,0.0,0.0,9.0,0.0,2.0,0.0
72,35,5.0,0.0,2.0,[71 73],2.0,0.0,0.0,0.0,0.0,0.0,23.0,5.0,9.0,0.0
72,36,5.0,0.0,2.0,[71 73],9.0,0.0,0.0,0.0,2.0,0.0,22.0,2.0,23.0,5.0
72,37,5.0,0.0,2.0,[71 73],23.0,5.0,2.0,0.0,9.0,0.0,25.0,7.0,22.0,2.0
72,38,5.0,0.0,2.0,[71 73],22.0,2.0,9.0,0.0,23.0,5.0,31.0,7.0,25.0,7.0
72,39,5.0,0.0,2.0,[71 73],25.0,7.0,23.0,5.0,22.0,2.0,46.0,13.0,31.0,7.0
72,40,5.0,0.0,2.0,[71 73],31.0,7.0,22.0,2.0,25.0,7.0,53.0,23.0,46.0,13.0
72,41,5.0,0.0,2.0,[71 73],46.0,13.0,25.0,7.0,31.0,7.0,75.0,29.0,53.0,23.0
72,42,5.0,0.0,2.0,[71 73],53.0,23.0,31.0,7.0,46.0,13.0,79.0,16.0,75.0,29.0
72,43,5.0,0.0,2.0,[71 73],75.0,29.0,46.0,13.0,53.0,23.0,92.0,48.0,79.0,16.0
72,44,5.0,0.0,2.0,[71 73],79.0,16.0,53.0,23.0,75.0,29.0,119.0,41.0,92.0,48.0
72,45,5.0,0.0,2.0,[71 73],92.0,48.0,75.0,29.0,79.0,16.0,159.0,41.0,119.0,41.0
72,46,5.0,0.0,2.0,[71 73],119.0,41.0,79.0,16.0,92.0,48.0,174.0,37.0,159.0,41.0
72,47,5.0,0.0,2.0,[71 73],159.0,41.0,92.0,48.0,119.0,41.0,162.0,62.0,174.0,37.0
72,48,5.0,0.0,2.0,[71 73],174.0,37.0,119.0,41.0,159.0,41.0,165.0,38.0,162.0,62.0
72,49,5.0,0.0,2.0,[71 73],162.0,62.0,159.0,41.0,174.0,37.0,152.0,54.0,165.0,38.0
72,50,5.0,0.0,2.0,[71 73],165.0,38.0,174.0,37.0,162.0,62.0,113.0,50.0,152.0,54.0
72,51,5.0,0.0,2.0,[71 73],152.0,54.0,162.0,62.0,165.0,38.0,93.0,43.0,113.0,50.0
72,52,5.0,0.0,2.0,[71 73],113.0,50.0,165.0,38.0,152.0,54.0,93.0,44.0,93.0,43.0
72,53,5.0,0.0,2.0,[71 73],93.0,43.0,152.0,54.0,113.0,50.0,54.0,17.0,93.0,44.0
72,54,5.0,0.0,2.0,[71 73],93.0,44.0,113.0,50.0,93.0,43.0,62.0,13.0,54.0,17.0
72,55,5.0,0.0,2.0,[71 73],54.0,17.0,93.0,43.0,93.0,44.0,30.0,28.0,62.0,13.0
72,56,5.0,0.0,2.0,[71 73],62.0,13.0,93.0,44.0,54.0,17.0,30.0,22.0,30.0,28.0
72,57,5.0,0.0,2.0,[71 73],30.0,28.0,54.0,17.0,62.0,13.0,31.0,28.0,30.0,22.0
72,58,5.0,0.0,2.0,[71 73],30.0,22.0,62.0,13.0,30.0,28.0,31.0,22.0,31.0,28.0
72,59,5.0,0.0,2.0,[71 73],31.0,28.0,30.0,28.0,30.0,22.0,25.0,32.0,31.0,22.0
72,60,5.0,0.0,2.0,[71 73],31.0,22.0,30.0,22.0,31.0,28.0,31.0,18.0,25.0,32.0
72,61,5.0,0.0,2.0,[71 73],25.0,32.0,31.0,28.0,31.0,22.0,21.0,17.0,31.0,18.0
72,62,5.0,0.0,2.0,[71 73],31.0,18.0,31.0,22.0,25.0,32.0,28.0,31.0,21.0,17.0
72,63,5.0,0.0,2.0,[71 73],21.0,17.0,25.0,32.0,31.0,18.0,20.0,20.0,28.0,31.0
72,64,5.0,0.0,2.0,[71 73],28.0,31.0,31.0,18.0,21.0,17.0,16.0,15.0,20.0,20.0
72,65,5.0,0.0,2.0,[71 73],20.0,20.0,21.0,17.0,28.0,31.0,21.0,20.0,16.0,15.0
72,66,5.0,0.0,2.0,[71 73],16.0,15.0,28.0,31.0,20.0,20.0,20.0,20.0,21.0,20.0
72,67,5.0,0.0,2.0,[71 73],21.0,20.0,20.0,20.0,16.0,15.0,13.0,10.0,20.0,20.0
72,68,5.0,0.0,2.0,[71 73],20.0,20.0,16.0,15.0,21.0,20.0,21.0,21.0,13.0,10.0
72,69,5.0,0.0,2.0,[71 73],13.0,10.0,21.0,20.0,20.0,20.0,26.0,26.0,21.0,21.0
72,70,5.0,0.0,2.0,[71 73],21.0,21.0,20.0,20.0,13.0,10.0,24.0,17.0,26.0,26.0
72,71,5.0,0.0,2.0,[71 73],26.0,26.0,13.0,10.0,21.0,21.0,23.0,28.0,24.0,17.0
72,72,5.0,0.0,2.0,[71 73],24.0,17.0,21.0,21.0,26.0,26.0,29.0,19.0,23.0,28.0
72,73,5.0,0.0,2.0,[71 73],23.0,28.0,26.0,26.0,24.0,17.0,45.0,19.0,29.0,19.0
72,74,5.0,0.0,2.0,[71 73],29.0,19.0,24.0,17.0,23.0,28.0,27.0,33.0,45.0,19.0
72,75,5.0,0.0,2.0,[71 73],45.0,19.0,23.0,28.0,29.0,19.0,23.0,14.0,27.0,33.0
72,76,5.0,0.0,2.0,[71 73],27.0,33.0,29.0,19.0,45.0,19.0,33.0,17.0,23.0,14.0
72,77,5.0,0.0,2.0,[71 73],23.0,14.0,45.0,19.0,27.0,33.0,25.0,24.0,33.0,17.0
72,78,5.0,0.0,2.0,[71 73],33.0,17.0,27.0,33.0,23.0,14.0,26.0,28.0,25.0,24.0
72,79,5.0,0.0,2.0,[71 73],25.0,24.0,23.0,14.0,33.0,17.0,27.0,17.0,26.0,28.0
72,80,5.0,0.0,2.0,[71 73],26.0,28.0,33.0,17.0,25.0,24.0,31.0,25.0,27.0,17.0
72,81,5.0,0.0,2.0,[71 73],27.0,17.0,25.0,24.0,26.0,28.0,22.0,19.0,31.0,25.0
72,82,5.0,0.0,2.0,[71 73],31.0,25.0,26.0,28.0,27.0,17.0,30.0,19.0,22.0,19.0
72,83,5.0,0.0,2.0,[71 73],22.0,19.0,27.0,17.0,31.0,25.0,22.0,33.0,30.0,19.0
72,84,5.0,0.0,2.0,[71 73],30.0,19.0,31.0,25.0,22.0,19.0,31.0,25.0,22.0,33.0
72,85,5.0,0.0,2.0,[71 73],22.0,33.0,22.0,19.0,30.0,19.0,23.0,33.0,31.0,25.0
72,86,5.0,0.0,2.0,[71 73],31.0,25.0,30.0,19.0,22.0,33.0,24.0,20.0,23.0,33.0
72,87,5.0,0.0,2.0,[71 73],23.0,33.0,22.0,33.0,31.0,25.0,25.0,38.0,24.0,20.0
72,88,5.0,0.0,2.0,[71 73],24.0,20.0,31.0,25.0,23.0,33.0,26.0,34.0,25.0,38.0
72,89,5.0,0.0,2.0,[71 73],25.0,38.0,23.0,33.0,24.0,20.0,44.0,36.0,26.0,34.0
72,90,5.0,0.0,2.0,[71 73],26.0,34.0,24.0,20.0,25.0,38.0,60.0,36.0,44.0,36.0
72,91,5.0,0.0,2.0,[71 73],44.0,36.0,25.0,38.0,26.0,34.0,45.0,49.0,60.0,36.0
72,92,5.0,0.0,2.0,[71 73],60.0,36.0,26.0,34.0,44.0,36.0,41.0,54.0,45.0,49.0
72,93,5.0,0.0,2.0,[71 73],45.0,49.0,44.0,36.0,60.0,36.0,38.0,37.0,41.0,54.0
72,94,5.0,0.0,2.0,[71 73],41.0,54.0,60.0,36.0,45.0,49.0,31.0,43.0,38.0,37.0
72,95,5.0,0.0,2.0,[71 73],38.0,37.0,45.0,49.0,41.0,54.0,45.0,42.0,31.0,43.0
72,96,5.0,0.0,2.0,[71 73],31.0,43.0,41.0,54.0,38.0,37.0,40.0,54.0,45.0,42.0
72,97,5.0,0.0,2.0,[71 73],45.0,42.0,38.0,37.0,31.0,43.0,55.0,34.0,40.0,54.0
72,98,5.0,0.0,2.0,[71 73],40.0,54.0,31.0,43.0,45.0,42.0,80.0,51.0,55.0,34.0
72,99,5.0,0.0,2.0,[71 73],55.0,34.0,45.0,42.0,40.0,54.0,56.0,50.0,80.0,51.0
72,100,5.0,0.0,2.0,[71 73],80.0,51.0,40.0,54.0,55.0,34.0,49.0,54.0,56.0,50.0
72,101,5.0,0.0,2.0,[71 73],56.0,50.0,55.0,34.0,80.0,51.0,97.0,52.0,49.0,54.0
72,102,5.0,0.0,2.0,[71 73],49.0,54.0,80.0,51.0,56.0,50.0,84.0,113.0,97.0,52.0
72,103,5.0,0.0,2.0,[71 73],97.0,52.0,56.0,50.0,49.0,54.0,87.0,91.0,84.0,113.0
72,104,5.0,0.0,2.0,[71 73],84.0,113.0,49.0,54.0,97.0,52.0,64.0,120.0,87.0,91.0
72,105,5.0,0.0,2.0,[71 73],87.0,91.0,97.0,52.0,84.0,113.0,49.0,119.0,64.0,120.0
72,106,5.0,0.0,2.0,[71 73],64.0,120.0,84.0,113.0,87.0,91.0,40.0,115.0,49.0,119.0
72,107,5.0,0.0,2.0,[71 73],49.0,119.0,87.0,91.0,64.0,120.0,49.0,129.0,40.0,115.0
72,108,5.0,0.0,2.0,[71 73],40.0,115.0,64.0,120.0,49.0,119.0,50.0,134.0,49.0,129.0
72,109,5.0,0.0,2.0,[71 73],49.0,129.0,49.0,119.0,40.0,115.0,23.0,108.0,50.0,134.0
72,110,5.0,0.0,2.0,[71 73],50.0,134.0,40.0,115.0,49.0,129.0,37.0,99.0,23.0,108.0
72,111,5.0,0.0,2.0,[71 73],23.0,108.0,49.0,129.0,50.0,134.0,23.0,59.0,37.0,99.0
72,112,5.0,0.0,2.0,[71 73],37.0,99.0,50.0,134.0,23.0,108.0,31.0,68.0,23.0,59.0
72,113,5.0,0.0,2.0,[71 73],23.0,59.0,23.0,108.0,37.0,99.0,31.0,46.0,31.0,68.0
72,114,5.0,0.0,2.0,[71 73],31.0,68.0,37.0,99.0,23.0,59.0,24.0,58.0,31.0,46.0
72,115,5.0,0.0,2.0,[71 73],31.0,46.0,23.0,59.0,31.0,68.0,14.0,51.0,24.0,58.0
72,116,5.0,0.0,2.0,[71 73],24.0,58.0,31.0,68.0,31.0,46.0,14.0,58.0,14.0,51.0
72,117,5.0,0.0,2.0,[71 73],14.0,51.0,31.0,46.0,24.0,58.0,15.0,48.0,14.0,58.0
72,118,5.0,0.0,2.0,[71 73],14.0,58.0,24.0,58.0,14.0,51.0,27.0,42.0,15.0,48.0
72,119,5.0,0.0,2.0,[71 73],15.0,48.0,14.0,51.0,14.0,58.0,30.0,51.0,27.0,42.0
72,120,5.0,0.0,2.0,[71 73],27.0,42.0,14.0,58.0,15.0,48.0,17.0,47.0,30.0,51.0
72,121,5.0,0.0,2.0,[71 73],30.0,51.0,15.0,48.0,27.0,42.0,19.0,64.0,17.0,47.0
72,122,5.0,0.0,2.0,[71 73],17.0,47.0,27.0,42.0,30.0,51.0,21.0,58.0,19.0,64.0
72,123,5.0,0.0,2.0,[71 73],19.0,64.0,30.0,51.0,17.0,47.0,22.0,47.0,21.0,58.0
72,124,5.0,0.0,2.0,[71 73],21.0,58.0,17.0,47.0,19.0,64.0,18.0,65.0,22.0,47.0
72,125,5.0,0.0,2.0,[71 73],22.0,47.0,19.0,64.0,21.0,58.0,19.0,49.0,18.0,65.0
72,126,5.0,0.0,2.0,[71 73],18.0,65.0,21.0,58.0,22.0,47.0,15.0,60.0,19.0,49.0
72,127,5.0,0.0,2.0,[71 73],19.0,49.0,22.0,47.0,18.0,65.0,10.0,63.0,15.0,60.0
72,128,5.0,0.0,2.0,[71 73],15.0,60.0,18.0,65.0,19.0,49.0,12.0,36.0,10.0,63.0
72,129,5.0,0.0,2.0,[71 73],10.0,63.0,19.0,49.0,15.0,60.0,39.0,46.0,12.0,36.0
72,130,5.0,0.0,2.0,[71 73],12.0,36.0,15.0,60.0,10.0,63.0,12.0,36.0,39.0,46.0
72,131,5.0,0.0,2.0,[71 73],39.0,46.0,10.0,63.0,12.0,36.0,10.0,44.0,12.0,36.0
72,132,5.0,0.0,2.0,[71 73],12.0,36.0,12.0,36.0,39.0,46.0,3.0,17.0,10.0,44.0
72,133,5.0,0.0,2.0,[71 73],10.0,44.0,39.0,46.0,12.0,36.0,7.0,33.0,3.0,17.0
72,134,5.0,0.0,2.0,[71 73],3.0,17.0,12.0,36.0,10.0,44.0,6.0,28.0,7.0,33.0
72,135,5.0,0.0,2.0,[71 73],7.0,33.0,10.0,44.0,3.0,17.0,9.0,24.0,6.0,28.0
72,136,5.0,0.0,2.0,[71 73],6.0,28.0,3.0,17.0,7.0,33.0,0.0,10.0,9.0,24.0
72,137,5.0,0.0,2.0,[71 73],9.0,24.0,7.0,33.0,6.0,28.0,0.0,24.0,0.0,10.0
72,138,5.0,0.0,2.0,[71 73],0.0,10.0,6.0,28.0,9.0,24.0,0.0,1.0,0.0,24.0
72,139,5.0,0.0,2.0,[71 73],0.0,24.0,9.0,24.0,0.0,10.0,0.0,0.0,0.0,1.0
72,140,5.0,0.0,2.0,[71 73],0.0,1.0,0.0,10.0,0.0,24.0,0.0,0.0,0.0,0.0
72,141,5.0,0.0,2.0,[71 73],0.0,0.0,0.0,24.0,0.0,1.0,0.0,0.0,0.0,0.0
72,142,5.0,0.0,2.0,[71 73],0.0,0.0,0.0,1.0,0.0,0.0,0.0,0.0,0.0,0.0
72,143,5.0,0.0,2.0,[71 73],0.0,0.0,0.0,0.0,0.0,0.0,0.0,0.0,0.0,0.0
73,0,5.0,0.0,2.0,[72 74],0.0,0.0,0.0,0.0,0.0,0.0,0.0,0.0,0.0,0.0
73,1,5.0,0.0,2.0,[72 74],0.0,0.0,0.0,0.0,0.0,0.0,0.0,0.0,0.0,0.0
73,2,5.0,0.0,2.0,[72 74],0.0,0.0,0.0,0.0,0.0,0.0,0.0,0.0,0.0,0.0
73,3,5.0,0.0,2.0,[72 74],0.0,0.0,0.0,0.0,0.0,0.0,0.0,0.0,0.0,0.0
73,4,5.0,0.0,2.0,[72 74],0.0,0.0,0.0,0.0,0.0,0.0,0.0,0.0,0.0,0.0
73,5,5.0,0.0,2.0,[72 74],0.0,0.0,0.0,0.0,0.0,0.0,0.0,0.0,0.0,0.0
73,6,5.0,0.0,2.0,[72 74],0.0,0.0,0.0,0.0,0.0,0.0,0.0,0.0,0.0,0.0
73,7,5.0,0.0,2.0,[72 74],0.0,0.0,0.0,0.0,0.0,0.0,0.0,0.0,0.0,0.0
73,8,5.0,0.0,2.0,[72 74],0.0,0.0,0.0,0.0,0.0,0.0,0.0,0.0,0.0,0.0
73,9,5.0,0.0,2.0,[72 74],0.0,0.0,0.0,0.0,0.0,0.0,0.0,0.0,0.0,0.0
73,10,5.0,0.0,2.0,[72 74],0.0,0.0,0.0,0.0,0.0,0.0,0.0,0.0,0.0,0.0
73,11,5.0,0.0,2.0,[72 74],0.0,0.0,0.0,0.0,0.0,0.0,0.0,0.0,0.0,0.0
73,12,5.0,0.0,2.0,[72 74],0.0,0.0,0.0,0.0,0.0,0.0,0.0,0.0,0.0,0.0
73,13,5.0,0.0,2.0,[72 74],0.0,0.0,0.0,0.0,0.0,0.0,0.0,0.0,0.0,0.0
73,14,5.0,0.0,2.0,[72 74],0.0,0.0,0.0,0.0,0.0,0.0,0.0,0.0,0.0,0.0
73,15,5.0,0.0,2.0,[72 74],0.0,0.0,0.0,0.0,0.0,0.0,0.0,0.0,0.0,0.0
73,16,5.0,0.0,2.0,[72 74],0.0,0.0,0.0,0.0,0.0,0.0,0.0,0.0,0.0,0.0
73,17,5.0,0.0,2.0,[72 74],0.0,0.0,0.0,0.0,0.0,0.0,0.0,0.0,0.0,0.0
73,18,5.0,0.0,2.0,[72 74],0.0,0.0,0.0,0.0,0.0,0.0,0.0,0.0,0.0,0.0
73,19,5.0,0.0,2.0,[72 74],0.0,0.0,0.0,0.0,0.0,0.0,0.0,0.0,0.0,0.0
73,20,5.0,0.0,2.0,[72 74],0.0,0.0,0.0,0.0,0.0,0.0,0.0,0.0,0.0,0.0
73,21,5.0,0.0,2.0,[72 74],0.0,0.0,0.0,0.0,0.0,0.0,0.0,0.0,0.0,0.0
73,22,5.0,0.0,2.0,[72 74],0.0,0.0,0.0,0.0,0.0,0.0,0.0,0.0,0.0,0.0
73,23,5.0,0.0,2.0,[72 74],0.0,0.0,0.0,0.0,0.0,0.0,0.0,0.0,0.0,0.0
73,24,5.0,0.0,2.0,[72 74],0.0,0.0,0.0,0.0,0.0,0.0,0.0,0.0,0.0,0.0
73,25,5.0,0.0,2.0,[72 74],0.0,0.0,0.0,0.0,0.0,0.0,0.0,0.0,0.0,0.0
73,26,5.0,0.0,2.0,[72 74],0.0,0.0,0.0,0.0,0.0,0.0,0.0,0.0,0.0,0.0
73,27,5.0,0.0,2.0,[72 74],0.0,0.0,0.0,0.0,0.0,0.0,0.0,0.0,0.0,0.0
73,28,5.0,0.0,2.0,[72 74],0.0,0.0,0.0,0.0,0.0,0.0,0.0,0.0,0.0,0.0
73,29,5.0,0.0,2.0,[72 74],0.0,0.0,0.0,0.0,0.0,0.0,0.0,0.0,0.0,0.0
73,30,5.0,0.0,2.0,[72 74],0.0,0.0,0.0,0.0,0.0,0.0,0.0,0.0,0.0,0.0
73,31,5.0,0.0,2.0,[72 74],0.0,0.0,0.0,0.0,0.0,0.0,0.0,0.0,0.0,0.0
73,32,5.0,0.0,2.0,[72 74],0.0,0.0,0.0,0.0,0.0,0.0,1.0,0.0,0.0,0.0
73,33,5.0,0.0,2.0,[72 74],0.0,0.0,0.0,0.0,0.0,0.0,3.0,0.0,1.0,0.0
73,34,5.0,0.0,2.0,[72 74],1.0,0.0,0.0,0.0,0.0,0.0,17.0,0.0,3.0,0.0
73,35,5.0,0.0,2.0,[72 74],3.0,0.0,0.0,0.0,1.0,0.0,19.0,4.0,17.0,0.0
73,36,5.0,0.0,2.0,[72 74],17.0,0.0,1.0,0.0,3.0,0.0,29.0,3.0,19.0,4.0
73,37,5.0,0.0,2.0,[72 74],19.0,4.0,3.0,0.0,17.0,0.0,31.0,8.0,29.0,3.0
73,38,5.0,0.0,2.0,[72 74],29.0,3.0,17.0,0.0,19.0,4.0,40.0,11.0,31.0,8.0
73,39,5.0,0.0,2.0,[72 74],31.0,8.0,19.0,4.0,29.0,3.0,56.0,18.0,40.0,11.0
73,40,5.0,0.0,2.0,[72 74],40.0,11.0,29.0,3.0,31.0,8.0,76.0,46.0,56.0,18.0
73,41,5.0,0.0,2.0,[72 74],56.0,18.0,31.0,8.0,40.0,11.0,101.0,46.0,76.0,46.0
73,42,5.0,0.0,2.0,[72 74],76.0,46.0,40.0,11.0,56.0,18.0,129.0,94.0,101.0,46.0
73,43,5.0,0.0,2.0,[72 74],101.0,46.0,56.0,18.0,76.0,46.0,159.0,82.0,129.0,94.0
73,44,5.0,0.0,2.0,[72 74],129.0,94.0,76.0,46.0,101.0,46.0,187.0,123.0,159.0,82.0
73,45,5.0,0.0,2.0,[72 74],159.0,82.0,101.0,46.0,129.0,94.0,227.0,295.0,187.0,123.0
73,46,5.0,0.0,2.0,[72 74],187.0,123.0,129.0,94.0,159.0,82.0,240.0,297.0,227.0,295.0
73,47,5.0,0.0,2.0,[72 74],227.0,295.0,159.0,82.0,187.0,123.0,236.0,572.0,240.0,297.0
73,48,5.0,0.0,2.0,[72 74],240.0,297.0,187.0,123.0,227.0,295.0,272.0,459.0,236.0,572.0
73,49,5.0,0.0,2.0,[72 74],236.0,572.0,227.0,295.0,240.0,297.0,258.0,609.0,272.0,459.0
73,50,5.0,0.0,2.0,[72 74],272.0,459.0,240.0,297.0,236.0,572.0,201.0,648.0,258.0,609.0
73,51,5.0,0.0,2.0,[72 74],258.0,609.0,236.0,572.0,272.0,459.0,158.0,614.0,201.0,648.0
73,52,5.0,0.0,2.0,[72 74],201.0,648.0,272.0,459.0,258.0,609.0,132.0,410.0,158.0,614.0
73,53,5.0,0.0,2.0,[72 74],158.0,614.0,258.0,609.0,201.0,648.0,138.0,349.0,132.0,410.0
73,54,5.0,0.0,2.0,[72 74],132.0,410.0,201.0,648.0,158.0,614.0,93.0,206.0,138.0,349.0
73,55,5.0,0.0,2.0,[72 74],138.0,349.0,158.0,614.0,132.0,410.0,78.0,184.0,93.0,206.0
73,56,5.0,0.0,2.0,[72 74],93.0,206.0,132.0,410.0,138.0,349.0,75.0,167.0,78.0,184.0
73,57,5.0,0.0,2.0,[72 74],78.0,184.0,138.0,349.0,93.0,206.0,52.0,116.0,75.0,167.0
73,58,5.0,0.0,2.0,[72 74],75.0,167.0,93.0,206.0,78.0,184.0,73.0,131.0,52.0,116.0
73,59,5.0,0.0,2.0,[72 74],52.0,116.0,78.0,184.0,75.0,167.0,69.0,96.0,73.0,131.0
73,60,5.0,0.0,2.0,[72 74],73.0,131.0,75.0,167.0,52.0,116.0,52.0,79.0,69.0,96.0
73,61,5.0,0.0,2.0,[72 74],69.0,96.0,52.0,116.0,73.0,131.0,65.0,57.0,52.0,79.0
73,62,5.0,0.0,2.0,[72 74],52.0,79.0,73.0,131.0,69.0,96.0,51.0,59.0,65.0,57.0
73,63,5.0,0.0,2.0,[72 74],65.0,57.0,69.0,96.0,52.0,79.0,56.0,55.0,51.0,59.0
73,64,5.0,0.0,2.0,[72 74],51.0,59.0,52.0,79.0,65.0,57.0,34.0,70.0,56.0,55.0
73,65,5.0,0.0,2.0,[72 74],56.0,55.0,65.0,57.0,51.0,59.0,51.0,71.0,34.0,70.0
73,66,5.0,0.0,2.0,[72 74],34.0,70.0,51.0,59.0,56.0,55.0,74.0,69.0,51.0,71.0
73,67,5.0,0.0,2.0,[72 74],51.0,71.0,56.0,55.0,34.0,70.0,75.0,55.0,74.0,69.0
73,68,5.0,0.0,2.0,[72 74],74.0,69.0,34.0,70.0,51.0,71.0,82.0,57.0,75.0,55.0
73,69,5.0,0.0,2.0,[72 74],75.0,55.0,51.0,71.0,74.0,69.0,62.0,59.0,82.0,57.0
73,70,5.0,0.0,2.0,[72 74],82.0,57.0,74.0,69.0,75.0,55.0,57.0,43.0,62.0,59.0
73,71,5.0,0.0,2.0,[72 74],62.0,59.0,75.0,55.0,82.0,57.0,80.0,69.0,57.0,43.0
73,72,5.0,0.0,2.0,[72 74],57.0,43.0,82.0,57.0,62.0,59.0,73.0,70.0,80.0,69.0
73,73,5.0,0.0,2.0,[72 74],80.0,69.0,62.0,59.0,57.0,43.0,60.0,57.0,73.0,70.0
73,74,5.0,0.0,2.0,[72 74],73.0,70.0,57.0,43.0,80.0,69.0,77.0,60.0,60.0,57.0
73,75,5.0,0.0,2.0,[72 74],60.0,57.0,80.0,69.0,73.0,70.0,52.0,72.0,77.0,60.0
73,76,5.0,0.0,2.0,[72 74],77.0,60.0,73.0,70.0,60.0,57.0,68.0,76.0,52.0,72.0
73,77,5.0,0.0,2.0,[72 74],52.0,72.0,60.0,57.0,77.0,60.0,68.0,69.0,68.0,76.0
73,78,5.0,0.0,2.0,[72 74],68.0,76.0,77.0,60.0,52.0,72.0,87.0,70.0,68.0,69.0
73,79,5.0,0.0,2.0,[72 74],68.0,69.0,52.0,72.0,68.0,76.0,99.0,76.0,87.0,70.0
73,80,5.0,0.0,2.0,[72 74],87.0,70.0,68.0,76.0,68.0,69.0,64.0,69.0,99.0,76.0
73,81,5.0,0.0,2.0,[72 74],99.0,76.0,68.0,69.0,87.0,70.0,66.0,85.0,64.0,69.0
73,82,5.0,0.0,2.0,[72 74],64.0,69.0,87.0,70.0,99.0,76.0,80.0,71.0,66.0,85.0
73,83,5.0,0.0,2.0,[72 74],66.0,85.0,99.0,76.0,64.0,69.0,52.0,54.0,80.0,71.0
73,84,5.0,0.0,2.0,[72 74],80.0,71.0,64.0,69.0,66.0,85.0,75.0,74.0,52.0,54.0
73,85,5.0,0.0,2.0,[72 74],52.0,54.0,66.0,85.0,80.0,71.0,84.0,80.0,75.0,74.0
73,86,5.0,0.0,2.0,[72 74],75.0,74.0,80.0,71.0,52.0,54.0,117.0,76.0,84.0,80.0
73,87,5.0,0.0,2.0,[72 74],84.0,80.0,52.0,54.0,75.0,74.0,94.0,66.0,117.0,76.0
73,88,5.0,0.0,2.0,[72 74],117.0,76.0,75.0,74.0,84.0,80.0,106.0,70.0,94.0,66.0
73,89,5.0,0.0,2.0,[72 74],94.0,66.0,84.0,80.0,117.0,76.0,105.0,71.0,106.0,70.0
73,90,5.0,0.0,2.0,[72 74],106.0,70.0,117.0,76.0,94.0,66.0,90.0,107.0,105.0,71.0
73,91,5.0,0.0,2.0,[72 74],105.0,71.0,94.0,66.0,106.0,70.0,89.0,103.0,90.0,107.0
73,92,5.0,0.0,2.0,[72 74],90.0,107.0,106.0,70.0,105.0,71.0,100.0,94.0,89.0,103.0
73,93,5.0,0.0,2.0,[72 74],89.0,103.0,105.0,71.0,90.0,107.0,93.0,119.0,100.0,94.0
73,94,5.0,0.0,2.0,[72 74],100.0,94.0,90.0,107.0,89.0,103.0,126.0,80.0,93.0,119.0
73,95,5.0,0.0,2.0,[72 74],93.0,119.0,89.0,103.0,100.0,94.0,117.0,102.0,126.0,80.0
73,96,5.0,0.0,2.0,[72 74],126.0,80.0,100.0,94.0,93.0,119.0,128.0,81.0,117.0,102.0
73,97,5.0,0.0,2.0,[72 74],117.0,102.0,93.0,119.0,126.0,80.0,104.0,102.0,128.0,81.0
73,98,5.0,0.0,2.0,[72 74],128.0,81.0,126.0,80.0,117.0,102.0,165.0,109.0,104.0,102.0
73,99,5.0,0.0,2.0,[72 74],104.0,102.0,117.0,102.0,128.0,81.0,151.0,92.0,165.0,109.0
73,100,5.0,0.0,2.0,[72 74],165.0,109.0,128.0,81.0,104.0,102.0,175.0,116.0,151.0,92.0
73,101,5.0,0.0,2.0,[72 74],151.0,92.0,104.0,102.0,165.0,109.0,282.0,119.0,175.0,116.0
73,102,5.0,0.0,2.0,[72 74],175.0,116.0,165.0,109.0,151.0,92.0,275.0,150.0,282.0,119.0
73,103,5.0,0.0,2.0,[72 74],282.0,119.0,151.0,92.0,175.0,116.0,311.0,158.0,275.0,150.0
73,104,5.0,0.0,2.0,[72 74],275.0,150.0,175.0,116.0,282.0,119.0,502.0,165.0,311.0,158.0
73,105,5.0,0.0,2.0,[72 74],311.0,158.0,282.0,119.0,275.0,150.0,403.0,214.0,502.0,165.0
73,106,5.0,0.0,2.0,[72 74],502.0,165.0,275.0,150.0,311.0,158.0,427.0,207.0,403.0,214.0
73,107,5.0,0.0,2.0,[72 74],403.0,214.0,311.0,158.0,502.0,165.0,381.0,183.0,427.0,207.0
73,108,5.0,0.0,2.0,[72 74],427.0,207.0,502.0,165.0,403.0,214.0,295.0,185.0,381.0,183.0
73,109,5.0,0.0,2.0,[72 74],381.0,183.0,403.0,214.0,427.0,207.0,276.0,186.0,295.0,185.0
73,110,5.0,0.0,2.0,[72 74],295.0,185.0,427.0,207.0,381.0,183.0,312.0,174.0,276.0,186.0
73,111,5.0,0.0,2.0,[72 74],276.0,186.0,381.0,183.0,295.0,185.0,210.0,115.0,312.0,174.0
73,112,5.0,0.0,2.0,[72 74],312.0,174.0,295.0,185.0,276.0,186.0,215.0,121.0,210.0,115.0
73,113,5.0,0.0,2.0,[72 74],210.0,115.0,276.0,186.0,312.0,174.0,168.0,129.0,215.0,121.0
73,114,5.0,0.0,2.0,[72 74],215.0,121.0,312.0,174.0,210.0,115.0,134.0,81.0,168.0,129.0
73,115,5.0,0.0,2.0,[72 74],168.0,129.0,210.0,115.0,215.0,121.0,121.0,90.0,134.0,81.0
73,116,5.0,0.0,2.0,[72 74],134.0,81.0,215.0,121.0,168.0,129.0,109.0,109.0,121.0,90.0
73,117,5.0,0.0,2.0,[72 74],121.0,90.0,168.0,129.0,134.0,81.0,80.0,86.0,109.0,109.0
73,118,5.0,0.0,2.0,[72 74],109.0,109.0,134.0,81.0,121.0,90.0,108.0,99.0,80.0,86.0
73,119,5.0,0.0,2.0,[72 74],80.0,86.0,121.0,90.0,109.0,109.0,121.0,91.0,108.0,99.0
73,120,5.0,0.0,2.0,[72 74],108.0,99.0,109.0,109.0,80.0,86.0,125.0,83.0,121.0,91.0
73,121,5.0,0.0,2.0,[72 74],121.0,91.0,80.0,86.0,108.0,99.0,108.0,79.0,125.0,83.0
73,122,5.0,0.0,2.0,[72 74],125.0,83.0,108.0,99.0,121.0,91.0,81.0,102.0,108.0,79.0
73,123,5.0,0.0,2.0,[72 74],108.0,79.0,121.0,91.0,125.0,83.0,78.0,98.0,81.0,102.0
73,124,5.0,0.0,2.0,[72 74],81.0,102.0,125.0,83.0,108.0,79.0,85.0,98.0,78.0,98.0
73,125,5.0,0.0,2.0,[72 74],78.0,98.0,108.0,79.0,81.0,102.0,94.0,91.0,85.0,98.0
73,126,5.0,0.0,2.0,[72 74],85.0,98.0,81.0,102.0,78.0,98.0,73.0,74.0,94.0,91.0
73,127,5.0,0.0,2.0,[72 74],94.0,91.0,78.0,98.0,85.0,98.0,70.0,78.0,73.0,74.0
73,128,5.0,0.0,2.0,[72 74],73.0,74.0,85.0,98.0,94.0,91.0,55.0,84.0,70.0,78.0
73,129,5.0,0.0,2.0,[72 74],70.0,78.0,94.0,91.0,73.0,74.0,52.0,80.0,55.0,84.0
73,130,5.0,0.0,2.0,[72 74],55.0,84.0,73.0,74.0,70.0,78.0,35.0,52.0,52.0,80.0
73,131,5.0,0.0,2.0,[72 74],52.0,80.0,70.0,78.0,55.0,84.0,31.0,64.0,35.0,52.0
73,132,5.0,0.0,2.0,[72 74],35.0,52.0,55.0,84.0,52.0,80.0,34.0,67.0,31.0,64.0
73,133,5.0,0.0,2.0,[72 74],31.0,64.0,52.0,80.0,35.0,52.0,23.0,39.0,34.0,67.0
73,134,5.0,0.0,2.0,[72 74],34.0,67.0,35.0,52.0,31.0,64.0,33.0,85.0,23.0,39.0
73,135,5.0,0.0,2.0,[72 74],23.0,39.0,31.0,64.0,34.0,67.0,13.0,32.0,33.0,85.0
73,136,5.0,0.0,2.0,[72 74],33.0,85.0,34.0,67.0,23.0,39.0,10.0,51.0,13.0,32.0
73,137,5.0,0.0,2.0,[72 74],13.0,32.0,23.0,39.0,33.0,85.0,1.0,24.0,10.0,51.0
73,138,5.0,0.0,2.0,[72 74],10.0,51.0,33.0,85.0,13.0,32.0,0.0,0.0,1.0,24.0
73,139,5.0,0.0,2.0,[72 74],1.0,24.0,13.0,32.0,10.0,51.0,0.0,0.0,0.0,0.0
73,140,5.0,0.0,2.0,[72 74],0.0,0.0,10.0,51.0,1.0,24.0,0.0,0.0,0.0,0.0
73,141,5.0,0.0,2.0,[72 74],0.0,0.0,1.0,24.0,0.0,0.0,0.0,0.0,0.0,0.0
73,142,5.0,0.0,2.0,[72 74],0.0,0.0,0.0,0.0,0.0,0.0,0.0,0.0,0.0,0.0
73,143,5.0,0.0,2.0,[72 74],0.0,0.0,0.0,0.0,0.0,0.0,0.0,0.0,0.0,0.0
74,0,5.0,0.0,2.0,[ 5 73],0.0,0.0,0.0,0.0,0.0,0.0,2.0,2.0,0.0,0.0
74,1,5.0,0.0,2.0,[ 5 73],0.0,0.0,0.0,0.0,0.0,0.0,0.0,0.0,2.0,2.0
74,2,5.0,0.0,2.0,[ 5 73],2.0,2.0,0.0,0.0,0.0,0.0,0.0,0.0,0.0,0.0
74,3,5.0,0.0,2.0,[ 5 73],0.0,0.0,0.0,0.0,2.0,2.0,0.0,0.0,0.0,0.0
74,4,5.0,0.0,2.0,[ 5 73],0.0,0.0,2.0,2.0,0.0,0.0,0.0,0.0,0.0,0.0
74,5,5.0,0.0,2.0,[ 5 73],0.0,0.0,0.0,0.0,0.0,0.0,0.0,0.0,0.0,0.0
74,6,5.0,0.0,2.0,[ 5 73],0.0,0.0,0.0,0.0,0.0,0.0,0.0,0.0,0.0,0.0
74,7,5.0,0.0,2.0,[ 5 73],0.0,0.0,0.0,0.0,0.0,0.0,0.0,0.0,0.0,0.0
74,8,5.0,0.0,2.0,[ 5 73],0.0,0.0,0.0,0.0,0.0,0.0,0.0,0.0,0.0,0.0
74,9,5.0,0.0,2.0,[ 5 73],0.0,0.0,0.0,0.0,0.0,0.0,0.0,0.0,0.0,0.0
74,10,5.0,0.0,2.0,[ 5 73],0.0,0.0,0.0,0.0,0.0,0.0,0.0,0.0,0.0,0.0
74,11,5.0,0.0,2.0,[ 5 73],0.0,0.0,0.0,0.0,0.0,0.0,0.0,0.0,0.0,0.0
74,12,5.0,0.0,2.0,[ 5 73],0.0,0.0,0.0,0.0,0.0,0.0,1.0,0.0,0.0,0.0
74,13,5.0,0.0,2.0,[ 5 73],0.0,0.0,0.0,0.0,0.0,0.0,0.0,1.0,1.0,0.0
74,14,5.0,0.0,2.0,[ 5 73],1.0,0.0,0.0,0.0,0.0,0.0,0.0,0.0,0.0,1.0
74,15,5.0,0.0,2.0,[ 5 73],0.0,1.0,0.0,0.0,1.0,0.0,0.0,0.0,0.0,0.0
74,16,5.0,0.0,2.0,[ 5 73],0.0,0.0,1.0,0.0,0.0,1.0,0.0,0.0,0.0,0.0
74,17,5.0,0.0,2.0,[ 5 73],0.0,0.0,0.0,1.0,0.0,0.0,2.0,2.0,0.0,0.0
74,18,5.0,0.0,2.0,[ 5 73],0.0,0.0,0.0,0.0,0.0,0.0,0.0,0.0,2.0,2.0
74,19,5.0,0.0,2.0,[ 5 73],2.0,2.0,0.0,0.0,0.0,0.0,0.0,0.0,0.0,0.0
74,20,5.0,0.0,2.0,[ 5 73],0.0,0.0,0.0,0.0,2.0,2.0,0.0,0.0,0.0,0.0
74,21,5.0,0.0,2.0,[ 5 73],0.0,0.0,2.0,2.0,0.0,0.0,0.0,0.0,0.0,0.0
74,22,5.0,0.0,2.0,[ 5 73],0.0,0.0,0.0,0.0,0.0,0.0,0.0,0.0,0.0,0.0
74,23,5.0,0.0,2.0,[ 5 73],0.0,0.0,0.0,0.0,0.0,0.0,2.0,0.0,0.0,0.0
74,24,5.0,0.0,2.0,[ 5 73],0.0,0.0,0.0,0.0,0.0,0.0,0.0,0.0,2.0,0.0
74,25,5.0,0.0,2.0,[ 5 73],2.0,0.0,0.0,0.0,0.0,0.0,1.0,3.0,0.0,0.0
74,26,5.0,0.0,2.0,[ 5 73],0.0,0.0,0.0,0.0,2.0,0.0,0.0,0.0,1.0,3.0
74,27,5.0,0.0,2.0,[ 5 73],1.0,3.0,2.0,0.0,0.0,0.0,0.0,0.0,0.0,0.0
74,28,5.0,0.0,2.0,[ 5 73],0.0,0.0,0.0,0.0,1.0,3.0,0.0,0.0,0.0,0.0
74,29,5.0,0.0,2.0,[ 5 73],0.0,0.0,1.0,3.0,0.0,0.0,0.0,0.0,0.0,0.0
74,30,5.0,0.0,2.0,[ 5 73],0.0,0.0,0.0,0.0,0.0,0.0,0.0,0.0,0.0,0.0
74,31,5.0,0.0,2.0,[ 5 73],0.0,0.0,0.0,0.0,0.0,0.0,0.0,0.0,0.0,0.0
74,32,5.0,0.0,2.0,[ 5 73],0.0,0.0,0.0,0.0,0.0,0.0,1.0,1.0,0.0,0.0
74,33,5.0,0.0,2.0,[ 5 73],0.0,0.0,0.0,0.0,0.0,0.0,4.0,0.0,1.0,1.0
74,34,5.0,0.0,2.0,[ 5 73],1.0,1.0,0.0,0.0,0.0,0.0,3.0,1.0,4.0,0.0
74,35,5.0,0.0,2.0,[ 5 73],4.0,0.0,0.0,0.0,1.0,1.0,5.0,13.0,3.0,1.0
74,36,5.0,0.0,2.0,[ 5 73],3.0,1.0,1.0,1.0,4.0,0.0,3.0,4.0,5.0,13.0
74,37,5.0,0.0,2.0,[ 5 73],5.0,13.0,4.0,0.0,3.0,1.0,10.0,2.0,3.0,4.0
74,38,5.0,0.0,2.0,[ 5 73],3.0,4.0,3.0,1.0,5.0,13.0,12.0,10.0,10.0,2.0
74,39,5.0,0.0,2.0,[ 5 73],10.0,2.0,5.0,13.0,3.0,4.0,19.0,11.0,12.0,10.0
74,40,5.0,0.0,2.0,[ 5 73],12.0,10.0,3.0,4.0,10.0,2.0,36.0,4.0,19.0,11.0
74,41,5.0,0.0,2.0,[ 5 73],19.0,11.0,10.0,2.0,12.0,10.0,34.0,9.0,36.0,4.0
74,42,5.0,0.0,2.0,[ 5 73],36.0,4.0,12.0,10.0,19.0,11.0,38.0,20.0,34.0,9.0
74,43,5.0,0.0,2.0,[ 5 73],34.0,9.0,19.0,11.0,36.0,4.0,56.0,31.0,38.0,20.0
74,44,5.0,0.0,2.0,[ 5 73],38.0,20.0,36.0,4.0,34.0,9.0,69.0,75.0,56.0,31.0
74,45,5.0,0.0,2.0,[ 5 73],56.0,31.0,34.0,9.0,38.0,20.0,77.0,57.0,69.0,75.0
74,46,5.0,0.0,2.0,[ 5 73],69.0,75.0,38.0,20.0,56.0,31.0,101.0,87.0,77.0,57.0
74,47,5.0,0.0,2.0,[ 5 73],77.0,57.0,56.0,31.0,69.0,75.0,85.0,136.0,101.0,87.0
74,48,5.0,0.0,2.0,[ 5 73],101.0,87.0,69.0,75.0,77.0,57.0,82.0,69.0,85.0,136.0
74,49,5.0,0.0,2.0,[ 5 73],85.0,136.0,77.0,57.0,101.0,87.0,92.0,42.0,82.0,69.0
74,50,5.0,0.0,2.0,[ 5 73],82.0,69.0,101.0,87.0,85.0,136.0,79.0,74.0,92.0,42.0
74,51,5.0,0.0,2.0,[ 5 73],92.0,42.0,85.0,136.0,82.0,69.0,54.0,45.0,79.0,74.0
74,52,5.0,0.0,2.0,[ 5 73],79.0,74.0,82.0,69.0,92.0,42.0,52.0,32.0,54.0,45.0
74,53,5.0,0.0,2.0,[ 5 73],54.0,45.0,92.0,42.0,79.0,74.0,29.0,31.0,52.0,32.0
74,54,5.0,0.0,2.0,[ 5 73],52.0,32.0,79.0,74.0,54.0,45.0,51.0,30.0,29.0,31.0
74,55,5.0,0.0,2.0,[ 5 73],29.0,31.0,54.0,45.0,52.0,32.0,29.0,54.0,51.0,30.0
74,56,5.0,0.0,2.0,[ 5 73],51.0,30.0,52.0,32.0,29.0,31.0,36.0,19.0,29.0,54.0
74,57,5.0,0.0,2.0,[ 5 73],29.0,54.0,29.0,31.0,51.0,30.0,25.0,28.0,36.0,19.0
74,58,5.0,0.0,2.0,[ 5 73],36.0,19.0,51.0,30.0,29.0,54.0,25.0,21.0,25.0,28.0
74,59,5.0,0.0,2.0,[ 5 73],25.0,28.0,29.0,54.0,36.0,19.0,20.0,20.0,25.0,21.0
74,60,5.0,0.0,2.0,[ 5 73],25.0,21.0,36.0,19.0,25.0,28.0,25.0,16.0,20.0,20.0
74,61,5.0,0.0,2.0,[ 5 73],20.0,20.0,25.0,28.0,25.0,21.0,21.0,12.0,25.0,16.0
74,62,5.0,0.0,2.0,[ 5 73],25.0,16.0,25.0,21.0,20.0,20.0,21.0,20.0,21.0,12.0
74,63,5.0,0.0,2.0,[ 5 73],21.0,12.0,20.0,20.0,25.0,16.0,21.0,20.0,21.0,20.0
74,64,5.0,0.0,2.0,[ 5 73],21.0,20.0,25.0,16.0,21.0,12.0,17.0,25.0,21.0,20.0
74,65,5.0,0.0,2.0,[ 5 73],21.0,20.0,21.0,12.0,21.0,20.0,16.0,20.0,17.0,25.0
74,66,5.0,0.0,2.0,[ 5 73],17.0,25.0,21.0,20.0,21.0,20.0,16.0,22.0,16.0,20.0
74,67,5.0,0.0,2.0,[ 5 73],16.0,20.0,21.0,20.0,17.0,25.0,15.0,28.0,16.0,22.0
74,68,5.0,0.0,2.0,[ 5 73],16.0,22.0,17.0,25.0,16.0,20.0,10.0,21.0,15.0,28.0
74,69,5.0,0.0,2.0,[ 5 73],15.0,28.0,16.0,20.0,16.0,22.0,21.0,18.0,10.0,21.0
74,70,5.0,0.0,2.0,[ 5 73],10.0,21.0,16.0,22.0,15.0,28.0,16.0,20.0,21.0,18.0
74,71,5.0,0.0,2.0,[ 5 73],21.0,18.0,15.0,28.0,10.0,21.0,24.0,23.0,16.0,20.0
74,72,5.0,0.0,2.0,[ 5 73],16.0,20.0,10.0,21.0,21.0,18.0,21.0,33.0,24.0,23.0
74,73,5.0,0.0,2.0,[ 5 73],24.0,23.0,21.0,18.0,16.0,20.0,23.0,16.0,21.0,33.0
74,74,5.0,0.0,2.0,[ 5 73],21.0,33.0,16.0,20.0,24.0,23.0,19.0,14.0,23.0,16.0
74,75,5.0,0.0,2.0,[ 5 73],23.0,16.0,24.0,23.0,21.0,33.0,11.0,34.0,19.0,14.0
74,76,5.0,0.0,2.0,[ 5 73],19.0,14.0,21.0,33.0,23.0,16.0,25.0,22.0,11.0,34.0
74,77,5.0,0.0,2.0,[ 5 73],11.0,34.0,23.0,16.0,19.0,14.0,24.0,20.0,25.0,22.0
74,78,5.0,0.0,2.0,[ 5 73],25.0,22.0,19.0,14.0,11.0,34.0,16.0,26.0,24.0,20.0
74,79,5.0,0.0,2.0,[ 5 73],24.0,20.0,11.0,34.0,25.0,22.0,21.0,30.0,16.0,26.0
74,80,5.0,0.0,2.0,[ 5 73],16.0,26.0,25.0,22.0,24.0,20.0,17.0,17.0,21.0,30.0
74,81,5.0,0.0,2.0,[ 5 73],21.0,30.0,24.0,20.0,16.0,26.0,23.0,33.0,17.0,17.0
74,82,5.0,0.0,2.0,[ 5 73],17.0,17.0,16.0,26.0,21.0,30.0,17.0,16.0,23.0,33.0
74,83,5.0,0.0,2.0,[ 5 73],23.0,33.0,21.0,30.0,17.0,17.0,17.0,19.0,17.0,16.0
74,84,5.0,0.0,2.0,[ 5 73],17.0,16.0,17.0,17.0,23.0,33.0,17.0,28.0,17.0,19.0
74,85,5.0,0.0,2.0,[ 5 73],17.0,19.0,23.0,33.0,17.0,16.0,25.0,35.0,17.0,28.0
74,86,5.0,0.0,2.0,[ 5 73],17.0,28.0,17.0,16.0,17.0,19.0,27.0,38.0,25.0,35.0
74,87,5.0,0.0,2.0,[ 5 73],25.0,35.0,17.0,19.0,17.0,28.0,15.0,16.0,27.0,38.0
74,88,5.0,0.0,2.0,[ 5 73],27.0,38.0,17.0,28.0,25.0,35.0,22.0,30.0,15.0,16.0
74,89,5.0,0.0,2.0,[ 5 73],15.0,16.0,25.0,35.0,27.0,38.0,31.0,31.0,22.0,30.0
74,90,5.0,0.0,2.0,[ 5 73],22.0,30.0,27.0,38.0,15.0,16.0,41.0,33.0,31.0,31.0
74,91,5.0,0.0,2.0,[ 5 73],31.0,31.0,15.0,16.0,22.0,30.0,45.0,39.0,41.0,33.0
74,92,5.0,0.0,2.0,[ 5 73],41.0,33.0,22.0,30.0,31.0,31.0,31.0,42.0,45.0,39.0
74,93,5.0,0.0,2.0,[ 5 73],45.0,39.0,31.0,31.0,41.0,33.0,32.0,24.0,31.0,42.0
74,94,5.0,0.0,2.0,[ 5 73],31.0,42.0,41.0,33.0,45.0,39.0,27.0,28.0,32.0,24.0
74,95,5.0,0.0,2.0,[ 5 73],32.0,24.0,45.0,39.0,31.0,42.0,19.0,34.0,27.0,28.0
74,96,5.0,0.0,2.0,[ 5 73],27.0,28.0,31.0,42.0,32.0,24.0,22.0,40.0,19.0,34.0
74,97,5.0,0.0,2.0,[ 5 73],19.0,34.0,32.0,24.0,27.0,28.0,34.0,39.0,22.0,40.0
74,98,5.0,0.0,2.0,[ 5 73],22.0,40.0,27.0,28.0,19.0,34.0,49.0,49.0,34.0,39.0
74,99,5.0,0.0,2.0,[ 5 73],34.0,39.0,19.0,34.0,22.0,40.0,44.0,48.0,49.0,49.0
74,100,5.0,0.0,2.0,[ 5 73],49.0,49.0,22.0,40.0,34.0,39.0,56.0,45.0,44.0,48.0
74,101,5.0,0.0,2.0,[ 5 73],44.0,48.0,34.0,39.0,49.0,49.0,81.0,64.0,56.0,45.0
74,102,5.0,0.0,2.0,[ 5 73],56.0,45.0,49.0,49.0,44.0,48.0,85.0,70.0,81.0,64.0
74,103,5.0,0.0,2.0,[ 5 73],81.0,64.0,44.0,48.0,56.0,45.0,99.0,76.0,85.0,70.0
74,104,5.0,0.0,2.0,[ 5 73],85.0,70.0,56.0,45.0,81.0,64.0,88.0,80.0,99.0,76.0
74,105,5.0,0.0,2.0,[ 5 73],99.0,76.0,81.0,64.0,85.0,70.0,68.0,63.0,88.0,80.0
74,106,5.0,0.0,2.0,[ 5 73],88.0,80.0,85.0,70.0,99.0,76.0,54.0,100.0,68.0,63.0
74,107,5.0,0.0,2.0,[ 5 73],68.0,63.0,99.0,76.0,88.0,80.0,59.0,71.0,54.0,100.0
74,108,5.0,0.0,2.0,[ 5 73],54.0,100.0,88.0,80.0,68.0,63.0,38.0,66.0,59.0,71.0
74,109,5.0,0.0,2.0,[ 5 73],59.0,71.0,68.0,63.0,54.0,100.0,27.0,68.0,38.0,66.0
74,110,5.0,0.0,2.0,[ 5 73],38.0,66.0,54.0,100.0,59.0,71.0,26.0,45.0,27.0,68.0
74,111,5.0,0.0,2.0,[ 5 73],27.0,68.0,59.0,71.0,38.0,66.0,26.0,77.0,26.0,45.0
74,112,5.0,0.0,2.0,[ 5 73],26.0,45.0,38.0,66.0,27.0,68.0,18.0,31.0,26.0,77.0
74,113,5.0,0.0,2.0,[ 5 73],26.0,77.0,27.0,68.0,26.0,45.0,45.0,45.0,18.0,31.0
74,114,5.0,0.0,2.0,[ 5 73],18.0,31.0,26.0,45.0,26.0,77.0,23.0,40.0,45.0,45.0
74,115,5.0,0.0,2.0,[ 5 73],45.0,45.0,26.0,77.0,18.0,31.0,15.0,37.0,23.0,40.0
74,116,5.0,0.0,2.0,[ 5 73],23.0,40.0,18.0,31.0,45.0,45.0,19.0,33.0,15.0,37.0
74,117,5.0,0.0,2.0,[ 5 73],15.0,37.0,45.0,45.0,23.0,40.0,23.0,29.0,19.0,33.0
74,118,5.0,0.0,2.0,[ 5 73],19.0,33.0,23.0,40.0,15.0,37.0,22.0,42.0,23.0,29.0
74,119,5.0,0.0,2.0,[ 5 73],23.0,29.0,15.0,37.0,19.0,33.0,51.0,18.0,22.0,42.0
74,120,5.0,0.0,2.0,[ 5 73],22.0,42.0,19.0,33.0,23.0,29.0,19.0,24.0,51.0,18.0
74,121,5.0,0.0,2.0,[ 5 73],51.0,18.0,23.0,29.0,22.0,42.0,23.0,39.0,19.0,24.0
74,122,5.0,0.0,2.0,[ 5 73],19.0,24.0,22.0,42.0,51.0,18.0,31.0,40.0,23.0,39.0
74,123,5.0,0.0,2.0,[ 5 73],23.0,39.0,51.0,18.0,19.0,24.0,38.0,38.0,31.0,40.0
74,124,5.0,0.0,2.0,[ 5 73],31.0,40.0,19.0,24.0,23.0,39.0,23.0,27.0,38.0,38.0
74,125,5.0,0.0,2.0,[ 5 73],38.0,38.0,23.0,39.0,31.0,40.0,28.0,21.0,23.0,27.0
74,126,5.0,0.0,2.0,[ 5 73],23.0,27.0,31.0,40.0,38.0,38.0,26.0,31.0,28.0,21.0
74,127,5.0,0.0,2.0,[ 5 73],28.0,21.0,38.0,38.0,23.0,27.0,12.0,29.0,26.0,31.0
74,128,5.0,0.0,2.0,[ 5 73],26.0,31.0,23.0,27.0,28.0,21.0,15.0,9.0,12.0,29.0
74,129,5.0,0.0,2.0,[ 5 73],12.0,29.0,28.0,21.0,26.0,31.0,20.0,26.0,15.0,9.0
74,130,5.0,0.0,2.0,[ 5 73],15.0,9.0,26.0,31.0,12.0,29.0,10.0,19.0,20.0,26.0
74,131,5.0,0.0,2.0,[ 5 73],20.0,26.0,12.0,29.0,15.0,9.0,11.0,27.0,10.0,19.0
74,132,5.0,0.0,2.0,[ 5 73],10.0,19.0,15.0,9.0,20.0,26.0,5.0,10.0,11.0,27.0
74,133,5.0,0.0,2.0,[ 5 73],11.0,27.0,20.0,26.0,10.0,19.0,8.0,18.0,5.0,10.0
74,134,5.0,0.0,2.0,[ 5 73],5.0,10.0,10.0,19.0,11.0,27.0,2.0,17.0,8.0,18.0
74,135,5.0,0.0,2.0,[ 5 73],8.0,18.0,11.0,27.0,5.0,10.0,5.0,21.0,2.0,17.0
74,136,5.0,0.0,2.0,[ 5 73],2.0,17.0,5.0,10.0,8.0,18.0,4.0,12.0,5.0,21.0
74,137,5.0,0.0,2.0,[ 5 73],5.0,21.0,8.0,18.0,2.0,17.0,1.0,7.0,4.0,12.0
74,138,5.0,0.0,2.0,[ 5 73],4.0,12.0,2.0,17.0,5.0,21.0,0.0,0.0,1.0,7.0
74,139,5.0,0.0,2.0,[ 5 73],1.0,7.0,5.0,21.0,4.0,12.0,0.0,0.0,0.0,0.0
74,140,5.0,0.0,2.0,[ 5 73],0.0,0.0,4.0,12.0,1.0,7.0,0.0,0.0,0.0,0.0
74,141,5.0,0.0,2.0,[ 5 73],0.0,0.0,1.0,7.0,0.0,0.0,0.0,0.0,0.0,0.0
74,142,5.0,0.0,2.0,[ 5 73],0.0,0.0,0.0,0.0,0.0,0.0,0.0,0.0,0.0,0.0
74,143,5.0,0.0,2.0,[ 5 73],0.0,0.0,0.0,0.0,0.0,0.0,0.0,0.0,0.0,0.0
75,0,5.0,0.0,2.0,[ 5 76],0.0,0.0,0.0,0.0,0.0,0.0,0.0,0.0,0.0,0.0
75,1,5.0,0.0,2.0,[ 5 76],0.0,0.0,0.0,0.0,0.0,0.0,0.0,0.0,0.0,0.0
75,2,5.0,0.0,2.0,[ 5 76],0.0,0.0,0.0,0.0,0.0,0.0,0.0,0.0,0.0,0.0
75,3,5.0,0.0,2.0,[ 5 76],0.0,0.0,0.0,0.0,0.0,0.0,0.0,0.0,0.0,0.0
75,4,5.0,0.0,2.0,[ 5 76],0.0,0.0,0.0,0.0,0.0,0.0,0.0,0.0,0.0,0.0
75,5,5.0,0.0,2.0,[ 5 76],0.0,0.0,0.0,0.0,0.0,0.0,0.0,0.0,0.0,0.0
75,6,5.0,0.0,2.0,[ 5 76],0.0,0.0,0.0,0.0,0.0,0.0,0.0,0.0,0.0,0.0
75,7,5.0,0.0,2.0,[ 5 76],0.0,0.0,0.0,0.0,0.0,0.0,0.0,0.0,0.0,0.0
75,8,5.0,0.0,2.0,[ 5 76],0.0,0.0,0.0,0.0,0.0,0.0,0.0,0.0,0.0,0.0
75,9,5.0,0.0,2.0,[ 5 76],0.0,0.0,0.0,0.0,0.0,0.0,0.0,0.0,0.0,0.0
75,10,5.0,0.0,2.0,[ 5 76],0.0,0.0,0.0,0.0,0.0,0.0,0.0,0.0,0.0,0.0
75,11,5.0,0.0,2.0,[ 5 76],0.0,0.0,0.0,0.0,0.0,0.0,0.0,0.0,0.0,0.0
75,12,5.0,0.0,2.0,[ 5 76],0.0,0.0,0.0,0.0,0.0,0.0,0.0,0.0,0.0,0.0
75,13,5.0,0.0,2.0,[ 5 76],0.0,0.0,0.0,0.0,0.0,0.0,0.0,0.0,0.0,0.0
75,14,5.0,0.0,2.0,[ 5 76],0.0,0.0,0.0,0.0,0.0,0.0,0.0,0.0,0.0,0.0
75,15,5.0,0.0,2.0,[ 5 76],0.0,0.0,0.0,0.0,0.0,0.0,0.0,0.0,0.0,0.0
75,16,5.0,0.0,2.0,[ 5 76],0.0,0.0,0.0,0.0,0.0,0.0,0.0,0.0,0.0,0.0
75,17,5.0,0.0,2.0,[ 5 76],0.0,0.0,0.0,0.0,0.0,0.0,0.0,0.0,0.0,0.0
75,18,5.0,0.0,2.0,[ 5 76],0.0,0.0,0.0,0.0,0.0,0.0,0.0,0.0,0.0,0.0
75,19,5.0,0.0,2.0,[ 5 76],0.0,0.0,0.0,0.0,0.0,0.0,0.0,0.0,0.0,0.0
75,20,5.0,0.0,2.0,[ 5 76],0.0,0.0,0.0,0.0,0.0,0.0,0.0,0.0,0.0,0.0
75,21,5.0,0.0,2.0,[ 5 76],0.0,0.0,0.0,0.0,0.0,0.0,0.0,0.0,0.0,0.0
75,22,5.0,0.0,2.0,[ 5 76],0.0,0.0,0.0,0.0,0.0,0.0,0.0,0.0,0.0,0.0
75,23,5.0,0.0,2.0,[ 5 76],0.0,0.0,0.0,0.0,0.0,0.0,0.0,0.0,0.0,0.0
75,24,5.0,0.0,2.0,[ 5 76],0.0,0.0,0.0,0.0,0.0,0.0,0.0,0.0,0.0,0.0
75,25,5.0,0.0,2.0,[ 5 76],0.0,0.0,0.0,0.0,0.0,0.0,0.0,0.0,0.0,0.0
75,26,5.0,0.0,2.0,[ 5 76],0.0,0.0,0.0,0.0,0.0,0.0,0.0,0.0,0.0,0.0
75,27,5.0,0.0,2.0,[ 5 76],0.0,0.0,0.0,0.0,0.0,0.0,0.0,0.0,0.0,0.0
75,28,5.0,0.0,2.0,[ 5 76],0.0,0.0,0.0,0.0,0.0,0.0,0.0,0.0,0.0,0.0
75,29,5.0,0.0,2.0,[ 5 76],0.0,0.0,0.0,0.0,0.0,0.0,0.0,0.0,0.0,0.0
75,30,5.0,0.0,2.0,[ 5 76],0.0,0.0,0.0,0.0,0.0,0.0,0.0,0.0,0.0,0.0
75,31,5.0,0.0,2.0,[ 5 76],0.0,0.0,0.0,0.0,0.0,0.0,0.0,0.0,0.0,0.0
75,32,5.0,0.0,2.0,[ 5 76],0.0,0.0,0.0,0.0,0.0,0.0,4.0,0.0,0.0,0.0
75,33,5.0,0.0,2.0,[ 5 76],0.0,0.0,0.0,0.0,0.0,0.0,2.0,0.0,4.0,0.0
75,34,5.0,0.0,2.0,[ 5 76],4.0,0.0,0.0,0.0,0.0,0.0,1.0,0.0,2.0,0.0
75,35,5.0,0.0,2.0,[ 5 76],2.0,0.0,0.0,0.0,4.0,0.0,5.0,8.0,1.0,0.0
75,36,5.0,0.0,2.0,[ 5 76],1.0,0.0,4.0,0.0,2.0,0.0,7.0,7.0,5.0,8.0
75,37,5.0,0.0,2.0,[ 5 76],5.0,8.0,2.0,0.0,1.0,0.0,5.0,21.0,7.0,7.0
75,38,5.0,0.0,2.0,[ 5 76],7.0,7.0,1.0,0.0,5.0,8.0,13.0,30.0,5.0,21.0
75,39,5.0,0.0,2.0,[ 5 76],5.0,21.0,5.0,8.0,7.0,7.0,18.0,24.0,13.0,30.0
75,40,5.0,0.0,2.0,[ 5 76],13.0,30.0,7.0,7.0,5.0,21.0,13.0,63.0,18.0,24.0
75,41,5.0,0.0,2.0,[ 5 76],18.0,24.0,5.0,21.0,13.0,30.0,16.0,73.0,13.0,63.0
75,42,5.0,0.0,2.0,[ 5 76],13.0,63.0,13.0,30.0,18.0,24.0,23.0,94.0,16.0,73.0
75,43,5.0,0.0,2.0,[ 5 76],16.0,73.0,18.0,24.0,13.0,63.0,35.0,178.0,23.0,94.0
75,44,5.0,0.0,2.0,[ 5 76],23.0,94.0,13.0,63.0,16.0,73.0,41.0,327.0,35.0,178.0
75,45,5.0,0.0,2.0,[ 5 76],35.0,178.0,16.0,73.0,23.0,94.0,52.0,337.0,41.0,327.0
75,46,5.0,0.0,2.0,[ 5 76],41.0,327.0,23.0,94.0,35.0,178.0,77.0,810.0,52.0,337.0
75,47,5.0,0.0,2.0,[ 5 76],52.0,337.0,35.0,178.0,41.0,327.0,65.0,968.0,77.0,810.0
75,48,5.0,0.0,2.0,[ 5 76],77.0,810.0,41.0,327.0,52.0,337.0,76.0,1153.0,65.0,968.0
75,49,5.0,0.0,2.0,[ 5 76],65.0,968.0,52.0,337.0,77.0,810.0,74.0,1371.0,76.0,1153.0
75,50,5.0,0.0,2.0,[ 5 76],76.0,1153.0,77.0,810.0,65.0,968.0,77.0,1276.0,74.0,1371.0
75,51,5.0,0.0,2.0,[ 5 76],74.0,1371.0,65.0,968.0,76.0,1153.0,59.0,1405.0,77.0,1276.0
75,52,5.0,0.0,2.0,[ 5 76],77.0,1276.0,76.0,1153.0,74.0,1371.0,59.0,743.0,59.0,1405.0
75,53,5.0,0.0,2.0,[ 5 76],59.0,1405.0,74.0,1371.0,77.0,1276.0,51.0,513.0,59.0,743.0
75,54,5.0,0.0,2.0,[ 5 76],59.0,743.0,77.0,1276.0,59.0,1405.0,52.0,452.0,51.0,513.0
75,55,5.0,0.0,2.0,[ 5 76],51.0,513.0,59.0,1405.0,59.0,743.0,76.0,377.0,52.0,452.0
75,56,5.0,0.0,2.0,[ 5 76],52.0,452.0,59.0,743.0,51.0,513.0,62.0,289.0,76.0,377.0
75,57,5.0,0.0,2.0,[ 5 76],76.0,377.0,51.0,513.0,52.0,452.0,75.0,186.0,62.0,289.0
75,58,5.0,0.0,2.0,[ 5 76],62.0,289.0,52.0,452.0,76.0,377.0,84.0,225.0,75.0,186.0
75,59,5.0,0.0,2.0,[ 5 76],75.0,186.0,76.0,377.0,62.0,289.0,72.0,176.0,84.0,225.0
75,60,5.0,0.0,2.0,[ 5 76],84.0,225.0,62.0,289.0,75.0,186.0,68.0,107.0,72.0,176.0
75,61,5.0,0.0,2.0,[ 5 76],72.0,176.0,75.0,186.0,84.0,225.0,85.0,132.0,68.0,107.0
75,62,5.0,0.0,2.0,[ 5 76],68.0,107.0,84.0,225.0,72.0,176.0,55.0,88.0,85.0,132.0
75,63,5.0,0.0,2.0,[ 5 76],85.0,132.0,72.0,176.0,68.0,107.0,70.0,81.0,55.0,88.0
75,64,5.0,0.0,2.0,[ 5 76],55.0,88.0,68.0,107.0,85.0,132.0,60.0,87.0,70.0,81.0
75,65,5.0,0.0,2.0,[ 5 76],70.0,81.0,85.0,132.0,55.0,88.0,62.0,82.0,60.0,87.0
75,66,5.0,0.0,2.0,[ 5 76],60.0,87.0,55.0,88.0,70.0,81.0,89.0,73.0,62.0,82.0
75,67,5.0,0.0,2.0,[ 5 76],62.0,82.0,70.0,81.0,60.0,87.0,70.0,63.0,89.0,73.0
75,68,5.0,0.0,2.0,[ 5 76],89.0,73.0,60.0,87.0,62.0,82.0,103.0,101.0,70.0,63.0
75,69,5.0,0.0,2.0,[ 5 76],70.0,63.0,62.0,82.0,89.0,73.0,99.0,65.0,103.0,101.0
75,70,5.0,0.0,2.0,[ 5 76],103.0,101.0,89.0,73.0,70.0,63.0,106.0,58.0,99.0,65.0
75,71,5.0,0.0,2.0,[ 5 76],99.0,65.0,70.0,63.0,103.0,101.0,93.0,69.0,106.0,58.0
75,72,5.0,0.0,2.0,[ 5 76],106.0,58.0,103.0,101.0,99.0,65.0,78.0,77.0,93.0,69.0
75,73,5.0,0.0,2.0,[ 5 76],93.0,69.0,99.0,65.0,106.0,58.0,57.0,65.0,78.0,77.0
75,74,5.0,0.0,2.0,[ 5 76],78.0,77.0,106.0,58.0,93.0,69.0,85.0,94.0,57.0,65.0
75,75,5.0,0.0,2.0,[ 5 76],57.0,65.0,93.0,69.0,78.0,77.0,64.0,67.0,85.0,94.0
75,76,5.0,0.0,2.0,[ 5 76],85.0,94.0,78.0,77.0,57.0,65.0,74.0,85.0,64.0,67.0
75,77,5.0,0.0,2.0,[ 5 76],64.0,67.0,57.0,65.0,85.0,94.0,91.0,87.0,74.0,85.0
75,78,5.0,0.0,2.0,[ 5 76],74.0,85.0,85.0,94.0,64.0,67.0,66.0,92.0,91.0,87.0
75,79,5.0,0.0,2.0,[ 5 76],91.0,87.0,64.0,67.0,74.0,85.0,74.0,104.0,66.0,92.0
75,80,5.0,0.0,2.0,[ 5 76],66.0,92.0,74.0,85.0,91.0,87.0,64.0,100.0,74.0,104.0
75,81,5.0,0.0,2.0,[ 5 76],74.0,104.0,91.0,87.0,66.0,92.0,69.0,77.0,64.0,100.0
75,82,5.0,0.0,2.0,[ 5 76],64.0,100.0,66.0,92.0,74.0,104.0,72.0,98.0,69.0,77.0
75,83,5.0,0.0,2.0,[ 5 76],69.0,77.0,74.0,104.0,64.0,100.0,90.0,76.0,72.0,98.0
75,84,5.0,0.0,2.0,[ 5 76],72.0,98.0,64.0,100.0,69.0,77.0,72.0,74.0,90.0,76.0
75,85,5.0,0.0,2.0,[ 5 76],90.0,76.0,69.0,77.0,72.0,98.0,82.0,76.0,72.0,74.0
75,86,5.0,0.0,2.0,[ 5 76],72.0,74.0,72.0,98.0,90.0,76.0,90.0,54.0,82.0,76.0
75,87,5.0,0.0,2.0,[ 5 76],82.0,76.0,90.0,76.0,72.0,74.0,94.0,73.0,90.0,54.0
75,88,5.0,0.0,2.0,[ 5 76],90.0,54.0,72.0,74.0,82.0,76.0,104.0,70.0,94.0,73.0
75,89,5.0,0.0,2.0,[ 5 76],94.0,73.0,82.0,76.0,90.0,54.0,103.0,71.0,104.0,70.0
75,90,5.0,0.0,2.0,[ 5 76],104.0,70.0,90.0,54.0,94.0,73.0,118.0,82.0,103.0,71.0
75,91,5.0,0.0,2.0,[ 5 76],103.0,71.0,94.0,73.0,104.0,70.0,97.0,84.0,118.0,82.0
75,92,5.0,0.0,2.0,[ 5 76],118.0,82.0,104.0,70.0,103.0,71.0,125.0,44.0,97.0,84.0
75,93,5.0,0.0,2.0,[ 5 76],97.0,84.0,103.0,71.0,118.0,82.0,96.0,76.0,125.0,44.0
75,94,5.0,0.0,2.0,[ 5 76],125.0,44.0,118.0,82.0,97.0,84.0,104.0,78.0,96.0,76.0
75,95,5.0,0.0,2.0,[ 5 76],96.0,76.0,97.0,84.0,125.0,44.0,115.0,89.0,104.0,78.0
75,96,5.0,0.0,2.0,[ 5 76],104.0,78.0,125.0,44.0,96.0,76.0,113.0,63.0,115.0,89.0
75,97,5.0,0.0,2.0,[ 5 76],115.0,89.0,96.0,76.0,104.0,78.0,170.0,64.0,113.0,63.0
75,98,5.0,0.0,2.0,[ 5 76],113.0,63.0,104.0,78.0,115.0,89.0,207.0,75.0,170.0,64.0
75,99,5.0,0.0,2.0,[ 5 76],170.0,64.0,115.0,89.0,113.0,63.0,169.0,75.0,207.0,75.0
75,100,5.0,0.0,2.0,[ 5 76],207.0,75.0,113.0,63.0,170.0,64.0,383.0,73.0,169.0,75.0
75,101,5.0,0.0,2.0,[ 5 76],169.0,75.0,170.0,64.0,207.0,75.0,698.0,72.0,383.0,73.0
75,102,5.0,0.0,2.0,[ 5 76],383.0,73.0,207.0,75.0,169.0,75.0,459.0,91.0,698.0,72.0
75,103,5.0,0.0,2.0,[ 5 76],698.0,72.0,169.0,75.0,383.0,73.0,643.0,91.0,459.0,91.0
75,104,5.0,0.0,2.0,[ 5 76],459.0,91.0,383.0,73.0,698.0,72.0,947.0,95.0,643.0,91.0
75,105,5.0,0.0,2.0,[ 5 76],643.0,91.0,698.0,72.0,459.0,91.0,771.0,127.0,947.0,95.0
75,106,5.0,0.0,2.0,[ 5 76],947.0,95.0,459.0,91.0,643.0,91.0,696.0,102.0,771.0,127.0
75,107,5.0,0.0,2.0,[ 5 76],771.0,127.0,643.0,91.0,947.0,95.0,876.0,83.0,696.0,102.0
75,108,5.0,0.0,2.0,[ 5 76],696.0,102.0,947.0,95.0,771.0,127.0,601.0,84.0,876.0,83.0
75,109,5.0,0.0,2.0,[ 5 76],876.0,83.0,771.0,127.0,696.0,102.0,502.0,83.0,601.0,84.0
75,110,5.0,0.0,2.0,[ 5 76],601.0,84.0,696.0,102.0,876.0,83.0,389.0,52.0,502.0,83.0
75,111,5.0,0.0,2.0,[ 5 76],502.0,83.0,876.0,83.0,601.0,84.0,343.0,65.0,389.0,52.0
75,112,5.0,0.0,2.0,[ 5 76],389.0,52.0,601.0,84.0,502.0,83.0,274.0,45.0,343.0,65.0
75,113,5.0,0.0,2.0,[ 5 76],343.0,65.0,502.0,83.0,389.0,52.0,290.0,49.0,274.0,45.0
75,114,5.0,0.0,2.0,[ 5 76],274.0,45.0,389.0,52.0,343.0,65.0,223.0,53.0,290.0,49.0
75,115,5.0,0.0,2.0,[ 5 76],290.0,49.0,343.0,65.0,274.0,45.0,227.0,45.0,223.0,53.0
75,116,5.0,0.0,2.0,[ 5 76],223.0,53.0,274.0,45.0,290.0,49.0,162.0,42.0,227.0,45.0
75,117,5.0,0.0,2.0,[ 5 76],227.0,45.0,290.0,49.0,223.0,53.0,211.0,45.0,162.0,42.0
75,118,5.0,0.0,2.0,[ 5 76],162.0,42.0,223.0,53.0,227.0,45.0,202.0,28.0,211.0,45.0
75,119,5.0,0.0,2.0,[ 5 76],211.0,45.0,227.0,45.0,162.0,42.0,151.0,41.0,202.0,28.0
75,120,5.0,0.0,2.0,[ 5 76],202.0,28.0,162.0,42.0,211.0,45.0,173.0,41.0,151.0,41.0
75,121,5.0,0.0,2.0,[ 5 76],151.0,41.0,211.0,45.0,202.0,28.0,124.0,40.0,173.0,41.0
75,122,5.0,0.0,2.0,[ 5 76],173.0,41.0,202.0,28.0,151.0,41.0,152.0,53.0,124.0,40.0
75,123,5.0,0.0,2.0,[ 5 76],124.0,40.0,151.0,41.0,173.0,41.0,121.0,45.0,152.0,53.0
75,124,5.0,0.0,2.0,[ 5 76],152.0,53.0,173.0,41.0,124.0,40.0,119.0,17.0,121.0,45.0
75,125,5.0,0.0,2.0,[ 5 76],121.0,45.0,124.0,40.0,152.0,53.0,149.0,40.0,119.0,17.0
75,126,5.0,0.0,2.0,[ 5 76],119.0,17.0,152.0,53.0,121.0,45.0,105.0,44.0,149.0,40.0
75,127,5.0,0.0,2.0,[ 5 76],149.0,40.0,121.0,45.0,119.0,17.0,96.0,55.0,105.0,44.0
75,128,5.0,0.0,2.0,[ 5 76],105.0,44.0,119.0,17.0,149.0,40.0,89.0,35.0,96.0,55.0
75,129,5.0,0.0,2.0,[ 5 76],96.0,55.0,149.0,40.0,105.0,44.0,58.0,29.0,89.0,35.0
75,130,5.0,0.0,2.0,[ 5 76],89.0,35.0,105.0,44.0,96.0,55.0,61.0,27.0,58.0,29.0
75,131,5.0,0.0,2.0,[ 5 76],58.0,29.0,96.0,55.0,89.0,35.0,64.0,9.0,61.0,27.0
75,132,5.0,0.0,2.0,[ 5 76],61.0,27.0,89.0,35.0,58.0,29.0,38.0,33.0,64.0,9.0
75,133,5.0,0.0,2.0,[ 5 76],64.0,9.0,58.0,29.0,61.0,27.0,43.0,16.0,38.0,33.0
75,134,5.0,0.0,2.0,[ 5 76],38.0,33.0,61.0,27.0,64.0,9.0,43.0,23.0,43.0,16.0
75,135,5.0,0.0,2.0,[ 5 76],43.0,16.0,64.0,9.0,38.0,33.0,35.0,9.0,43.0,23.0
75,136,5.0,0.0,2.0,[ 5 76],43.0,23.0,38.0,33.0,43.0,16.0,20.0,9.0,35.0,9.0
75,137,5.0,0.0,2.0,[ 5 76],35.0,9.0,43.0,16.0,43.0,23.0,3.0,1.0,20.0,9.0
75,138,5.0,0.0,2.0,[ 5 76],20.0,9.0,43.0,23.0,35.0,9.0,0.0,1.0,3.0,1.0
75,139,5.0,0.0,2.0,[ 5 76],3.0,1.0,35.0,9.0,20.0,9.0,0.0,0.0,0.0,1.0
75,140,5.0,0.0,2.0,[ 5 76],0.0,1.0,20.0,9.0,3.0,1.0,0.0,0.0,0.0,0.0
75,141,5.0,0.0,2.0,[ 5 76],0.0,0.0,3.0,1.0,0.0,1.0,0.0,0.0,0.0,0.0
75,142,5.0,0.0,2.0,[ 5 76],0.0,0.0,0.0,1.0,0.0,0.0,0.0,0.0,0.0,0.0
75,143,5.0,0.0,2.0,[ 5 76],0.0,0.0,0.0,0.0,0.0,0.0,0.0,0.0,0.0,0.0
76,0,5.0,0.0,2.0,[75 77],0.0,0.0,0.0,0.0,0.0,0.0,0.0,0.0,0.0,0.0
76,1,5.0,0.0,2.0,[75 77],0.0,0.0,0.0,0.0,0.0,0.0,0.0,0.0,0.0,0.0
76,2,5.0,0.0,2.0,[75 77],0.0,0.0,0.0,0.0,0.0,0.0,0.0,0.0,0.0,0.0
76,3,5.0,0.0,2.0,[75 77],0.0,0.0,0.0,0.0,0.0,0.0,0.0,0.0,0.0,0.0
76,4,5.0,0.0,2.0,[75 77],0.0,0.0,0.0,0.0,0.0,0.0,0.0,0.0,0.0,0.0
76,5,5.0,0.0,2.0,[75 77],0.0,0.0,0.0,0.0,0.0,0.0,0.0,0.0,0.0,0.0
76,6,5.0,0.0,2.0,[75 77],0.0,0.0,0.0,0.0,0.0,0.0,0.0,0.0,0.0,0.0
76,7,5.0,0.0,2.0,[75 77],0.0,0.0,0.0,0.0,0.0,0.0,0.0,0.0,0.0,0.0
76,8,5.0,0.0,2.0,[75 77],0.0,0.0,0.0,0.0,0.0,0.0,0.0,0.0,0.0,0.0
76,9,5.0,0.0,2.0,[75 77],0.0,0.0,0.0,0.0,0.0,0.0,0.0,0.0,0.0,0.0
76,10,5.0,0.0,2.0,[75 77],0.0,0.0,0.0,0.0,0.0,0.0,0.0,0.0,0.0,0.0
76,11,5.0,0.0,2.0,[75 77],0.0,0.0,0.0,0.0,0.0,0.0,0.0,0.0,0.0,0.0
76,12,5.0,0.0,2.0,[75 77],0.0,0.0,0.0,0.0,0.0,0.0,0.0,1.0,0.0,0.0
76,13,5.0,0.0,2.0,[75 77],0.0,0.0,0.0,0.0,0.0,0.0,0.0,0.0,0.0,1.0
76,14,5.0,0.0,2.0,[75 77],0.0,1.0,0.0,0.0,0.0,0.0,0.0,0.0,0.0,0.0
76,15,5.0,0.0,2.0,[75 77],0.0,0.0,0.0,0.0,0.0,1.0,0.0,0.0,0.0,0.0
76,16,5.0,0.0,2.0,[75 77],0.0,0.0,0.0,1.0,0.0,0.0,0.0,0.0,0.0,0.0
76,17,5.0,0.0,2.0,[75 77],0.0,0.0,0.0,0.0,0.0,0.0,0.0,0.0,0.0,0.0
76,18,5.0,0.0,2.0,[75 77],0.0,0.0,0.0,0.0,0.0,0.0,0.0,0.0,0.0,0.0
76,19,5.0,0.0,2.0,[75 77],0.0,0.0,0.0,0.0,0.0,0.0,0.0,0.0,0.0,0.0
76,20,5.0,0.0,2.0,[75 77],0.0,0.0,0.0,0.0,0.0,0.0,0.0,0.0,0.0,0.0
76,21,5.0,0.0,2.0,[75 77],0.0,0.0,0.0,0.0,0.0,0.0,0.0,0.0,0.0,0.0
76,22,5.0,0.0,2.0,[75 77],0.0,0.0,0.0,0.0,0.0,0.0,0.0,0.0,0.0,0.0
76,23,5.0,0.0,2.0,[75 77],0.0,0.0,0.0,0.0,0.0,0.0,0.0,0.0,0.0,0.0
76,24,5.0,0.0,2.0,[75 77],0.0,0.0,0.0,0.0,0.0,0.0,0.0,1.0,0.0,0.0
76,25,5.0,0.0,2.0,[75 77],0.0,0.0,0.0,0.0,0.0,0.0,0.0,0.0,0.0,1.0
76,26,5.0,0.0,2.0,[75 77],0.0,1.0,0.0,0.0,0.0,0.0,0.0,0.0,0.0,0.0
76,27,5.0,0.0,2.0,[75 77],0.0,0.0,0.0,0.0,0.0,1.0,0.0,0.0,0.0,0.0
76,28,5.0,0.0,2.0,[75 77],0.0,0.0,0.0,1.0,0.0,0.0,0.0,0.0,0.0,0.0
76,29,5.0,0.0,2.0,[75 77],0.0,0.0,0.0,0.0,0.0,0.0,0.0,0.0,0.0,0.0
76,30,5.0,0.0,2.0,[75 77],0.0,0.0,0.0,0.0,0.0,0.0,0.0,0.0,0.0,0.0
76,31,5.0,0.0,2.0,[75 77],0.0,0.0,0.0,0.0,0.0,0.0,0.0,0.0,0.0,0.0
76,32,5.0,0.0,2.0,[75 77],0.0,0.0,0.0,0.0,0.0,0.0,0.0,0.0,0.0,0.0
76,33,5.0,0.0,2.0,[75 77],0.0,0.0,0.0,0.0,0.0,0.0,0.0,0.0,0.0,0.0
76,34,5.0,0.0,2.0,[75 77],0.0,0.0,0.0,0.0,0.0,0.0,1.0,5.0,0.0,0.0
76,35,5.0,0.0,2.0,[75 77],0.0,0.0,0.0,0.0,0.0,0.0,1.0,4.0,1.0,5.0
76,36,5.0,0.0,2.0,[75 77],1.0,5.0,0.0,0.0,0.0,0.0,2.0,15.0,1.0,4.0
76,37,5.0,0.0,2.0,[75 77],1.0,4.0,0.0,0.0,1.0,5.0,11.0,15.0,2.0,15.0
76,38,5.0,0.0,2.0,[75 77],2.0,15.0,1.0,5.0,1.0,4.0,0.0,20.0,11.0,15.0
76,39,5.0,0.0,2.0,[75 77],11.0,15.0,1.0,4.0,2.0,15.0,5.0,34.0,0.0,20.0
76,40,5.0,0.0,2.0,[75 77],0.0,20.0,2.0,15.0,11.0,15.0,5.0,34.0,5.0,34.0
76,41,5.0,0.0,2.0,[75 77],5.0,34.0,11.0,15.0,0.0,20.0,8.0,61.0,5.0,34.0
76,42,5.0,0.0,2.0,[75 77],5.0,34.0,0.0,20.0,5.0,34.0,12.0,62.0,8.0,61.0
76,43,5.0,0.0,2.0,[75 77],8.0,61.0,5.0,34.0,5.0,34.0,6.0,155.0,12.0,62.0
76,44,5.0,0.0,2.0,[75 77],12.0,62.0,5.0,34.0,8.0,61.0,15.0,225.0,6.0,155.0
76,45,5.0,0.0,2.0,[75 77],6.0,155.0,8.0,61.0,12.0,62.0,20.0,323.0,15.0,225.0
76,46,5.0,0.0,2.0,[75 77],15.0,225.0,12.0,62.0,6.0,155.0,29.0,748.0,20.0,323.0
76,47,5.0,0.0,2.0,[75 77],20.0,323.0,6.0,155.0,15.0,225.0,25.0,772.0,29.0,748.0
76,48,5.0,0.0,2.0,[75 77],29.0,748.0,15.0,225.0,20.0,323.0,29.0,1007.0,25.0,772.0
76,49,5.0,0.0,2.0,[75 77],25.0,772.0,20.0,323.0,29.0,748.0,21.0,1043.0,29.0,1007.0
76,50,5.0,0.0,2.0,[75 77],29.0,1007.0,29.0,748.0,25.0,772.0,24.0,1099.0,21.0,1043.0
76,51,5.0,0.0,2.0,[75 77],21.0,1043.0,25.0,772.0,29.0,1007.0,27.0,1260.0,24.0,1099.0
76,52,5.0,0.0,2.0,[75 77],24.0,1099.0,29.0,1007.0,21.0,1043.0,26.0,698.0,27.0,1260.0
76,53,5.0,0.0,2.0,[75 77],27.0,1260.0,21.0,1043.0,24.0,1099.0,46.0,582.0,26.0,698.0
76,54,5.0,0.0,2.0,[75 77],26.0,698.0,24.0,1099.0,27.0,1260.0,57.0,431.0,46.0,582.0
76,55,5.0,0.0,2.0,[75 77],46.0,582.0,27.0,1260.0,26.0,698.0,45.0,275.0,57.0,431.0
76,56,5.0,0.0,2.0,[75 77],57.0,431.0,26.0,698.0,46.0,582.0,50.0,229.0,45.0,275.0
76,57,5.0,0.0,2.0,[75 77],45.0,275.0,46.0,582.0,57.0,431.0,54.0,256.0,50.0,229.0
76,58,5.0,0.0,2.0,[75 77],50.0,229.0,57.0,431.0,45.0,275.0,59.0,252.0,54.0,256.0
76,59,5.0,0.0,2.0,[75 77],54.0,256.0,45.0,275.0,50.0,229.0,62.0,192.0,59.0,252.0
76,60,5.0,0.0,2.0,[75 77],59.0,252.0,50.0,229.0,54.0,256.0,93.0,171.0,62.0,192.0
76,61,5.0,0.0,2.0,[75 77],62.0,192.0,54.0,256.0,59.0,252.0,97.0,159.0,93.0,171.0
76,62,5.0,0.0,2.0,[75 77],93.0,171.0,59.0,252.0,62.0,192.0,82.0,137.0,97.0,159.0
76,63,5.0,0.0,2.0,[75 77],97.0,159.0,62.0,192.0,93.0,171.0,84.0,140.0,82.0,137.0
76,64,5.0,0.0,2.0,[75 77],82.0,137.0,93.0,171.0,97.0,159.0,68.0,139.0,84.0,140.0
76,65,5.0,0.0,2.0,[75 77],84.0,140.0,97.0,159.0,82.0,137.0,88.0,126.0,68.0,139.0
76,66,5.0,0.0,2.0,[75 77],68.0,139.0,82.0,137.0,84.0,140.0,117.0,128.0,88.0,126.0
76,67,5.0,0.0,2.0,[75 77],88.0,126.0,84.0,140.0,68.0,139.0,117.0,91.0,117.0,128.0
76,68,5.0,0.0,2.0,[75 77],117.0,128.0,68.0,139.0,88.0,126.0,121.0,138.0,117.0,91.0
76,69,5.0,0.0,2.0,[75 77],117.0,91.0,88.0,126.0,117.0,128.0,147.0,111.0,121.0,138.0
76,70,5.0,0.0,2.0,[75 77],121.0,138.0,117.0,128.0,117.0,91.0,106.0,130.0,147.0,111.0
76,71,5.0,0.0,2.0,[75 77],147.0,111.0,117.0,91.0,121.0,138.0,120.0,89.0,106.0,130.0
76,72,5.0,0.0,2.0,[75 77],106.0,130.0,121.0,138.0,147.0,111.0,107.0,112.0,120.0,89.0
76,73,5.0,0.0,2.0,[75 77],120.0,89.0,147.0,111.0,106.0,130.0,113.0,139.0,107.0,112.0
76,74,5.0,0.0,2.0,[75 77],107.0,112.0,106.0,130.0,120.0,89.0,95.0,113.0,113.0,139.0
76,75,5.0,0.0,2.0,[75 77],113.0,139.0,120.0,89.0,107.0,112.0,95.0,125.0,95.0,113.0
76,76,5.0,0.0,2.0,[75 77],95.0,113.0,107.0,112.0,113.0,139.0,113.0,109.0,95.0,125.0
76,77,5.0,0.0,2.0,[75 77],95.0,125.0,113.0,139.0,95.0,113.0,108.0,160.0,113.0,109.0
76,78,5.0,0.0,2.0,[75 77],113.0,109.0,95.0,113.0,95.0,125.0,96.0,165.0,108.0,160.0
76,79,5.0,0.0,2.0,[75 77],108.0,160.0,95.0,125.0,113.0,109.0,106.0,150.0,96.0,165.0
76,80,5.0,0.0,2.0,[75 77],96.0,165.0,113.0,109.0,108.0,160.0,93.0,159.0,106.0,150.0
76,81,5.0,0.0,2.0,[75 77],106.0,150.0,108.0,160.0,96.0,165.0,132.0,168.0,93.0,159.0
76,82,5.0,0.0,2.0,[75 77],93.0,159.0,96.0,165.0,106.0,150.0,95.0,162.0,132.0,168.0
76,83,5.0,0.0,2.0,[75 77],132.0,168.0,106.0,150.0,93.0,159.0,133.0,135.0,95.0,162.0
76,84,5.0,0.0,2.0,[75 77],95.0,162.0,93.0,159.0,132.0,168.0,133.0,140.0,133.0,135.0
76,85,5.0,0.0,2.0,[75 77],133.0,135.0,132.0,168.0,95.0,162.0,126.0,112.0,133.0,140.0
76,86,5.0,0.0,2.0,[75 77],133.0,140.0,95.0,162.0,133.0,135.0,121.0,148.0,126.0,112.0
76,87,5.0,0.0,2.0,[75 77],126.0,112.0,133.0,135.0,133.0,140.0,114.0,93.0,121.0,148.0
76,88,5.0,0.0,2.0,[75 77],121.0,148.0,133.0,140.0,126.0,112.0,152.0,112.0,114.0,93.0
76,89,5.0,0.0,2.0,[75 77],114.0,93.0,126.0,112.0,121.0,148.0,171.0,105.0,152.0,112.0
76,90,5.0,0.0,2.0,[75 77],152.0,112.0,121.0,148.0,114.0,93.0,132.0,122.0,171.0,105.0
76,91,5.0,0.0,2.0,[75 77],171.0,105.0,114.0,93.0,152.0,112.0,161.0,96.0,132.0,122.0
76,92,5.0,0.0,2.0,[75 77],132.0,122.0,152.0,112.0,171.0,105.0,143.0,126.0,161.0,96.0
76,93,5.0,0.0,2.0,[75 77],161.0,96.0,171.0,105.0,132.0,122.0,158.0,131.0,143.0,126.0
76,94,5.0,0.0,2.0,[75 77],143.0,126.0,132.0,122.0,161.0,96.0,172.0,120.0,158.0,131.0
76,95,5.0,0.0,2.0,[75 77],158.0,131.0,161.0,96.0,143.0,126.0,195.0,83.0,172.0,120.0
76,96,5.0,0.0,2.0,[75 77],172.0,120.0,143.0,126.0,158.0,131.0,186.0,76.0,195.0,83.0
76,97,5.0,0.0,2.0,[75 77],195.0,83.0,158.0,131.0,172.0,120.0,190.0,90.0,186.0,76.0
76,98,5.0,0.0,2.0,[75 77],186.0,76.0,172.0,120.0,195.0,83.0,248.0,93.0,190.0,90.0
76,99,5.0,0.0,2.0,[75 77],190.0,90.0,195.0,83.0,186.0,76.0,195.0,80.0,248.0,93.0
76,100,5.0,0.0,2.0,[75 77],248.0,93.0,186.0,76.0,190.0,90.0,358.0,74.0,195.0,80.0
76,101,5.0,0.0,2.0,[75 77],195.0,80.0,190.0,90.0,248.0,93.0,594.0,104.0,358.0,74.0
76,102,5.0,0.0,2.0,[75 77],358.0,74.0,248.0,93.0,195.0,80.0,436.0,104.0,594.0,104.0
76,103,5.0,0.0,2.0,[75 77],594.0,104.0,195.0,80.0,358.0,74.0,572.0,114.0,436.0,104.0
76,104,5.0,0.0,2.0,[75 77],436.0,104.0,358.0,74.0,594.0,104.0,944.0,155.0,572.0,114.0
76,105,5.0,0.0,2.0,[75 77],572.0,114.0,594.0,104.0,436.0,104.0,735.0,153.0,944.0,155.0
76,106,5.0,0.0,2.0,[75 77],944.0,155.0,436.0,104.0,572.0,114.0,617.0,124.0,735.0,153.0
76,107,5.0,0.0,2.0,[75 77],735.0,153.0,572.0,114.0,944.0,155.0,662.0,144.0,617.0,124.0
76,108,5.0,0.0,2.0,[75 77],617.0,124.0,944.0,155.0,735.0,153.0,567.0,153.0,662.0,144.0
76,109,5.0,0.0,2.0,[75 77],662.0,144.0,735.0,153.0,617.0,124.0,407.0,133.0,567.0,153.0
76,110,5.0,0.0,2.0,[75 77],567.0,153.0,617.0,124.0,662.0,144.0,378.0,128.0,407.0,133.0
76,111,5.0,0.0,2.0,[75 77],407.0,133.0,662.0,144.0,567.0,153.0,292.0,201.0,378.0,128.0
76,112,5.0,0.0,2.0,[75 77],378.0,128.0,567.0,153.0,407.0,133.0,330.0,149.0,292.0,201.0
76,113,5.0,0.0,2.0,[75 77],292.0,201.0,407.0,133.0,378.0,128.0,286.0,101.0,330.0,149.0
76,114,5.0,0.0,2.0,[75 77],330.0,149.0,378.0,128.0,292.0,201.0,180.0,73.0,286.0,101.0
76,115,5.0,0.0,2.0,[75 77],286.0,101.0,292.0,201.0,330.0,149.0,175.0,62.0,180.0,73.0
76,116,5.0,0.0,2.0,[75 77],180.0,73.0,330.0,149.0,286.0,101.0,190.0,49.0,175.0,62.0
76,117,5.0,0.0,2.0,[75 77],175.0,62.0,286.0,101.0,180.0,73.0,158.0,36.0,190.0,49.0
76,118,5.0,0.0,2.0,[75 77],190.0,49.0,180.0,73.0,175.0,62.0,214.0,38.0,158.0,36.0
76,119,5.0,0.0,2.0,[75 77],158.0,36.0,175.0,62.0,190.0,49.0,255.0,18.0,214.0,38.0
76,120,5.0,0.0,2.0,[75 77],214.0,38.0,190.0,49.0,158.0,36.0,190.0,33.0,255.0,18.0
76,121,5.0,0.0,2.0,[75 77],255.0,18.0,158.0,36.0,214.0,38.0,180.0,35.0,190.0,33.0
76,122,5.0,0.0,2.0,[75 77],190.0,33.0,214.0,38.0,255.0,18.0,172.0,19.0,180.0,35.0
76,123,5.0,0.0,2.0,[75 77],180.0,35.0,255.0,18.0,190.0,33.0,205.0,26.0,172.0,19.0
76,124,5.0,0.0,2.0,[75 77],172.0,19.0,190.0,33.0,180.0,35.0,248.0,22.0,205.0,26.0
76,125,5.0,0.0,2.0,[75 77],205.0,26.0,180.0,35.0,172.0,19.0,207.0,14.0,248.0,22.0
76,126,5.0,0.0,2.0,[75 77],248.0,22.0,172.0,19.0,205.0,26.0,122.0,16.0,207.0,14.0
76,127,5.0,0.0,2.0,[75 77],207.0,14.0,205.0,26.0,248.0,22.0,167.0,20.0,122.0,16.0
76,128,5.0,0.0,2.0,[75 77],122.0,16.0,248.0,22.0,207.0,14.0,118.0,7.0,167.0,20.0
76,129,5.0,0.0,2.0,[75 77],167.0,20.0,207.0,14.0,122.0,16.0,105.0,13.0,118.0,7.0
76,130,5.0,0.0,2.0,[75 77],118.0,7.0,122.0,16.0,167.0,20.0,166.0,7.0,105.0,13.0
76,131,5.0,0.0,2.0,[75 77],105.0,13.0,167.0,20.0,118.0,7.0,161.0,7.0,166.0,7.0
76,132,5.0,0.0,2.0,[75 77],166.0,7.0,118.0,7.0,105.0,13.0,293.0,9.0,161.0,7.0
76,133,5.0,0.0,2.0,[75 77],161.0,7.0,105.0,13.0,166.0,7.0,395.0,6.0,293.0,9.0
76,134,5.0,0.0,2.0,[75 77],293.0,9.0,166.0,7.0,161.0,7.0,111.0,7.0,395.0,6.0
76,135,5.0,0.0,2.0,[75 77],395.0,6.0,161.0,7.0,293.0,9.0,55.0,4.0,111.0,7.0
76,136,5.0,0.0,2.0,[75 77],111.0,7.0,293.0,9.0,395.0,6.0,18.0,8.0,55.0,4.0
76,137,5.0,0.0,2.0,[75 77],55.0,4.0,395.0,6.0,111.0,7.0,6.0,1.0,18.0,8.0
76,138,5.0,0.0,2.0,[75 77],18.0,8.0,111.0,7.0,55.0,4.0,0.0,1.0,6.0,1.0
76,139,5.0,0.0,2.0,[75 77],6.0,1.0,55.0,4.0,18.0,8.0,0.0,0.0,0.0,1.0
76,140,5.0,0.0,2.0,[75 77],0.0,1.0,18.0,8.0,6.0,1.0,0.0,0.0,0.0,0.0
76,141,5.0,0.0,2.0,[75 77],0.0,0.0,6.0,1.0,0.0,1.0,0.0,0.0,0.0,0.0
76,142,5.0,0.0,2.0,[75 77],0.0,0.0,0.0,1.0,0.0,0.0,0.0,0.0,0.0,0.0
76,143,5.0,0.0,2.0,[75 77],0.0,0.0,0.0,0.0,0.0,0.0,0.0,0.0,0.0,0.0
77,0,5.0,0.0,2.0,[46 76],1.0,0.0,0.0,0.0,0.0,0.0,0.0,0.0,1.0,2.0
77,1,5.0,0.0,2.0,[46 76],1.0,2.0,0.0,0.0,1.0,0.0,0.0,0.0,0.0,0.0
77,2,5.0,0.0,2.0,[46 76],0.0,0.0,1.0,0.0,1.0,2.0,0.0,0.0,0.0,0.0
77,3,5.0,0.0,2.0,[46 76],0.0,0.0,1.0,2.0,0.0,0.0,0.0,0.0,0.0,0.0
77,4,5.0,0.0,2.0,[46 76],0.0,0.0,0.0,0.0,0.0,0.0,0.0,0.0,0.0,0.0
77,5,5.0,0.0,2.0,[46 76],0.0,0.0,0.0,0.0,0.0,0.0,0.0,0.0,0.0,0.0
77,6,5.0,0.0,2.0,[46 76],0.0,0.0,0.0,0.0,0.0,0.0,2.0,1.0,0.0,0.0
77,7,5.0,0.0,2.0,[46 76],0.0,0.0,0.0,0.0,0.0,0.0,0.0,0.0,2.0,1.0
77,8,5.0,0.0,2.0,[46 76],2.0,1.0,0.0,0.0,0.0,0.0,0.0,0.0,0.0,0.0
77,9,5.0,0.0,2.0,[46 76],0.0,0.0,0.0,0.0,2.0,1.0,0.0,0.0,0.0,0.0
77,10,5.0,0.0,2.0,[46 76],0.0,0.0,2.0,1.0,0.0,0.0,0.0,0.0,0.0,0.0
77,11,5.0,0.0,2.0,[46 76],0.0,0.0,0.0,0.0,0.0,0.0,0.0,0.0,0.0,0.0
77,12,5.0,0.0,2.0,[46 76],0.0,0.0,0.0,0.0,0.0,0.0,1.0,1.0,0.0,0.0
77,13,5.0,0.0,2.0,[46 76],0.0,0.0,0.0,0.0,0.0,0.0,0.0,0.0,1.0,1.0
77,14,5.0,0.0,2.0,[46 76],1.0,1.0,0.0,0.0,0.0,0.0,0.0,0.0,0.0,0.0
77,15,5.0,0.0,2.0,[46 76],0.0,0.0,0.0,0.0,1.0,1.0,0.0,0.0,0.0,0.0
77,16,5.0,0.0,2.0,[46 76],0.0,0.0,1.0,1.0,0.0,0.0,0.0,1.0,0.0,0.0
77,17,5.0,0.0,2.0,[46 76],0.0,0.0,0.0,0.0,0.0,0.0,1.0,0.0,0.0,1.0
77,18,5.0,0.0,2.0,[46 76],0.0,1.0,0.0,0.0,0.0,0.0,0.0,1.0,1.0,0.0
77,19,5.0,0.0,2.0,[46 76],1.0,0.0,0.0,0.0,0.0,1.0,0.0,0.0,0.0,1.0
77,20,5.0,0.0,2.0,[46 76],0.0,1.0,0.0,1.0,1.0,0.0,0.0,0.0,0.0,0.0
77,21,5.0,0.0,2.0,[46 76],0.0,0.0,1.0,0.0,0.0,1.0,0.0,0.0,0.0,0.0
77,22,5.0,0.0,2.0,[46 76],0.0,0.0,0.0,1.0,0.0,0.0,0.0,0.0,0.0,0.0
77,23,5.0,0.0,2.0,[46 76],0.0,0.0,0.0,0.0,0.0,0.0,1.0,0.0,0.0,0.0
77,24,5.0,0.0,2.0,[46 76],0.0,0.0,0.0,0.0,0.0,0.0,0.0,1.0,1.0,0.0
77,25,5.0,0.0,2.0,[46 76],1.0,0.0,0.0,0.0,0.0,0.0,0.0,0.0,0.0,1.0
77,26,5.0,0.0,2.0,[46 76],0.0,1.0,0.0,0.0,1.0,0.0,0.0,0.0,0.0,0.0
77,27,5.0,0.0,2.0,[46 76],0.0,0.0,1.0,0.0,0.0,1.0,0.0,0.0,0.0,0.0
77,28,5.0,0.0,2.0,[46 76],0.0,0.0,0.0,1.0,0.0,0.0,0.0,0.0,0.0,0.0
77,29,5.0,0.0,2.0,[46 76],0.0,0.0,0.0,0.0,0.0,0.0,0.0,0.0,0.0,0.0
77,30,5.0,0.0,2.0,[46 76],0.0,0.0,0.0,0.0,0.0,0.0,0.0,0.0,0.0,0.0
77,31,5.0,0.0,2.0,[46 76],0.0,0.0,0.0,0.0,0.0,0.0,1.0,1.0,0.0,0.0
77,32,5.0,0.0,2.0,[46 76],0.0,0.0,0.0,0.0,0.0,0.0,0.0,0.0,1.0,1.0
77,33,5.0,0.0,2.0,[46 76],1.0,1.0,0.0,0.0,0.0,0.0,1.0,0.0,0.0,0.0
77,34,5.0,0.0,2.0,[46 76],0.0,0.0,0.0,0.0,1.0,1.0,11.0,3.0,1.0,0.0
77,35,5.0,0.0,2.0,[46 76],1.0,0.0,1.0,1.0,0.0,0.0,7.0,5.0,11.0,3.0
77,36,5.0,0.0,2.0,[46 76],11.0,3.0,0.0,0.0,1.0,0.0,3.0,6.0,7.0,5.0
77,37,5.0,0.0,2.0,[46 76],7.0,5.0,1.0,0.0,11.0,3.0,3.0,8.0,3.0,6.0
77,38,5.0,0.0,2.0,[46 76],3.0,6.0,11.0,3.0,7.0,5.0,2.0,33.0,3.0,8.0
77,39,5.0,0.0,2.0,[46 76],3.0,8.0,7.0,5.0,3.0,6.0,3.0,44.0,2.0,33.0
77,40,5.0,0.0,2.0,[46 76],2.0,33.0,3.0,6.0,3.0,8.0,11.0,43.0,3.0,44.0
77,41,5.0,0.0,2.0,[46 76],3.0,44.0,3.0,8.0,2.0,33.0,14.0,39.0,11.0,43.0
77,42,5.0,0.0,2.0,[46 76],11.0,43.0,2.0,33.0,3.0,44.0,4.0,53.0,14.0,39.0
77,43,5.0,0.0,2.0,[46 76],14.0,39.0,3.0,44.0,11.0,43.0,12.0,97.0,4.0,53.0
77,44,5.0,0.0,2.0,[46 76],4.0,53.0,11.0,43.0,14.0,39.0,11.0,180.0,12.0,97.0
77,45,5.0,0.0,2.0,[46 76],12.0,97.0,14.0,39.0,4.0,53.0,24.0,373.0,11.0,180.0
77,46,5.0,0.0,2.0,[46 76],11.0,180.0,4.0,53.0,12.0,97.0,16.0,453.0,24.0,373.0
77,47,5.0,0.0,2.0,[46 76],24.0,373.0,12.0,97.0,11.0,180.0,26.0,797.0,16.0,453.0
77,48,5.0,0.0,2.0,[46 76],16.0,453.0,11.0,180.0,24.0,373.0,25.0,966.0,26.0,797.0
77,49,5.0,0.0,2.0,[46 76],26.0,797.0,24.0,373.0,16.0,453.0,26.0,595.0,25.0,966.0
77,50,5.0,0.0,2.0,[46 76],25.0,966.0,16.0,453.0,26.0,797.0,19.0,1107.0,26.0,595.0
77,51,5.0,0.0,2.0,[46 76],26.0,595.0,26.0,797.0,25.0,966.0,15.0,1280.0,19.0,1107.0
77,52,5.0,0.0,2.0,[46 76],19.0,1107.0,25.0,966.0,26.0,595.0,25.0,878.0,15.0,1280.0
77,53,5.0,0.0,2.0,[46 76],15.0,1280.0,26.0,595.0,19.0,1107.0,24.0,549.0,25.0,878.0
77,54,5.0,0.0,2.0,[46 76],25.0,878.0,19.0,1107.0,15.0,1280.0,21.0,601.0,24.0,549.0
77,55,5.0,0.0,2.0,[46 76],24.0,549.0,15.0,1280.0,25.0,878.0,37.0,398.0,21.0,601.0
77,56,5.0,0.0,2.0,[46 76],21.0,601.0,25.0,878.0,24.0,549.0,31.0,255.0,37.0,398.0
77,57,5.0,0.0,2.0,[46 76],37.0,398.0,24.0,549.0,21.0,601.0,41.0,255.0,31.0,255.0
77,58,5.0,0.0,2.0,[46 76],31.0,255.0,21.0,601.0,37.0,398.0,25.0,212.0,41.0,255.0
77,59,5.0,0.0,2.0,[46 76],41.0,255.0,37.0,398.0,31.0,255.0,37.0,156.0,25.0,212.0
77,60,5.0,0.0,2.0,[46 76],25.0,212.0,31.0,255.0,41.0,255.0,30.0,118.0,37.0,156.0
77,61,5.0,0.0,2.0,[46 76],37.0,156.0,41.0,255.0,25.0,212.0,46.0,144.0,30.0,118.0
77,62,5.0,0.0,2.0,[46 76],30.0,118.0,25.0,212.0,37.0,156.0,43.0,140.0,46.0,144.0
77,63,5.0,0.0,2.0,[46 76],46.0,144.0,37.0,156.0,30.0,118.0,43.0,135.0,43.0,140.0
77,64,5.0,0.0,2.0,[46 76],43.0,140.0,30.0,118.0,46.0,144.0,51.0,131.0,43.0,135.0
77,65,5.0,0.0,2.0,[46 76],43.0,135.0,46.0,144.0,43.0,140.0,38.0,104.0,51.0,131.0
77,66,5.0,0.0,2.0,[46 76],51.0,131.0,43.0,140.0,43.0,135.0,51.0,133.0,38.0,104.0
77,67,5.0,0.0,2.0,[46 76],38.0,104.0,43.0,135.0,51.0,131.0,52.0,121.0,51.0,133.0
77,68,5.0,0.0,2.0,[46 76],51.0,133.0,51.0,131.0,38.0,104.0,54.0,141.0,52.0,121.0
77,69,5.0,0.0,2.0,[46 76],52.0,121.0,38.0,104.0,51.0,133.0,47.0,137.0,54.0,141.0
77,70,5.0,0.0,2.0,[46 76],54.0,141.0,51.0,133.0,52.0,121.0,58.0,126.0,47.0,137.0
77,71,5.0,0.0,2.0,[46 76],47.0,137.0,52.0,121.0,54.0,141.0,66.0,104.0,58.0,126.0
77,72,5.0,0.0,2.0,[46 76],58.0,126.0,54.0,141.0,47.0,137.0,68.0,110.0,66.0,104.0
77,73,5.0,0.0,2.0,[46 76],66.0,104.0,47.0,137.0,58.0,126.0,61.0,136.0,68.0,110.0
77,74,5.0,0.0,2.0,[46 76],68.0,110.0,58.0,126.0,66.0,104.0,70.0,122.0,61.0,136.0
77,75,5.0,0.0,2.0,[46 76],61.0,136.0,66.0,104.0,68.0,110.0,59.0,127.0,70.0,122.0
77,76,5.0,0.0,2.0,[46 76],70.0,122.0,68.0,110.0,61.0,136.0,72.0,106.0,59.0,127.0
77,77,5.0,0.0,2.0,[46 76],59.0,127.0,61.0,136.0,70.0,122.0,72.0,141.0,72.0,106.0
77,78,5.0,0.0,2.0,[46 76],72.0,106.0,70.0,122.0,59.0,127.0,90.0,97.0,72.0,141.0
77,79,5.0,0.0,2.0,[46 76],72.0,141.0,59.0,127.0,72.0,106.0,82.0,131.0,90.0,97.0
77,80,5.0,0.0,2.0,[46 76],90.0,97.0,72.0,106.0,72.0,141.0,77.0,136.0,82.0,131.0
77,81,5.0,0.0,2.0,[46 76],82.0,131.0,72.0,141.0,90.0,97.0,98.0,93.0,77.0,136.0
77,82,5.0,0.0,2.0,[46 76],77.0,136.0,90.0,97.0,82.0,131.0,82.0,108.0,98.0,93.0
77,83,5.0,0.0,2.0,[46 76],98.0,93.0,82.0,131.0,77.0,136.0,96.0,105.0,82.0,108.0
77,84,5.0,0.0,2.0,[46 76],82.0,108.0,77.0,136.0,98.0,93.0,80.0,86.0,96.0,105.0
77,85,5.0,0.0,2.0,[46 76],96.0,105.0,98.0,93.0,82.0,108.0,84.0,87.0,80.0,86.0
77,86,5.0,0.0,2.0,[46 76],80.0,86.0,82.0,108.0,96.0,105.0,90.0,101.0,84.0,87.0
77,87,5.0,0.0,2.0,[46 76],84.0,87.0,96.0,105.0,80.0,86.0,92.0,87.0,90.0,101.0
77,88,5.0,0.0,2.0,[46 76],90.0,101.0,80.0,86.0,84.0,87.0,86.0,105.0,92.0,87.0
77,89,5.0,0.0,2.0,[46 76],92.0,87.0,84.0,87.0,90.0,101.0,107.0,104.0,86.0,105.0
77,90,5.0,0.0,2.0,[46 76],86.0,105.0,90.0,101.0,92.0,87.0,134.0,127.0,107.0,104.0
77,91,5.0,0.0,2.0,[46 76],107.0,104.0,92.0,87.0,86.0,105.0,125.0,70.0,134.0,127.0
77,92,5.0,0.0,2.0,[46 76],134.0,127.0,86.0,105.0,107.0,104.0,98.0,104.0,125.0,70.0
77,93,5.0,0.0,2.0,[46 76],125.0,70.0,107.0,104.0,134.0,127.0,95.0,115.0,98.0,104.0
77,94,5.0,0.0,2.0,[46 76],98.0,104.0,134.0,127.0,125.0,70.0,118.0,96.0,95.0,115.0
77,95,5.0,0.0,2.0,[46 76],95.0,115.0,125.0,70.0,98.0,104.0,114.0,77.0,118.0,96.0
77,96,5.0,0.0,2.0,[46 76],118.0,96.0,98.0,104.0,95.0,115.0,128.0,72.0,114.0,77.0
77,97,5.0,0.0,2.0,[46 76],114.0,77.0,95.0,115.0,118.0,96.0,147.0,120.0,128.0,72.0
77,98,5.0,0.0,2.0,[46 76],128.0,72.0,118.0,96.0,114.0,77.0,177.0,80.0,147.0,120.0
77,99,5.0,0.0,2.0,[46 76],147.0,120.0,114.0,77.0,128.0,72.0,163.0,124.0,177.0,80.0
77,100,5.0,0.0,2.0,[46 76],177.0,80.0,128.0,72.0,147.0,120.0,302.0,102.0,163.0,124.0
77,101,5.0,0.0,2.0,[46 76],163.0,124.0,147.0,120.0,177.0,80.0,443.0,136.0,302.0,102.0
77,102,5.0,0.0,2.0,[46 76],302.0,102.0,177.0,80.0,163.0,124.0,327.0,157.0,443.0,136.0
77,103,5.0,0.0,2.0,[46 76],443.0,136.0,163.0,124.0,302.0,102.0,470.0,204.0,327.0,157.0
77,104,5.0,0.0,2.0,[46 76],327.0,157.0,302.0,102.0,443.0,136.0,865.0,208.0,470.0,204.0
77,105,5.0,0.0,2.0,[46 76],470.0,204.0,443.0,136.0,327.0,157.0,566.0,204.0,865.0,208.0
77,106,5.0,0.0,2.0,[46 76],865.0,208.0,327.0,157.0,470.0,204.0,541.0,294.0,566.0,204.0
77,107,5.0,0.0,2.0,[46 76],566.0,204.0,470.0,204.0,865.0,208.0,722.0,219.0,541.0,294.0
77,108,5.0,0.0,2.0,[46 76],541.0,294.0,865.0,208.0,566.0,204.0,546.0,183.0,722.0,219.0
77,109,5.0,0.0,2.0,[46 76],722.0,219.0,566.0,204.0,541.0,294.0,417.0,187.0,546.0,183.0
77,110,5.0,0.0,2.0,[46 76],546.0,183.0,541.0,294.0,722.0,219.0,347.0,175.0,417.0,187.0
77,111,5.0,0.0,2.0,[46 76],417.0,187.0,722.0,219.0,546.0,183.0,308.0,172.0,347.0,175.0
77,112,5.0,0.0,2.0,[46 76],347.0,175.0,546.0,183.0,417.0,187.0,261.0,98.0,308.0,172.0
77,113,5.0,0.0,2.0,[46 76],308.0,172.0,417.0,187.0,347.0,175.0,291.0,66.0,261.0,98.0
77,114,5.0,0.0,2.0,[46 76],261.0,98.0,347.0,175.0,308.0,172.0,287.0,66.0,291.0,66.0
77,115,5.0,0.0,2.0,[46 76],291.0,66.0,308.0,172.0,261.0,98.0,238.0,86.0,287.0,66.0
77,116,5.0,0.0,2.0,[46 76],287.0,66.0,261.0,98.0,291.0,66.0,273.0,56.0,238.0,86.0
77,117,5.0,0.0,2.0,[46 76],238.0,86.0,291.0,66.0,287.0,66.0,256.0,64.0,273.0,56.0
77,118,5.0,0.0,2.0,[46 76],273.0,56.0,287.0,66.0,238.0,86.0,254.0,69.0,256.0,64.0
77,119,5.0,0.0,2.0,[46 76],256.0,64.0,238.0,86.0,273.0,56.0,284.0,35.0,254.0,69.0
77,120,5.0,0.0,2.0,[46 76],254.0,69.0,273.0,56.0,256.0,64.0,265.0,59.0,284.0,35.0
77,121,5.0,0.0,2.0,[46 76],284.0,35.0,256.0,64.0,254.0,69.0,199.0,42.0,265.0,59.0
77,122,5.0,0.0,2.0,[46 76],265.0,59.0,254.0,69.0,284.0,35.0,280.0,34.0,199.0,42.0
77,123,5.0,0.0,2.0,[46 76],199.0,42.0,284.0,35.0,265.0,59.0,199.0,21.0,280.0,34.0
77,124,5.0,0.0,2.0,[46 76],280.0,34.0,265.0,59.0,199.0,42.0,252.0,20.0,199.0,21.0
77,125,5.0,0.0,2.0,[46 76],199.0,21.0,199.0,42.0,280.0,34.0,327.0,21.0,252.0,20.0
77,126,5.0,0.0,2.0,[46 76],252.0,20.0,280.0,34.0,199.0,21.0,239.0,11.0,327.0,21.0
77,127,5.0,0.0,2.0,[46 76],327.0,21.0,199.0,21.0,252.0,20.0,289.0,12.0,239.0,11.0
77,128,5.0,0.0,2.0,[46 76],239.0,11.0,252.0,20.0,327.0,21.0,289.0,19.0,289.0,12.0
77,129,5.0,0.0,2.0,[46 76],289.0,12.0,327.0,21.0,239.0,11.0,196.0,17.0,289.0,19.0
77,130,5.0,0.0,2.0,[46 76],289.0,19.0,239.0,11.0,289.0,12.0,338.0,15.0,196.0,17.0
77,131,5.0,0.0,2.0,[46 76],196.0,17.0,289.0,12.0,289.0,19.0,418.0,2.0,338.0,15.0
77,132,5.0,0.0,2.0,[46 76],338.0,15.0,289.0,19.0,196.0,17.0,197.0,8.0,418.0,2.0
77,133,5.0,0.0,2.0,[46 76],418.0,2.0,196.0,17.0,338.0,15.0,122.0,15.0,197.0,8.0
77,134,5.0,0.0,2.0,[46 76],197.0,8.0,338.0,15.0,418.0,2.0,95.0,5.0,122.0,15.0
77,135,5.0,0.0,2.0,[46 76],122.0,15.0,418.0,2.0,197.0,8.0,55.0,5.0,95.0,5.0
77,136,5.0,0.0,2.0,[46 76],95.0,5.0,197.0,8.0,122.0,15.0,46.0,3.0,55.0,5.0
77,137,5.0,0.0,2.0,[46 76],55.0,5.0,122.0,15.0,95.0,5.0,12.0,1.0,46.0,3.0
77,138,5.0,0.0,2.0,[46 76],46.0,3.0,95.0,5.0,55.0,5.0,2.0,1.0,12.0,1.0
77,139,5.0,0.0,2.0,[46 76],12.0,1.0,55.0,5.0,46.0,3.0,0.0,0.0,2.0,1.0
77,140,5.0,0.0,2.0,[46 76],2.0,1.0,46.0,3.0,12.0,1.0,0.0,0.0,0.0,0.0
77,141,5.0,0.0,2.0,[46 76],0.0,0.0,12.0,1.0,2.0,1.0,0.0,0.0,0.0,0.0
77,142,5.0,0.0,2.0,[46 76],0.0,0.0,2.0,1.0,0.0,0.0,0.0,0.0,0.0,0.0
77,143,5.0,0.0,2.0,[46 76],0.0,0.0,0.0,0.0,0.0,0.0,0.0,0.0,0.0,0.0
78,0,5.0,0.0,2.0,[46 79],0.0,0.0,0.0,0.0,0.0,0.0,0.0,0.0,1.0,0.0
78,1,5.0,0.0,2.0,[46 79],1.0,0.0,0.0,0.0,0.0,0.0,0.0,0.0,0.0,0.0
78,2,5.0,0.0,2.0,[46 79],0.0,0.0,0.0,0.0,1.0,0.0,0.0,0.0,0.0,0.0
78,3,5.0,0.0,2.0,[46 79],0.0,0.0,1.0,0.0,0.0,0.0,0.0,0.0,0.0,0.0
78,4,5.0,0.0,2.0,[46 79],0.0,0.0,0.0,0.0,0.0,0.0,0.0,0.0,0.0,0.0
78,5,5.0,0.0,2.0,[46 79],0.0,0.0,0.0,0.0,0.0,0.0,0.0,0.0,0.0,0.0
78,6,5.0,0.0,2.0,[46 79],0.0,0.0,0.0,0.0,0.0,0.0,0.0,0.0,0.0,0.0
78,7,5.0,0.0,2.0,[46 79],0.0,0.0,0.0,0.0,0.0,0.0,0.0,0.0,0.0,0.0
78,8,5.0,0.0,2.0,[46 79],0.0,0.0,0.0,0.0,0.0,0.0,0.0,0.0,0.0,0.0
78,9,5.0,0.0,2.0,[46 79],0.0,0.0,0.0,0.0,0.0,0.0,0.0,0.0,0.0,0.0
78,10,5.0,0.0,2.0,[46 79],0.0,0.0,0.0,0.0,0.0,0.0,0.0,0.0,0.0,0.0
78,11,5.0,0.0,2.0,[46 79],0.0,0.0,0.0,0.0,0.0,0.0,0.0,0.0,0.0,0.0
78,12,5.0,0.0,2.0,[46 79],0.0,0.0,0.0,0.0,0.0,0.0,0.0,0.0,0.0,0.0
78,13,5.0,0.0,2.0,[46 79],0.0,0.0,0.0,0.0,0.0,0.0,0.0,0.0,0.0,0.0
78,14,5.0,0.0,2.0,[46 79],0.0,0.0,0.0,0.0,0.0,0.0,0.0,0.0,0.0,0.0
78,15,5.0,0.0,2.0,[46 79],0.0,0.0,0.0,0.0,0.0,0.0,0.0,0.0,0.0,0.0
78,16,5.0,0.0,2.0,[46 79],0.0,0.0,0.0,0.0,0.0,0.0,0.0,0.0,0.0,0.0
78,17,5.0,0.0,2.0,[46 79],0.0,0.0,0.0,0.0,0.0,0.0,0.0,0.0,0.0,0.0
78,18,5.0,0.0,2.0,[46 79],0.0,0.0,0.0,0.0,0.0,0.0,0.0,0.0,0.0,0.0
78,19,5.0,0.0,2.0,[46 79],0.0,0.0,0.0,0.0,0.0,0.0,0.0,0.0,0.0,0.0
78,20,5.0,0.0,2.0,[46 79],0.0,0.0,0.0,0.0,0.0,0.0,0.0,0.0,0.0,0.0
78,21,5.0,0.0,2.0,[46 79],0.0,0.0,0.0,0.0,0.0,0.0,0.0,0.0,0.0,0.0
78,22,5.0,0.0,2.0,[46 79],0.0,0.0,0.0,0.0,0.0,0.0,0.0,0.0,0.0,0.0
78,23,5.0,0.0,2.0,[46 79],0.0,0.0,0.0,0.0,0.0,0.0,0.0,0.0,0.0,0.0
78,24,5.0,0.0,2.0,[46 79],0.0,0.0,0.0,0.0,0.0,0.0,0.0,0.0,0.0,0.0
78,25,5.0,0.0,2.0,[46 79],0.0,0.0,0.0,0.0,0.0,0.0,0.0,0.0,0.0,0.0
78,26,5.0,0.0,2.0,[46 79],0.0,0.0,0.0,0.0,0.0,0.0,0.0,0.0,0.0,0.0
78,27,5.0,0.0,2.0,[46 79],0.0,0.0,0.0,0.0,0.0,0.0,0.0,0.0,0.0,0.0
78,28,5.0,0.0,2.0,[46 79],0.0,0.0,0.0,0.0,0.0,0.0,0.0,0.0,0.0,0.0
78,29,5.0,0.0,2.0,[46 79],0.0,0.0,0.0,0.0,0.0,0.0,0.0,0.0,0.0,0.0
78,30,5.0,0.0,2.0,[46 79],0.0,0.0,0.0,0.0,0.0,0.0,0.0,0.0,0.0,0.0
78,31,5.0,0.0,2.0,[46 79],0.0,0.0,0.0,0.0,0.0,0.0,0.0,0.0,0.0,0.0
78,32,5.0,0.0,2.0,[46 79],0.0,0.0,0.0,0.0,0.0,0.0,4.0,0.0,0.0,0.0
78,33,5.0,0.0,2.0,[46 79],0.0,0.0,0.0,0.0,0.0,0.0,7.0,1.0,4.0,0.0
78,34,5.0,0.0,2.0,[46 79],4.0,0.0,0.0,0.0,0.0,0.0,20.0,1.0,7.0,1.0
78,35,5.0,0.0,2.0,[46 79],7.0,1.0,0.0,0.0,4.0,0.0,16.0,1.0,20.0,1.0
78,36,5.0,0.0,2.0,[46 79],20.0,1.0,4.0,0.0,7.0,1.0,19.0,4.0,16.0,1.0
78,37,5.0,0.0,2.0,[46 79],16.0,1.0,7.0,1.0,20.0,1.0,25.0,23.0,19.0,4.0
78,38,5.0,0.0,2.0,[46 79],19.0,4.0,20.0,1.0,16.0,1.0,43.0,6.0,25.0,23.0
78,39,5.0,0.0,2.0,[46 79],25.0,23.0,16.0,1.0,19.0,4.0,60.0,41.0,43.0,6.0
78,40,5.0,0.0,2.0,[46 79],43.0,6.0,19.0,4.0,25.0,23.0,87.0,65.0,60.0,41.0
78,41,5.0,0.0,2.0,[46 79],60.0,41.0,25.0,23.0,43.0,6.0,92.0,31.0,87.0,65.0
78,42,5.0,0.0,2.0,[46 79],87.0,65.0,43.0,6.0,60.0,41.0,132.0,64.0,92.0,31.0
78,43,5.0,0.0,2.0,[46 79],92.0,31.0,60.0,41.0,87.0,65.0,163.0,119.0,132.0,64.0
78,44,5.0,0.0,2.0,[46 79],132.0,64.0,87.0,65.0,92.0,31.0,236.0,149.0,163.0,119.0
78,45,5.0,0.0,2.0,[46 79],163.0,119.0,92.0,31.0,132.0,64.0,319.0,176.0,236.0,149.0
78,46,5.0,0.0,2.0,[46 79],236.0,149.0,132.0,64.0,163.0,119.0,410.0,367.0,319.0,176.0
78,47,5.0,0.0,2.0,[46 79],319.0,176.0,163.0,119.0,236.0,149.0,322.0,599.0,410.0,367.0
78,48,5.0,0.0,2.0,[46 79],410.0,367.0,236.0,149.0,319.0,176.0,333.0,588.0,322.0,599.0
78,49,5.0,0.0,2.0,[46 79],322.0,599.0,319.0,176.0,410.0,367.0,372.0,494.0,333.0,588.0
78,50,5.0,0.0,2.0,[46 79],333.0,588.0,410.0,367.0,322.0,599.0,343.0,673.0,372.0,494.0
78,51,5.0,0.0,2.0,[46 79],372.0,494.0,322.0,599.0,333.0,588.0,236.0,651.0,343.0,673.0
78,52,5.0,0.0,2.0,[46 79],343.0,673.0,333.0,588.0,372.0,494.0,207.0,335.0,236.0,651.0
78,53,5.0,0.0,2.0,[46 79],236.0,651.0,372.0,494.0,343.0,673.0,169.0,316.0,207.0,335.0
78,54,5.0,0.0,2.0,[46 79],207.0,335.0,343.0,673.0,236.0,651.0,115.0,242.0,169.0,316.0
78,55,5.0,0.0,2.0,[46 79],169.0,316.0,236.0,651.0,207.0,335.0,161.0,186.0,115.0,242.0
78,56,5.0,0.0,2.0,[46 79],115.0,242.0,207.0,335.0,169.0,316.0,129.0,174.0,161.0,186.0
78,57,5.0,0.0,2.0,[46 79],161.0,186.0,169.0,316.0,115.0,242.0,83.0,123.0,129.0,174.0
78,58,5.0,0.0,2.0,[46 79],129.0,174.0,115.0,242.0,161.0,186.0,87.0,203.0,83.0,123.0
78,59,5.0,0.0,2.0,[46 79],83.0,123.0,161.0,186.0,129.0,174.0,92.0,75.0,87.0,203.0
78,60,5.0,0.0,2.0,[46 79],87.0,203.0,129.0,174.0,83.0,123.0,87.0,119.0,92.0,75.0
78,61,5.0,0.0,2.0,[46 79],92.0,75.0,83.0,123.0,87.0,203.0,73.0,117.0,87.0,119.0
78,62,5.0,0.0,2.0,[46 79],87.0,119.0,87.0,203.0,92.0,75.0,92.0,132.0,73.0,117.0
78,63,5.0,0.0,2.0,[46 79],73.0,117.0,92.0,75.0,87.0,119.0,68.0,133.0,92.0,132.0
78,64,5.0,0.0,2.0,[46 79],92.0,132.0,87.0,119.0,73.0,117.0,54.0,97.0,68.0,133.0
78,65,5.0,0.0,2.0,[46 79],68.0,133.0,73.0,117.0,92.0,132.0,88.0,89.0,54.0,97.0
78,66,5.0,0.0,2.0,[46 79],54.0,97.0,92.0,132.0,68.0,133.0,72.0,103.0,88.0,89.0
78,67,5.0,0.0,2.0,[46 79],88.0,89.0,68.0,133.0,54.0,97.0,84.0,119.0,72.0,103.0
78,68,5.0,0.0,2.0,[46 79],72.0,103.0,54.0,97.0,88.0,89.0,85.0,110.0,84.0,119.0
78,69,5.0,0.0,2.0,[46 79],84.0,119.0,88.0,89.0,72.0,103.0,62.0,113.0,85.0,110.0
78,70,5.0,0.0,2.0,[46 79],85.0,110.0,72.0,103.0,84.0,119.0,113.0,117.0,62.0,113.0
78,71,5.0,0.0,2.0,[46 79],62.0,113.0,84.0,119.0,85.0,110.0,107.0,86.0,113.0,117.0
78,72,5.0,0.0,2.0,[46 79],113.0,117.0,85.0,110.0,62.0,113.0,89.0,121.0,107.0,86.0
78,73,5.0,0.0,2.0,[46 79],107.0,86.0,62.0,113.0,113.0,117.0,87.0,128.0,89.0,121.0
78,74,5.0,0.0,2.0,[46 79],89.0,121.0,113.0,117.0,107.0,86.0,98.0,87.0,87.0,128.0
78,75,5.0,0.0,2.0,[46 79],87.0,128.0,107.0,86.0,89.0,121.0,111.0,147.0,98.0,87.0
78,76,5.0,0.0,2.0,[46 79],98.0,87.0,89.0,121.0,87.0,128.0,108.0,105.0,111.0,147.0
78,77,5.0,0.0,2.0,[46 79],111.0,147.0,87.0,128.0,98.0,87.0,117.0,116.0,108.0,105.0
78,78,5.0,0.0,2.0,[46 79],108.0,105.0,98.0,87.0,111.0,147.0,94.0,122.0,117.0,116.0
78,79,5.0,0.0,2.0,[46 79],117.0,116.0,111.0,147.0,108.0,105.0,110.0,129.0,94.0,122.0
78,80,5.0,0.0,2.0,[46 79],94.0,122.0,108.0,105.0,117.0,116.0,87.0,120.0,110.0,129.0
78,81,5.0,0.0,2.0,[46 79],110.0,129.0,117.0,116.0,94.0,122.0,92.0,137.0,87.0,120.0
78,82,5.0,0.0,2.0,[46 79],87.0,120.0,94.0,122.0,110.0,129.0,93.0,123.0,92.0,137.0
78,83,5.0,0.0,2.0,[46 79],92.0,137.0,110.0,129.0,87.0,120.0,109.0,143.0,93.0,123.0
78,84,5.0,0.0,2.0,[46 79],93.0,123.0,87.0,120.0,92.0,137.0,130.0,127.0,109.0,143.0
78,85,5.0,0.0,2.0,[46 79],109.0,143.0,92.0,137.0,93.0,123.0,140.0,101.0,130.0,127.0
78,86,5.0,0.0,2.0,[46 79],130.0,127.0,93.0,123.0,109.0,143.0,111.0,126.0,140.0,101.0
78,87,5.0,0.0,2.0,[46 79],140.0,101.0,109.0,143.0,130.0,127.0,110.0,114.0,111.0,126.0
78,88,5.0,0.0,2.0,[46 79],111.0,126.0,130.0,127.0,140.0,101.0,129.0,108.0,110.0,114.0
78,89,5.0,0.0,2.0,[46 79],110.0,114.0,140.0,101.0,111.0,126.0,130.0,133.0,129.0,108.0
78,90,5.0,0.0,2.0,[46 79],129.0,108.0,111.0,126.0,110.0,114.0,177.0,135.0,130.0,133.0
78,91,5.0,0.0,2.0,[46 79],130.0,133.0,110.0,114.0,129.0,108.0,147.0,132.0,177.0,135.0
78,92,5.0,0.0,2.0,[46 79],177.0,135.0,129.0,108.0,130.0,133.0,136.0,169.0,147.0,132.0
78,93,5.0,0.0,2.0,[46 79],147.0,132.0,130.0,133.0,177.0,135.0,146.0,139.0,136.0,169.0
78,94,5.0,0.0,2.0,[46 79],136.0,169.0,177.0,135.0,147.0,132.0,149.0,143.0,146.0,139.0
78,95,5.0,0.0,2.0,[46 79],146.0,139.0,147.0,132.0,136.0,169.0,163.0,123.0,149.0,143.0
78,96,5.0,0.0,2.0,[46 79],149.0,143.0,136.0,169.0,146.0,139.0,172.0,167.0,163.0,123.0
78,97,5.0,0.0,2.0,[46 79],163.0,123.0,146.0,139.0,149.0,143.0,204.0,162.0,172.0,167.0
78,98,5.0,0.0,2.0,[46 79],172.0,167.0,149.0,143.0,163.0,123.0,162.0,149.0,204.0,162.0
78,99,5.0,0.0,2.0,[46 79],204.0,162.0,163.0,123.0,172.0,167.0,178.0,164.0,162.0,149.0
78,100,5.0,0.0,2.0,[46 79],162.0,149.0,172.0,167.0,204.0,162.0,251.0,183.0,178.0,164.0
78,101,5.0,0.0,2.0,[46 79],178.0,164.0,204.0,162.0,162.0,149.0,410.0,193.0,251.0,183.0
78,102,5.0,0.0,2.0,[46 79],251.0,183.0,162.0,149.0,178.0,164.0,378.0,348.0,410.0,193.0
78,103,5.0,0.0,2.0,[46 79],410.0,193.0,178.0,164.0,251.0,183.0,321.0,345.0,378.0,348.0
78,104,5.0,0.0,2.0,[46 79],378.0,348.0,251.0,183.0,410.0,193.0,503.0,423.0,321.0,345.0
78,105,5.0,0.0,2.0,[46 79],321.0,345.0,410.0,193.0,378.0,348.0,408.0,360.0,503.0,423.0
78,106,5.0,0.0,2.0,[46 79],503.0,423.0,378.0,348.0,321.0,345.0,370.0,442.0,408.0,360.0
78,107,5.0,0.0,2.0,[46 79],408.0,360.0,321.0,345.0,503.0,423.0,438.0,409.0,370.0,442.0
78,108,5.0,0.0,2.0,[46 79],370.0,442.0,503.0,423.0,408.0,360.0,428.0,471.0,438.0,409.0
78,109,5.0,0.0,2.0,[46 79],438.0,409.0,408.0,360.0,370.0,442.0,276.0,343.0,428.0,471.0
78,110,5.0,0.0,2.0,[46 79],428.0,471.0,370.0,442.0,438.0,409.0,295.0,362.0,276.0,343.0
78,111,5.0,0.0,2.0,[46 79],276.0,343.0,438.0,409.0,428.0,471.0,214.0,311.0,295.0,362.0
78,112,5.0,0.0,2.0,[46 79],295.0,362.0,428.0,471.0,276.0,343.0,198.0,249.0,214.0,311.0
78,113,5.0,0.0,2.0,[46 79],214.0,311.0,276.0,343.0,295.0,362.0,220.0,226.0,198.0,249.0
78,114,5.0,0.0,2.0,[46 79],198.0,249.0,295.0,362.0,214.0,311.0,198.0,215.0,220.0,226.0
78,115,5.0,0.0,2.0,[46 79],220.0,226.0,214.0,311.0,198.0,249.0,185.0,189.0,198.0,215.0
78,116,5.0,0.0,2.0,[46 79],198.0,215.0,198.0,249.0,220.0,226.0,214.0,183.0,185.0,189.0
78,117,5.0,0.0,2.0,[46 79],185.0,189.0,220.0,226.0,198.0,215.0,190.0,153.0,214.0,183.0
78,118,5.0,0.0,2.0,[46 79],214.0,183.0,198.0,215.0,185.0,189.0,221.0,135.0,190.0,153.0
78,119,5.0,0.0,2.0,[46 79],190.0,153.0,185.0,189.0,214.0,183.0,251.0,92.0,221.0,135.0
78,120,5.0,0.0,2.0,[46 79],221.0,135.0,214.0,183.0,190.0,153.0,205.0,160.0,251.0,92.0
78,121,5.0,0.0,2.0,[46 79],251.0,92.0,190.0,153.0,221.0,135.0,230.0,135.0,205.0,160.0
78,122,5.0,0.0,2.0,[46 79],205.0,160.0,221.0,135.0,251.0,92.0,316.0,156.0,230.0,135.0
78,123,5.0,0.0,2.0,[46 79],230.0,135.0,251.0,92.0,205.0,160.0,242.0,109.0,316.0,156.0
78,124,5.0,0.0,2.0,[46 79],316.0,156.0,205.0,160.0,230.0,135.0,210.0,90.0,242.0,109.0
78,125,5.0,0.0,2.0,[46 79],242.0,109.0,230.0,135.0,316.0,156.0,228.0,110.0,210.0,90.0
78,126,5.0,0.0,2.0,[46 79],210.0,90.0,316.0,156.0,242.0,109.0,223.0,178.0,228.0,110.0
78,127,5.0,0.0,2.0,[46 79],228.0,110.0,242.0,109.0,210.0,90.0,189.0,134.0,223.0,178.0
78,128,5.0,0.0,2.0,[46 79],223.0,178.0,210.0,90.0,228.0,110.0,193.0,69.0,189.0,134.0
78,129,5.0,0.0,2.0,[46 79],189.0,134.0,228.0,110.0,223.0,178.0,137.0,145.0,193.0,69.0
78,130,5.0,0.0,2.0,[46 79],193.0,69.0,223.0,178.0,189.0,134.0,156.0,81.0,137.0,145.0
78,131,5.0,0.0,2.0,[46 79],137.0,145.0,189.0,134.0,193.0,69.0,135.0,48.0,156.0,81.0
78,132,5.0,0.0,2.0,[46 79],156.0,81.0,193.0,69.0,137.0,145.0,133.0,138.0,135.0,48.0
78,133,5.0,0.0,2.0,[46 79],135.0,48.0,137.0,145.0,156.0,81.0,130.0,99.0,133.0,138.0
78,134,5.0,0.0,2.0,[46 79],133.0,138.0,156.0,81.0,135.0,48.0,108.0,67.0,130.0,99.0
78,135,5.0,0.0,2.0,[46 79],130.0,99.0,135.0,48.0,133.0,138.0,63.0,67.0,108.0,67.0
78,136,5.0,0.0,2.0,[46 79],108.0,67.0,133.0,138.0,130.0,99.0,13.0,52.0,63.0,67.0
78,137,5.0,0.0,2.0,[46 79],63.0,67.0,130.0,99.0,108.0,67.0,13.0,23.0,13.0,52.0
78,138,5.0,0.0,2.0,[46 79],13.0,52.0,108.0,67.0,63.0,67.0,1.0,21.0,13.0,23.0
78,139,5.0,0.0,2.0,[46 79],13.0,23.0,63.0,67.0,13.0,52.0,0.0,0.0,1.0,21.0
78,140,5.0,0.0,2.0,[46 79],1.0,21.0,13.0,52.0,13.0,23.0,0.0,0.0,0.0,0.0
78,141,5.0,0.0,2.0,[46 79],0.0,0.0,13.0,23.0,1.0,21.0,0.0,0.0,0.0,0.0
78,142,5.0,0.0,2.0,[46 79],0.0,0.0,1.0,21.0,0.0,0.0,0.0,0.0,0.0,0.0
78,143,5.0,0.0,2.0,[46 79],0.0,0.0,0.0,0.0,0.0,0.0,0.0,0.0,0.0,0.0
79,0,5.0,0.0,2.0,[78 80],0.0,0.0,0.0,0.0,0.0,0.0,0.0,0.0,0.0,0.0
79,1,5.0,0.0,2.0,[78 80],0.0,0.0,0.0,0.0,0.0,0.0,0.0,0.0,0.0,0.0
79,2,5.0,0.0,2.0,[78 80],0.0,0.0,0.0,0.0,0.0,0.0,0.0,0.0,0.0,0.0
79,3,5.0,0.0,2.0,[78 80],0.0,0.0,0.0,0.0,0.0,0.0,0.0,0.0,0.0,0.0
79,4,5.0,0.0,2.0,[78 80],0.0,0.0,0.0,0.0,0.0,0.0,1.0,0.0,0.0,0.0
79,5,5.0,0.0,2.0,[78 80],0.0,0.0,0.0,0.0,0.0,0.0,0.0,0.0,1.0,0.0
79,6,5.0,0.0,2.0,[78 80],1.0,0.0,0.0,0.0,0.0,0.0,0.0,0.0,0.0,0.0
79,7,5.0,0.0,2.0,[78 80],0.0,0.0,0.0,0.0,1.0,0.0,0.0,1.0,0.0,0.0
79,8,5.0,0.0,2.0,[78 80],0.0,0.0,1.0,0.0,0.0,0.0,0.0,0.0,0.0,1.0
79,9,5.0,0.0,2.0,[78 80],0.0,1.0,0.0,0.0,0.0,0.0,0.0,0.0,0.0,0.0
79,10,5.0,0.0,2.0,[78 80],0.0,0.0,0.0,0.0,0.0,1.0,0.0,0.0,0.0,0.0
79,11,5.0,0.0,2.0,[78 80],0.0,0.0,0.0,1.0,0.0,0.0,0.0,0.0,0.0,0.0
79,12,5.0,0.0,2.0,[78 80],0.0,0.0,0.0,0.0,0.0,0.0,0.0,0.0,0.0,0.0
79,13,5.0,0.0,2.0,[78 80],0.0,0.0,0.0,0.0,0.0,0.0,0.0,0.0,0.0,0.0
79,14,5.0,0.0,2.0,[78 80],0.0,0.0,0.0,0.0,0.0,0.0,0.0,0.0,0.0,0.0
79,15,5.0,0.0,2.0,[78 80],0.0,0.0,0.0,0.0,0.0,0.0,0.0,0.0,0.0,0.0
79,16,5.0,0.0,2.0,[78 80],0.0,0.0,0.0,0.0,0.0,0.0,0.0,0.0,0.0,0.0
79,17,5.0,0.0,2.0,[78 80],0.0,0.0,0.0,0.0,0.0,0.0,0.0,0.0,0.0,0.0
79,18,5.0,0.0,2.0,[78 80],0.0,0.0,0.0,0.0,0.0,0.0,0.0,0.0,0.0,0.0
79,19,5.0,0.0,2.0,[78 80],0.0,0.0,0.0,0.0,0.0,0.0,0.0,0.0,0.0,0.0
79,20,5.0,0.0,2.0,[78 80],0.0,0.0,0.0,0.0,0.0,0.0,0.0,0.0,0.0,0.0
79,21,5.0,0.0,2.0,[78 80],0.0,0.0,0.0,0.0,0.0,0.0,0.0,0.0,0.0,0.0
79,22,5.0,0.0,2.0,[78 80],0.0,0.0,0.0,0.0,0.0,0.0,0.0,0.0,0.0,0.0
79,23,5.0,0.0,2.0,[78 80],0.0,0.0,0.0,0.0,0.0,0.0,0.0,0.0,0.0,0.0
79,24,5.0,0.0,2.0,[78 80],0.0,0.0,0.0,0.0,0.0,0.0,0.0,0.0,0.0,0.0
79,25,5.0,0.0,2.0,[78 80],0.0,0.0,0.0,0.0,0.0,0.0,0.0,0.0,0.0,0.0
79,26,5.0,0.0,2.0,[78 80],0.0,0.0,0.0,0.0,0.0,0.0,0.0,0.0,0.0,0.0
79,27,5.0,0.0,2.0,[78 80],0.0,0.0,0.0,0.0,0.0,0.0,0.0,0.0,0.0,0.0
79,28,5.0,0.0,2.0,[78 80],0.0,0.0,0.0,0.0,0.0,0.0,0.0,0.0,0.0,0.0
79,29,5.0,0.0,2.0,[78 80],0.0,0.0,0.0,0.0,0.0,0.0,0.0,0.0,0.0,0.0
79,30,5.0,0.0,2.0,[78 80],0.0,0.0,0.0,0.0,0.0,0.0,0.0,0.0,0.0,0.0
79,31,5.0,0.0,2.0,[78 80],0.0,0.0,0.0,0.0,0.0,0.0,0.0,0.0,0.0,0.0
79,32,5.0,0.0,2.0,[78 80],0.0,0.0,0.0,0.0,0.0,0.0,0.0,0.0,0.0,0.0
79,33,5.0,0.0,2.0,[78 80],0.0,0.0,0.0,0.0,0.0,0.0,7.0,0.0,0.0,0.0
79,34,5.0,0.0,2.0,[78 80],0.0,0.0,0.0,0.0,0.0,0.0,2.0,0.0,7.0,0.0
79,35,5.0,0.0,2.0,[78 80],7.0,0.0,0.0,0.0,0.0,0.0,7.0,3.0,2.0,0.0
79,36,5.0,0.0,2.0,[78 80],2.0,0.0,0.0,0.0,7.0,0.0,5.0,16.0,7.0,3.0
79,37,5.0,0.0,2.0,[78 80],7.0,3.0,7.0,0.0,2.0,0.0,12.0,27.0,5.0,16.0
79,38,5.0,0.0,2.0,[78 80],5.0,16.0,2.0,0.0,7.0,3.0,20.0,37.0,12.0,27.0
79,39,5.0,0.0,2.0,[78 80],12.0,27.0,7.0,3.0,5.0,16.0,20.0,29.0,20.0,37.0
79,40,5.0,0.0,2.0,[78 80],20.0,37.0,5.0,16.0,12.0,27.0,32.0,25.0,20.0,29.0
79,41,5.0,0.0,2.0,[78 80],20.0,29.0,12.0,27.0,20.0,37.0,44.0,23.0,32.0,25.0
79,42,5.0,0.0,2.0,[78 80],32.0,25.0,20.0,37.0,20.0,29.0,57.0,61.0,44.0,23.0
79,43,5.0,0.0,2.0,[78 80],44.0,23.0,20.0,29.0,32.0,25.0,73.0,73.0,57.0,61.0
79,44,5.0,0.0,2.0,[78 80],57.0,61.0,32.0,25.0,44.0,23.0,112.0,82.0,73.0,73.0
79,45,5.0,0.0,2.0,[78 80],73.0,73.0,44.0,23.0,57.0,61.0,132.0,70.0,112.0,82.0
79,46,5.0,0.0,2.0,[78 80],112.0,82.0,57.0,61.0,73.0,73.0,156.0,103.0,132.0,70.0
79,47,5.0,0.0,2.0,[78 80],132.0,70.0,73.0,73.0,112.0,82.0,160.0,147.0,156.0,103.0
79,48,5.0,0.0,2.0,[78 80],156.0,103.0,112.0,82.0,132.0,70.0,155.0,158.0,160.0,147.0
79,49,5.0,0.0,2.0,[78 80],160.0,147.0,132.0,70.0,156.0,103.0,184.0,97.0,155.0,158.0
79,50,5.0,0.0,2.0,[78 80],155.0,158.0,156.0,103.0,160.0,147.0,149.0,236.0,184.0,97.0
79,51,5.0,0.0,2.0,[78 80],184.0,97.0,160.0,147.0,155.0,158.0,105.0,165.0,149.0,236.0
79,52,5.0,0.0,2.0,[78 80],149.0,236.0,155.0,158.0,184.0,97.0,89.0,120.0,105.0,165.0
79,53,5.0,0.0,2.0,[78 80],105.0,165.0,184.0,97.0,149.0,236.0,58.0,141.0,89.0,120.0
79,54,5.0,0.0,2.0,[78 80],89.0,120.0,149.0,236.0,105.0,165.0,47.0,93.0,58.0,141.0
79,55,5.0,0.0,2.0,[78 80],58.0,141.0,105.0,165.0,89.0,120.0,53.0,116.0,47.0,93.0
79,56,5.0,0.0,2.0,[78 80],47.0,93.0,89.0,120.0,58.0,141.0,41.0,47.0,53.0,116.0
79,57,5.0,0.0,2.0,[78 80],53.0,116.0,58.0,141.0,47.0,93.0,31.0,59.0,41.0,47.0
79,58,5.0,0.0,2.0,[78 80],41.0,47.0,47.0,93.0,53.0,116.0,33.0,103.0,31.0,59.0
79,59,5.0,0.0,2.0,[78 80],31.0,59.0,53.0,116.0,41.0,47.0,62.0,62.0,33.0,103.0
79,60,5.0,0.0,2.0,[78 80],33.0,103.0,41.0,47.0,31.0,59.0,40.0,53.0,62.0,62.0
79,61,5.0,0.0,2.0,[78 80],62.0,62.0,31.0,59.0,33.0,103.0,38.0,49.0,40.0,53.0
79,62,5.0,0.0,2.0,[78 80],40.0,53.0,33.0,103.0,62.0,62.0,33.0,53.0,38.0,49.0
79,63,5.0,0.0,2.0,[78 80],38.0,49.0,62.0,62.0,40.0,53.0,50.0,62.0,33.0,53.0
79,64,5.0,0.0,2.0,[78 80],33.0,53.0,40.0,53.0,38.0,49.0,52.0,45.0,50.0,62.0
79,65,5.0,0.0,2.0,[78 80],50.0,62.0,38.0,49.0,33.0,53.0,30.0,38.0,52.0,45.0
79,66,5.0,0.0,2.0,[78 80],52.0,45.0,33.0,53.0,50.0,62.0,33.0,34.0,30.0,38.0
79,67,5.0,0.0,2.0,[78 80],30.0,38.0,50.0,62.0,52.0,45.0,61.0,29.0,33.0,34.0
79,68,5.0,0.0,2.0,[78 80],33.0,34.0,52.0,45.0,30.0,38.0,44.0,38.0,61.0,29.0
79,69,5.0,0.0,2.0,[78 80],61.0,29.0,30.0,38.0,33.0,34.0,31.0,39.0,44.0,38.0
79,70,5.0,0.0,2.0,[78 80],44.0,38.0,33.0,34.0,61.0,29.0,45.0,29.0,31.0,39.0
79,71,5.0,0.0,2.0,[78 80],31.0,39.0,61.0,29.0,44.0,38.0,63.0,36.0,45.0,29.0
79,72,5.0,0.0,2.0,[78 80],45.0,29.0,44.0,38.0,31.0,39.0,46.0,41.0,63.0,36.0
79,73,5.0,0.0,2.0,[78 80],63.0,36.0,31.0,39.0,45.0,29.0,51.0,44.0,46.0,41.0
79,74,5.0,0.0,2.0,[78 80],46.0,41.0,45.0,29.0,63.0,36.0,58.0,36.0,51.0,44.0
79,75,5.0,0.0,2.0,[78 80],51.0,44.0,63.0,36.0,46.0,41.0,39.0,59.0,58.0,36.0
79,76,5.0,0.0,2.0,[78 80],58.0,36.0,46.0,41.0,51.0,44.0,69.0,43.0,39.0,59.0
79,77,5.0,0.0,2.0,[78 80],39.0,59.0,51.0,44.0,58.0,36.0,49.0,57.0,69.0,43.0
79,78,5.0,0.0,2.0,[78 80],69.0,43.0,58.0,36.0,39.0,59.0,45.0,51.0,49.0,57.0
79,79,5.0,0.0,2.0,[78 80],49.0,57.0,39.0,59.0,69.0,43.0,41.0,60.0,45.0,51.0
79,80,5.0,0.0,2.0,[78 80],45.0,51.0,69.0,43.0,49.0,57.0,60.0,50.0,41.0,60.0
79,81,5.0,0.0,2.0,[78 80],41.0,60.0,49.0,57.0,45.0,51.0,48.0,59.0,60.0,50.0
79,82,5.0,0.0,2.0,[78 80],60.0,50.0,45.0,51.0,41.0,60.0,54.0,26.0,48.0,59.0
79,83,5.0,0.0,2.0,[78 80],48.0,59.0,41.0,60.0,60.0,50.0,51.0,67.0,54.0,26.0
79,84,5.0,0.0,2.0,[78 80],54.0,26.0,60.0,50.0,48.0,59.0,42.0,52.0,51.0,67.0
79,85,5.0,0.0,2.0,[78 80],51.0,67.0,48.0,59.0,54.0,26.0,61.0,41.0,42.0,52.0
79,86,5.0,0.0,2.0,[78 80],42.0,52.0,54.0,26.0,51.0,67.0,57.0,38.0,61.0,41.0
79,87,5.0,0.0,2.0,[78 80],61.0,41.0,51.0,67.0,42.0,52.0,74.0,52.0,57.0,38.0
79,88,5.0,0.0,2.0,[78 80],57.0,38.0,42.0,52.0,61.0,41.0,56.0,44.0,74.0,52.0
79,89,5.0,0.0,2.0,[78 80],74.0,52.0,61.0,41.0,57.0,38.0,57.0,54.0,56.0,44.0
79,90,5.0,0.0,2.0,[78 80],56.0,44.0,57.0,38.0,74.0,52.0,62.0,60.0,57.0,54.0
79,91,5.0,0.0,2.0,[78 80],57.0,54.0,74.0,52.0,56.0,44.0,71.0,49.0,62.0,60.0
79,92,5.0,0.0,2.0,[78 80],62.0,60.0,56.0,44.0,57.0,54.0,41.0,49.0,71.0,49.0
79,93,5.0,0.0,2.0,[78 80],71.0,49.0,57.0,54.0,62.0,60.0,88.0,50.0,41.0,49.0
79,94,5.0,0.0,2.0,[78 80],41.0,49.0,62.0,60.0,71.0,49.0,85.0,48.0,88.0,50.0
79,95,5.0,0.0,2.0,[78 80],88.0,50.0,71.0,49.0,41.0,49.0,56.0,39.0,85.0,48.0
79,96,5.0,0.0,2.0,[78 80],85.0,48.0,41.0,49.0,88.0,50.0,80.0,65.0,56.0,39.0
79,97,5.0,0.0,2.0,[78 80],56.0,39.0,88.0,50.0,85.0,48.0,63.0,58.0,80.0,65.0
79,98,5.0,0.0,2.0,[78 80],80.0,65.0,85.0,48.0,56.0,39.0,78.0,61.0,63.0,58.0
79,99,5.0,0.0,2.0,[78 80],63.0,58.0,56.0,39.0,80.0,65.0,99.0,42.0,78.0,61.0
79,100,5.0,0.0,2.0,[78 80],78.0,61.0,80.0,65.0,63.0,58.0,129.0,54.0,99.0,42.0
79,101,5.0,0.0,2.0,[78 80],99.0,42.0,63.0,58.0,78.0,61.0,178.0,64.0,129.0,54.0
79,102,5.0,0.0,2.0,[78 80],129.0,54.0,78.0,61.0,99.0,42.0,167.0,82.0,178.0,64.0
79,103,5.0,0.0,2.0,[78 80],178.0,64.0,99.0,42.0,129.0,54.0,151.0,100.0,167.0,82.0
79,104,5.0,0.0,2.0,[78 80],167.0,82.0,129.0,54.0,178.0,64.0,212.0,99.0,151.0,100.0
79,105,5.0,0.0,2.0,[78 80],151.0,100.0,178.0,64.0,167.0,82.0,150.0,116.0,212.0,99.0
79,106,5.0,0.0,2.0,[78 80],212.0,99.0,167.0,82.0,151.0,100.0,135.0,104.0,150.0,116.0
79,107,5.0,0.0,2.0,[78 80],150.0,116.0,151.0,100.0,212.0,99.0,148.0,134.0,135.0,104.0
79,108,5.0,0.0,2.0,[78 80],135.0,104.0,212.0,99.0,150.0,116.0,119.0,124.0,148.0,134.0
79,109,5.0,0.0,2.0,[78 80],148.0,134.0,150.0,116.0,135.0,104.0,81.0,96.0,119.0,124.0
79,110,5.0,0.0,2.0,[78 80],119.0,124.0,135.0,104.0,148.0,134.0,112.0,90.0,81.0,96.0
79,111,5.0,0.0,2.0,[78 80],81.0,96.0,148.0,134.0,119.0,124.0,69.0,87.0,112.0,90.0
79,112,5.0,0.0,2.0,[78 80],112.0,90.0,119.0,124.0,81.0,96.0,78.0,71.0,69.0,87.0
79,113,5.0,0.0,2.0,[78 80],69.0,87.0,81.0,96.0,112.0,90.0,53.0,57.0,78.0,71.0
79,114,5.0,0.0,2.0,[78 80],78.0,71.0,112.0,90.0,69.0,87.0,62.0,80.0,53.0,57.0
79,115,5.0,0.0,2.0,[78 80],53.0,57.0,69.0,87.0,78.0,71.0,46.0,58.0,62.0,80.0
79,116,5.0,0.0,2.0,[78 80],62.0,80.0,78.0,71.0,53.0,57.0,30.0,56.0,46.0,58.0
79,117,5.0,0.0,2.0,[78 80],46.0,58.0,53.0,57.0,62.0,80.0,25.0,42.0,30.0,56.0
79,118,5.0,0.0,2.0,[78 80],30.0,56.0,62.0,80.0,46.0,58.0,22.0,56.0,25.0,42.0
79,119,5.0,0.0,2.0,[78 80],25.0,42.0,46.0,58.0,30.0,56.0,33.0,44.0,22.0,56.0
79,120,5.0,0.0,2.0,[78 80],22.0,56.0,30.0,56.0,25.0,42.0,27.0,39.0,33.0,44.0
79,121,5.0,0.0,2.0,[78 80],33.0,44.0,25.0,42.0,22.0,56.0,30.0,56.0,27.0,39.0
79,122,5.0,0.0,2.0,[78 80],27.0,39.0,22.0,56.0,33.0,44.0,25.0,61.0,30.0,56.0
79,123,5.0,0.0,2.0,[78 80],30.0,56.0,33.0,44.0,27.0,39.0,26.0,44.0,25.0,61.0
79,124,5.0,0.0,2.0,[78 80],25.0,61.0,27.0,39.0,30.0,56.0,40.0,49.0,26.0,44.0
79,125,5.0,0.0,2.0,[78 80],26.0,44.0,30.0,56.0,25.0,61.0,22.0,28.0,40.0,49.0
79,126,5.0,0.0,2.0,[78 80],40.0,49.0,25.0,61.0,26.0,44.0,35.0,50.0,22.0,28.0
79,127,5.0,0.0,2.0,[78 80],22.0,28.0,26.0,44.0,40.0,49.0,19.0,43.0,35.0,50.0
79,128,5.0,0.0,2.0,[78 80],35.0,50.0,40.0,49.0,22.0,28.0,37.0,36.0,19.0,43.0
79,129,5.0,0.0,2.0,[78 80],19.0,43.0,22.0,28.0,35.0,50.0,13.0,51.0,37.0,36.0
79,130,5.0,0.0,2.0,[78 80],37.0,36.0,35.0,50.0,19.0,43.0,22.0,28.0,13.0,51.0
79,131,5.0,0.0,2.0,[78 80],13.0,51.0,19.0,43.0,37.0,36.0,15.0,43.0,22.0,28.0
79,132,5.0,0.0,2.0,[78 80],22.0,28.0,37.0,36.0,13.0,51.0,17.0,41.0,15.0,43.0
79,133,5.0,0.0,2.0,[78 80],15.0,43.0,13.0,51.0,22.0,28.0,12.0,41.0,17.0,41.0
79,134,5.0,0.0,2.0,[78 80],17.0,41.0,22.0,28.0,15.0,43.0,16.0,34.0,12.0,41.0
79,135,5.0,0.0,2.0,[78 80],12.0,41.0,15.0,43.0,17.0,41.0,6.0,22.0,16.0,34.0
79,136,5.0,0.0,2.0,[78 80],16.0,34.0,17.0,41.0,12.0,41.0,4.0,17.0,6.0,22.0
79,137,5.0,0.0,2.0,[78 80],6.0,22.0,12.0,41.0,16.0,34.0,1.0,2.0,4.0,17.0
79,138,5.0,0.0,2.0,[78 80],4.0,17.0,16.0,34.0,6.0,22.0,1.0,10.0,1.0,2.0
79,139,5.0,0.0,2.0,[78 80],1.0,2.0,6.0,22.0,4.0,17.0,0.0,1.0,1.0,10.0
79,140,5.0,0.0,2.0,[78 80],1.0,10.0,4.0,17.0,1.0,2.0,0.0,0.0,0.0,1.0
79,141,5.0,0.0,2.0,[78 80],0.0,1.0,1.0,2.0,1.0,10.0,0.0,0.0,0.0,0.0
79,142,5.0,0.0,2.0,[78 80],0.0,0.0,1.0,10.0,0.0,1.0,0.0,0.0,0.0,0.0
79,143,5.0,0.0,2.0,[78 80],0.0,0.0,0.0,1.0,0.0,0.0,0.0,0.0,0.0,0.0
80,0,5.0,0.0,2.0,[15 79],0.0,2.0,0.0,0.0,0.0,0.0,0.0,0.0,0.0,0.0
80,1,5.0,0.0,2.0,[15 79],0.0,0.0,0.0,0.0,0.0,2.0,0.0,1.0,0.0,0.0
80,2,5.0,0.0,2.0,[15 79],0.0,0.0,0.0,2.0,0.0,0.0,0.0,0.0,0.0,1.0
80,3,5.0,0.0,2.0,[15 79],0.0,1.0,0.0,0.0,0.0,0.0,0.0,0.0,0.0,0.0
80,4,5.0,0.0,2.0,[15 79],0.0,0.0,0.0,0.0,0.0,1.0,0.0,0.0,0.0,0.0
80,5,5.0,0.0,2.0,[15 79],0.0,0.0,0.0,1.0,0.0,0.0,0.0,0.0,0.0,0.0
80,6,5.0,0.0,2.0,[15 79],0.0,0.0,0.0,0.0,0.0,0.0,0.0,0.0,0.0,0.0
80,7,5.0,0.0,2.0,[15 79],0.0,0.0,0.0,0.0,0.0,0.0,0.0,0.0,0.0,0.0
80,8,5.0,0.0,2.0,[15 79],0.0,0.0,0.0,0.0,0.0,0.0,1.0,0.0,0.0,0.0
80,9,5.0,0.0,2.0,[15 79],0.0,0.0,0.0,0.0,0.0,0.0,0.0,1.0,1.0,0.0
80,10,5.0,0.0,2.0,[15 79],1.0,0.0,0.0,0.0,0.0,0.0,0.0,0.0,0.0,1.0
80,11,5.0,0.0,2.0,[15 79],0.0,1.0,0.0,0.0,1.0,0.0,0.0,0.0,0.0,0.0
80,12,5.0,0.0,2.0,[15 79],0.0,0.0,1.0,0.0,0.0,1.0,2.0,0.0,0.0,0.0
80,13,5.0,0.0,2.0,[15 79],0.0,0.0,0.0,1.0,0.0,0.0,1.0,1.0,2.0,0.0
80,14,5.0,0.0,2.0,[15 79],2.0,0.0,0.0,0.0,0.0,0.0,0.0,0.0,1.0,1.0
80,15,5.0,0.0,2.0,[15 79],1.0,1.0,0.0,0.0,2.0,0.0,0.0,0.0,0.0,0.0
80,16,5.0,0.0,2.0,[15 79],0.0,0.0,2.0,0.0,1.0,1.0,0.0,0.0,0.0,0.0
80,17,5.0,0.0,2.0,[15 79],0.0,0.0,1.0,1.0,0.0,0.0,0.0,0.0,0.0,0.0
80,18,5.0,0.0,2.0,[15 79],0.0,0.0,0.0,0.0,0.0,0.0,0.0,0.0,0.0,0.0
80,19,5.0,0.0,2.0,[15 79],0.0,0.0,0.0,0.0,0.0,0.0,0.0,0.0,0.0,0.0
80,20,5.0,0.0,2.0,[15 79],0.0,0.0,0.0,0.0,0.0,0.0,0.0,0.0,0.0,0.0
80,21,5.0,0.0,2.0,[15 79],0.0,0.0,0.0,0.0,0.0,0.0,0.0,0.0,0.0,0.0
80,22,5.0,0.0,2.0,[15 79],0.0,0.0,0.0,0.0,0.0,0.0,0.0,0.0,0.0,0.0
80,23,5.0,0.0,2.0,[15 79],0.0,0.0,0.0,0.0,0.0,0.0,1.0,0.0,0.0,0.0
80,24,5.0,0.0,2.0,[15 79],0.0,0.0,0.0,0.0,0.0,0.0,0.0,0.0,1.0,0.0
80,25,5.0,0.0,2.0,[15 79],1.0,0.0,0.0,0.0,0.0,0.0,0.0,0.0,0.0,0.0
80,26,5.0,0.0,2.0,[15 79],0.0,0.0,0.0,0.0,1.0,0.0,0.0,1.0,0.0,0.0
80,27,5.0,0.0,2.0,[15 79],0.0,0.0,1.0,0.0,0.0,0.0,0.0,0.0,0.0,1.0
80,28,5.0,0.0,2.0,[15 79],0.0,1.0,0.0,0.0,0.0,0.0,0.0,0.0,0.0,0.0
80,29,5.0,0.0,2.0,[15 79],0.0,0.0,0.0,0.0,0.0,1.0,0.0,0.0,0.0,0.0
80,30,5.0,0.0,2.0,[15 79],0.0,0.0,0.0,1.0,0.0,0.0,0.0,0.0,0.0,0.0
80,31,5.0,0.0,2.0,[15 79],0.0,0.0,0.0,0.0,0.0,0.0,1.0,0.0,0.0,0.0
80,32,5.0,0.0,2.0,[15 79],0.0,0.0,0.0,0.0,0.0,0.0,0.0,0.0,1.0,0.0
80,33,5.0,0.0,2.0,[15 79],1.0,0.0,0.0,0.0,0.0,0.0,1.0,0.0,0.0,0.0
80,34,5.0,0.0,2.0,[15 79],0.0,0.0,0.0,0.0,1.0,0.0,5.0,1.0,1.0,0.0
80,35,5.0,0.0,2.0,[15 79],1.0,0.0,1.0,0.0,0.0,0.0,3.0,1.0,5.0,1.0
80,36,5.0,0.0,2.0,[15 79],5.0,1.0,0.0,0.0,1.0,0.0,14.0,2.0,3.0,1.0
80,37,5.0,0.0,2.0,[15 79],3.0,1.0,1.0,0.0,5.0,1.0,15.0,4.0,14.0,2.0
80,38,5.0,0.0,2.0,[15 79],14.0,2.0,5.0,1.0,3.0,1.0,13.0,1.0,15.0,4.0
80,39,5.0,0.0,2.0,[15 79],15.0,4.0,3.0,1.0,14.0,2.0,31.0,9.0,13.0,1.0
80,40,5.0,0.0,2.0,[15 79],13.0,1.0,14.0,2.0,15.0,4.0,30.0,3.0,31.0,9.0
80,41,5.0,0.0,2.0,[15 79],31.0,9.0,15.0,4.0,13.0,1.0,66.0,5.0,30.0,3.0
80,42,5.0,0.0,2.0,[15 79],30.0,3.0,13.0,1.0,31.0,9.0,99.0,16.0,66.0,5.0
80,43,5.0,0.0,2.0,[15 79],66.0,5.0,31.0,9.0,30.0,3.0,130.0,15.0,99.0,16.0
80,44,5.0,0.0,2.0,[15 79],99.0,16.0,30.0,3.0,66.0,5.0,196.0,24.0,130.0,15.0
80,45,5.0,0.0,2.0,[15 79],130.0,15.0,66.0,5.0,99.0,16.0,199.0,31.0,196.0,24.0
80,46,5.0,0.0,2.0,[15 79],196.0,24.0,99.0,16.0,130.0,15.0,305.0,72.0,199.0,31.0
80,47,5.0,0.0,2.0,[15 79],199.0,31.0,130.0,15.0,196.0,24.0,304.0,92.0,305.0,72.0
80,48,5.0,0.0,2.0,[15 79],305.0,72.0,196.0,24.0,199.0,31.0,267.0,117.0,304.0,92.0
80,49,5.0,0.0,2.0,[15 79],304.0,92.0,199.0,31.0,305.0,72.0,338.0,116.0,267.0,117.0
80,50,5.0,0.0,2.0,[15 79],267.0,117.0,305.0,72.0,304.0,92.0,280.0,123.0,338.0,116.0
80,51,5.0,0.0,2.0,[15 79],338.0,116.0,304.0,92.0,267.0,117.0,132.0,100.0,280.0,123.0
80,52,5.0,0.0,2.0,[15 79],280.0,123.0,267.0,117.0,338.0,116.0,112.0,68.0,132.0,100.0
80,53,5.0,0.0,2.0,[15 79],132.0,100.0,338.0,116.0,280.0,123.0,108.0,49.0,112.0,68.0
80,54,5.0,0.0,2.0,[15 79],112.0,68.0,280.0,123.0,132.0,100.0,64.0,33.0,108.0,49.0
80,55,5.0,0.0,2.0,[15 79],108.0,49.0,132.0,100.0,112.0,68.0,57.0,30.0,64.0,33.0
80,56,5.0,0.0,2.0,[15 79],64.0,33.0,112.0,68.0,108.0,49.0,48.0,38.0,57.0,30.0
80,57,5.0,0.0,2.0,[15 79],57.0,30.0,108.0,49.0,64.0,33.0,52.0,27.0,48.0,38.0
80,58,5.0,0.0,2.0,[15 79],48.0,38.0,64.0,33.0,57.0,30.0,47.0,45.0,52.0,27.0
80,59,5.0,0.0,2.0,[15 79],52.0,27.0,57.0,30.0,48.0,38.0,31.0,20.0,47.0,45.0
80,60,5.0,0.0,2.0,[15 79],47.0,45.0,48.0,38.0,52.0,27.0,40.0,14.0,31.0,20.0
80,61,5.0,0.0,2.0,[15 79],31.0,20.0,52.0,27.0,47.0,45.0,38.0,23.0,40.0,14.0
80,62,5.0,0.0,2.0,[15 79],40.0,14.0,47.0,45.0,31.0,20.0,24.0,18.0,38.0,23.0
80,63,5.0,0.0,2.0,[15 79],38.0,23.0,31.0,20.0,40.0,14.0,26.0,32.0,24.0,18.0
80,64,5.0,0.0,2.0,[15 79],24.0,18.0,40.0,14.0,38.0,23.0,21.0,22.0,26.0,32.0
80,65,5.0,0.0,2.0,[15 79],26.0,32.0,38.0,23.0,24.0,18.0,29.0,19.0,21.0,22.0
80,66,5.0,0.0,2.0,[15 79],21.0,22.0,24.0,18.0,26.0,32.0,34.0,10.0,29.0,19.0
80,67,5.0,0.0,2.0,[15 79],29.0,19.0,26.0,32.0,21.0,22.0,30.0,24.0,34.0,10.0
80,68,5.0,0.0,2.0,[15 79],34.0,10.0,21.0,22.0,29.0,19.0,16.0,24.0,30.0,24.0
80,69,5.0,0.0,2.0,[15 79],30.0,24.0,29.0,19.0,34.0,10.0,30.0,26.0,16.0,24.0
80,70,5.0,0.0,2.0,[15 79],16.0,24.0,34.0,10.0,30.0,24.0,24.0,22.0,30.0,26.0
80,71,5.0,0.0,2.0,[15 79],30.0,26.0,30.0,24.0,16.0,24.0,29.0,17.0,24.0,22.0
80,72,5.0,0.0,2.0,[15 79],24.0,22.0,16.0,24.0,30.0,26.0,28.0,22.0,29.0,17.0
80,73,5.0,0.0,2.0,[15 79],29.0,17.0,30.0,26.0,24.0,22.0,27.0,23.0,28.0,22.0
80,74,5.0,0.0,2.0,[15 79],28.0,22.0,24.0,22.0,29.0,17.0,29.0,27.0,27.0,23.0
80,75,5.0,0.0,2.0,[15 79],27.0,23.0,29.0,17.0,28.0,22.0,31.0,30.0,29.0,27.0
80,76,5.0,0.0,2.0,[15 79],29.0,27.0,28.0,22.0,27.0,23.0,23.0,13.0,31.0,30.0
80,77,5.0,0.0,2.0,[15 79],31.0,30.0,27.0,23.0,29.0,27.0,28.0,22.0,23.0,13.0
80,78,5.0,0.0,2.0,[15 79],23.0,13.0,29.0,27.0,31.0,30.0,24.0,15.0,28.0,22.0
80,79,5.0,0.0,2.0,[15 79],28.0,22.0,31.0,30.0,23.0,13.0,31.0,19.0,24.0,15.0
80,80,5.0,0.0,2.0,[15 79],24.0,15.0,23.0,13.0,28.0,22.0,23.0,17.0,31.0,19.0
80,81,5.0,0.0,2.0,[15 79],31.0,19.0,28.0,22.0,24.0,15.0,27.0,25.0,23.0,17.0
80,82,5.0,0.0,2.0,[15 79],23.0,17.0,24.0,15.0,31.0,19.0,25.0,25.0,27.0,25.0
80,83,5.0,0.0,2.0,[15 79],27.0,25.0,31.0,19.0,23.0,17.0,25.0,26.0,25.0,25.0
80,84,5.0,0.0,2.0,[15 79],25.0,25.0,23.0,17.0,27.0,25.0,18.0,31.0,25.0,26.0
80,85,5.0,0.0,2.0,[15 79],25.0,26.0,27.0,25.0,25.0,25.0,33.0,40.0,18.0,31.0
80,86,5.0,0.0,2.0,[15 79],18.0,31.0,25.0,25.0,25.0,26.0,32.0,28.0,33.0,40.0
80,87,5.0,0.0,2.0,[15 79],33.0,40.0,25.0,26.0,18.0,31.0,38.0,21.0,32.0,28.0
80,88,5.0,0.0,2.0,[15 79],32.0,28.0,18.0,31.0,33.0,40.0,19.0,27.0,38.0,21.0
80,89,5.0,0.0,2.0,[15 79],38.0,21.0,33.0,40.0,32.0,28.0,34.0,25.0,19.0,27.0
80,90,5.0,0.0,2.0,[15 79],19.0,27.0,32.0,28.0,38.0,21.0,41.0,15.0,34.0,25.0
80,91,5.0,0.0,2.0,[15 79],34.0,25.0,38.0,21.0,19.0,27.0,31.0,26.0,41.0,15.0
80,92,5.0,0.0,2.0,[15 79],41.0,15.0,19.0,27.0,34.0,25.0,28.0,26.0,31.0,26.0
80,93,5.0,0.0,2.0,[15 79],31.0,26.0,34.0,25.0,41.0,15.0,38.0,51.0,28.0,26.0
80,94,5.0,0.0,2.0,[15 79],28.0,26.0,41.0,15.0,31.0,26.0,38.0,41.0,38.0,51.0
80,95,5.0,0.0,2.0,[15 79],38.0,51.0,31.0,26.0,28.0,26.0,29.0,37.0,38.0,41.0
80,96,5.0,0.0,2.0,[15 79],38.0,41.0,28.0,26.0,38.0,51.0,40.0,44.0,29.0,37.0
80,97,5.0,0.0,2.0,[15 79],29.0,37.0,38.0,51.0,38.0,41.0,34.0,42.0,40.0,44.0
80,98,5.0,0.0,2.0,[15 79],40.0,44.0,38.0,41.0,29.0,37.0,21.0,49.0,34.0,42.0
80,99,5.0,0.0,2.0,[15 79],34.0,42.0,29.0,37.0,40.0,44.0,45.0,52.0,21.0,49.0
80,100,5.0,0.0,2.0,[15 79],21.0,49.0,40.0,44.0,34.0,42.0,30.0,54.0,45.0,52.0
80,101,5.0,0.0,2.0,[15 79],45.0,52.0,34.0,42.0,21.0,49.0,67.0,58.0,30.0,54.0
80,102,5.0,0.0,2.0,[15 79],30.0,54.0,21.0,49.0,45.0,52.0,52.0,83.0,67.0,58.0
80,103,5.0,0.0,2.0,[15 79],67.0,58.0,45.0,52.0,30.0,54.0,54.0,131.0,52.0,83.0
80,104,5.0,0.0,2.0,[15 79],52.0,83.0,30.0,54.0,67.0,58.0,89.0,113.0,54.0,131.0
80,105,5.0,0.0,2.0,[15 79],54.0,131.0,67.0,58.0,52.0,83.0,92.0,149.0,89.0,113.0
80,106,5.0,0.0,2.0,[15 79],89.0,113.0,52.0,83.0,54.0,131.0,89.0,201.0,92.0,149.0
80,107,5.0,0.0,2.0,[15 79],92.0,149.0,54.0,131.0,89.0,113.0,100.0,128.0,89.0,201.0
80,108,5.0,0.0,2.0,[15 79],89.0,201.0,89.0,113.0,92.0,149.0,48.0,149.0,100.0,128.0
80,109,5.0,0.0,2.0,[15 79],100.0,128.0,92.0,149.0,89.0,201.0,46.0,153.0,48.0,149.0
80,110,5.0,0.0,2.0,[15 79],48.0,149.0,89.0,201.0,100.0,128.0,39.0,137.0,46.0,153.0
80,111,5.0,0.0,2.0,[15 79],46.0,153.0,100.0,128.0,48.0,149.0,34.0,91.0,39.0,137.0
80,112,5.0,0.0,2.0,[15 79],39.0,137.0,48.0,149.0,46.0,153.0,48.0,89.0,34.0,91.0
80,113,5.0,0.0,2.0,[15 79],34.0,91.0,46.0,153.0,39.0,137.0,42.0,81.0,48.0,89.0
80,114,5.0,0.0,2.0,[15 79],48.0,89.0,39.0,137.0,34.0,91.0,41.0,82.0,42.0,81.0
80,115,5.0,0.0,2.0,[15 79],42.0,81.0,34.0,91.0,48.0,89.0,27.0,88.0,41.0,82.0
80,116,5.0,0.0,2.0,[15 79],41.0,82.0,48.0,89.0,42.0,81.0,41.0,48.0,27.0,88.0
80,117,5.0,0.0,2.0,[15 79],27.0,88.0,42.0,81.0,41.0,82.0,29.0,49.0,41.0,48.0
80,118,5.0,0.0,2.0,[15 79],41.0,48.0,41.0,82.0,27.0,88.0,39.0,83.0,29.0,49.0
80,119,5.0,0.0,2.0,[15 79],29.0,49.0,27.0,88.0,41.0,48.0,46.0,49.0,39.0,83.0
80,120,5.0,0.0,2.0,[15 79],39.0,83.0,41.0,48.0,29.0,49.0,40.0,42.0,46.0,49.0
80,121,5.0,0.0,2.0,[15 79],46.0,49.0,29.0,49.0,39.0,83.0,57.0,62.0,40.0,42.0
80,122,5.0,0.0,2.0,[15 79],40.0,42.0,39.0,83.0,46.0,49.0,28.0,53.0,57.0,62.0
80,123,5.0,0.0,2.0,[15 79],57.0,62.0,46.0,49.0,40.0,42.0,33.0,64.0,28.0,53.0
80,124,5.0,0.0,2.0,[15 79],28.0,53.0,40.0,42.0,57.0,62.0,24.0,84.0,33.0,64.0
80,125,5.0,0.0,2.0,[15 79],33.0,64.0,57.0,62.0,28.0,53.0,16.0,49.0,24.0,84.0
80,126,5.0,0.0,2.0,[15 79],24.0,84.0,28.0,53.0,33.0,64.0,17.0,66.0,16.0,49.0
80,127,5.0,0.0,2.0,[15 79],16.0,49.0,33.0,64.0,24.0,84.0,16.0,27.0,17.0,66.0
80,128,5.0,0.0,2.0,[15 79],17.0,66.0,24.0,84.0,16.0,49.0,19.0,47.0,16.0,27.0
80,129,5.0,0.0,2.0,[15 79],16.0,27.0,16.0,49.0,17.0,66.0,19.0,43.0,19.0,47.0
80,130,5.0,0.0,2.0,[15 79],19.0,47.0,17.0,66.0,16.0,27.0,16.0,50.0,19.0,43.0
80,131,5.0,0.0,2.0,[15 79],19.0,43.0,16.0,27.0,19.0,47.0,12.0,26.0,16.0,50.0
80,132,5.0,0.0,2.0,[15 79],16.0,50.0,19.0,47.0,19.0,43.0,14.0,58.0,12.0,26.0
80,133,5.0,0.0,2.0,[15 79],12.0,26.0,19.0,43.0,16.0,50.0,14.0,36.0,14.0,58.0
80,134,5.0,0.0,2.0,[15 79],14.0,58.0,16.0,50.0,12.0,26.0,15.0,34.0,14.0,36.0
80,135,5.0,0.0,2.0,[15 79],14.0,36.0,12.0,26.0,14.0,58.0,7.0,30.0,15.0,34.0
80,136,5.0,0.0,2.0,[15 79],15.0,34.0,14.0,58.0,14.0,36.0,2.0,10.0,7.0,30.0
80,137,5.0,0.0,2.0,[15 79],7.0,30.0,14.0,36.0,15.0,34.0,1.0,17.0,2.0,10.0
80,138,5.0,0.0,2.0,[15 79],2.0,10.0,15.0,34.0,7.0,30.0,1.0,8.0,1.0,17.0
80,139,5.0,0.0,2.0,[15 79],1.0,17.0,7.0,30.0,2.0,10.0,0.0,4.0,1.0,8.0
80,140,5.0,0.0,2.0,[15 79],1.0,8.0,2.0,10.0,1.0,17.0,0.0,0.0,0.0,4.0
80,141,5.0,0.0,2.0,[15 79],0.0,4.0,1.0,17.0,1.0,8.0,0.0,0.0,0.0,0.0
80,142,5.0,0.0,2.0,[15 79],0.0,0.0,1.0,8.0,0.0,4.0,0.0,0.0,0.0,0.0
80,143,5.0,0.0,2.0,[15 79],0.0,0.0,0.0,4.0,0.0,0.0,0.0,0.0,0.0,0.0
