stationID,now_time_cut,weekday,is_holiday,station_type,neighbor_station,inNums_now,outNums_now,inNums_before2,outNums_before2,inNums_before1,outNums_before1,inNums_after2,outNums_after2,inNums_after1,outNums_after1
0,0,2.0,0.0,1.0,[1],0.0,3.0,0.0,0.0,0.0,0.0,0.0,0.0,0.0,0.0
0,1,2.0,0.0,1.0,[1],0.0,0.0,0.0,0.0,0.0,3.0,0.0,0.0,0.0,0.0
0,2,2.0,0.0,1.0,[1],0.0,0.0,0.0,3.0,0.0,0.0,0.0,0.0,0.0,0.0
0,3,2.0,0.0,1.0,[1],0.0,0.0,0.0,0.0,0.0,0.0,0.0,0.0,0.0,0.0
0,4,2.0,0.0,1.0,[1],0.0,0.0,0.0,0.0,0.0,0.0,0.0,0.0,0.0,0.0
0,5,2.0,0.0,1.0,[1],0.0,0.0,0.0,0.0,0.0,0.0,0.0,0.0,0.0,0.0
0,6,2.0,0.0,1.0,[1],0.0,0.0,0.0,0.0,0.0,0.0,0.0,0.0,0.0,0.0
0,7,2.0,0.0,1.0,[1],0.0,0.0,0.0,0.0,0.0,0.0,0.0,0.0,0.0,0.0
0,8,2.0,0.0,1.0,[1],0.0,0.0,0.0,0.0,0.0,0.0,0.0,0.0,0.0,0.0
0,9,2.0,0.0,1.0,[1],0.0,0.0,0.0,0.0,0.0,0.0,0.0,0.0,0.0,0.0
0,10,2.0,0.0,1.0,[1],0.0,0.0,0.0,0.0,0.0,0.0,0.0,0.0,0.0,0.0
0,11,2.0,0.0,1.0,[1],0.0,0.0,0.0,0.0,0.0,0.0,0.0,0.0,0.0,0.0
0,12,2.0,0.0,1.0,[1],0.0,0.0,0.0,0.0,0.0,0.0,0.0,0.0,0.0,0.0
0,13,2.0,0.0,1.0,[1],0.0,0.0,0.0,0.0,0.0,0.0,0.0,0.0,0.0,0.0
0,14,2.0,0.0,1.0,[1],0.0,0.0,0.0,0.0,0.0,0.0,0.0,0.0,0.0,0.0
0,15,2.0,0.0,1.0,[1],0.0,0.0,0.0,0.0,0.0,0.0,0.0,0.0,0.0,0.0
0,16,2.0,0.0,1.0,[1],0.0,0.0,0.0,0.0,0.0,0.0,0.0,0.0,0.0,0.0
0,17,2.0,0.0,1.0,[1],0.0,0.0,0.0,0.0,0.0,0.0,0.0,0.0,0.0,0.0
0,18,2.0,0.0,1.0,[1],0.0,0.0,0.0,0.0,0.0,0.0,0.0,0.0,0.0,0.0
0,19,2.0,0.0,1.0,[1],0.0,0.0,0.0,0.0,0.0,0.0,0.0,0.0,0.0,0.0
0,20,2.0,0.0,1.0,[1],0.0,0.0,0.0,0.0,0.0,0.0,0.0,0.0,0.0,0.0
0,21,2.0,0.0,1.0,[1],0.0,0.0,0.0,0.0,0.0,0.0,0.0,0.0,0.0,0.0
0,22,2.0,0.0,1.0,[1],0.0,0.0,0.0,0.0,0.0,0.0,0.0,0.0,0.0,0.0
0,23,2.0,0.0,1.0,[1],0.0,0.0,0.0,0.0,0.0,0.0,0.0,0.0,0.0,0.0
0,24,2.0,0.0,1.0,[1],0.0,0.0,0.0,0.0,0.0,0.0,0.0,0.0,0.0,0.0
0,25,2.0,0.0,1.0,[1],0.0,0.0,0.0,0.0,0.0,0.0,0.0,0.0,0.0,0.0
0,26,2.0,0.0,1.0,[1],0.0,0.0,0.0,0.0,0.0,0.0,0.0,0.0,0.0,0.0
0,27,2.0,0.0,1.0,[1],0.0,0.0,0.0,0.0,0.0,0.0,0.0,0.0,0.0,0.0
0,28,2.0,0.0,1.0,[1],0.0,0.0,0.0,0.0,0.0,0.0,0.0,0.0,0.0,0.0
0,29,2.0,0.0,1.0,[1],0.0,0.0,0.0,0.0,0.0,0.0,0.0,0.0,0.0,0.0
0,30,2.0,0.0,1.0,[1],0.0,0.0,0.0,0.0,0.0,0.0,0.0,0.0,0.0,0.0
0,31,2.0,0.0,1.0,[1],0.0,0.0,0.0,0.0,0.0,0.0,7.0,0.0,0.0,0.0
0,32,2.0,0.0,1.0,[1],0.0,0.0,0.0,0.0,0.0,0.0,14.0,0.0,7.0,0.0
0,33,2.0,0.0,1.0,[1],7.0,0.0,0.0,0.0,0.0,0.0,19.0,1.0,14.0,0.0
0,34,2.0,0.0,1.0,[1],14.0,0.0,0.0,0.0,7.0,0.0,44.0,0.0,19.0,1.0
0,35,2.0,0.0,1.0,[1],19.0,1.0,7.0,0.0,14.0,0.0,35.0,0.0,44.0,0.0
0,36,2.0,0.0,1.0,[1],44.0,0.0,14.0,0.0,19.0,1.0,58.0,0.0,35.0,0.0
0,37,2.0,0.0,1.0,[1],35.0,0.0,19.0,1.0,44.0,0.0,78.0,42.0,58.0,0.0
0,38,2.0,0.0,1.0,[1],58.0,0.0,44.0,0.0,35.0,0.0,110.0,18.0,78.0,42.0
0,39,2.0,0.0,1.0,[1],78.0,42.0,35.0,0.0,58.0,0.0,156.0,15.0,110.0,18.0
0,40,2.0,0.0,1.0,[1],110.0,18.0,58.0,0.0,78.0,42.0,184.0,16.0,156.0,15.0
0,41,2.0,0.0,1.0,[1],156.0,15.0,78.0,42.0,110.0,18.0,241.0,27.0,184.0,16.0
0,42,2.0,0.0,1.0,[1],184.0,16.0,110.0,18.0,156.0,15.0,317.0,22.0,241.0,27.0
0,43,2.0,0.0,1.0,[1],241.0,27.0,156.0,15.0,184.0,16.0,370.0,40.0,317.0,22.0
0,44,2.0,0.0,1.0,[1],317.0,22.0,184.0,16.0,241.0,27.0,364.0,36.0,370.0,40.0
0,45,2.0,0.0,1.0,[1],370.0,40.0,241.0,27.0,317.0,22.0,434.0,59.0,364.0,36.0
0,46,2.0,0.0,1.0,[1],364.0,36.0,317.0,22.0,370.0,40.0,439.0,57.0,434.0,59.0
0,47,2.0,0.0,1.0,[1],434.0,59.0,370.0,40.0,364.0,36.0,438.0,78.0,439.0,57.0
0,48,2.0,0.0,1.0,[1],439.0,57.0,364.0,36.0,434.0,59.0,519.0,160.0,438.0,78.0
0,49,2.0,0.0,1.0,[1],438.0,78.0,434.0,59.0,439.0,57.0,474.0,279.0,519.0,160.0
0,50,2.0,0.0,1.0,[1],519.0,160.0,439.0,57.0,438.0,78.0,357.0,230.0,474.0,279.0
0,51,2.0,0.0,1.0,[1],474.0,279.0,438.0,78.0,519.0,160.0,236.0,170.0,357.0,230.0
0,52,2.0,0.0,1.0,[1],357.0,230.0,519.0,160.0,474.0,279.0,306.0,76.0,236.0,170.0
0,53,2.0,0.0,1.0,[1],236.0,170.0,474.0,279.0,357.0,230.0,227.0,95.0,306.0,76.0
0,54,2.0,0.0,1.0,[1],306.0,76.0,357.0,230.0,236.0,170.0,150.0,74.0,227.0,95.0
0,55,2.0,0.0,1.0,[1],227.0,95.0,236.0,170.0,306.0,76.0,173.0,73.0,150.0,74.0
0,56,2.0,0.0,1.0,[1],150.0,74.0,306.0,76.0,227.0,95.0,121.0,72.0,173.0,73.0
0,57,2.0,0.0,1.0,[1],173.0,73.0,227.0,95.0,150.0,74.0,148.0,74.0,121.0,72.0
0,58,2.0,0.0,1.0,[1],121.0,72.0,150.0,74.0,173.0,73.0,137.0,79.0,148.0,74.0
0,59,2.0,0.0,1.0,[1],148.0,74.0,173.0,73.0,121.0,72.0,150.0,89.0,137.0,79.0
0,60,2.0,0.0,1.0,[1],137.0,79.0,121.0,72.0,148.0,74.0,118.0,73.0,150.0,89.0
0,61,2.0,0.0,1.0,[1],150.0,89.0,148.0,74.0,137.0,79.0,108.0,91.0,118.0,73.0
0,62,2.0,0.0,1.0,[1],118.0,73.0,137.0,79.0,150.0,89.0,107.0,94.0,108.0,91.0
0,63,2.0,0.0,1.0,[1],108.0,91.0,150.0,89.0,118.0,73.0,86.0,79.0,107.0,94.0
0,64,2.0,0.0,1.0,[1],107.0,94.0,118.0,73.0,108.0,91.0,108.0,62.0,86.0,79.0
0,65,2.0,0.0,1.0,[1],86.0,79.0,108.0,91.0,107.0,94.0,84.0,120.0,108.0,62.0
0,66,2.0,0.0,1.0,[1],108.0,62.0,107.0,94.0,86.0,79.0,93.0,106.0,84.0,120.0
0,67,2.0,0.0,1.0,[1],84.0,120.0,86.0,79.0,108.0,62.0,107.0,72.0,93.0,106.0
0,68,2.0,0.0,1.0,[1],93.0,106.0,108.0,62.0,84.0,120.0,99.0,113.0,107.0,72.0
0,69,2.0,0.0,1.0,[1],107.0,72.0,84.0,120.0,93.0,106.0,162.0,69.0,99.0,113.0
0,70,2.0,0.0,1.0,[1],99.0,113.0,93.0,106.0,107.0,72.0,148.0,51.0,162.0,69.0
0,71,2.0,0.0,1.0,[1],162.0,69.0,107.0,72.0,99.0,113.0,132.0,98.0,148.0,51.0
0,72,2.0,0.0,1.0,[1],148.0,51.0,99.0,113.0,162.0,69.0,155.0,79.0,132.0,98.0
0,73,2.0,0.0,1.0,[1],132.0,98.0,162.0,69.0,148.0,51.0,104.0,91.0,155.0,79.0
0,74,2.0,0.0,1.0,[1],155.0,79.0,148.0,51.0,132.0,98.0,86.0,110.0,104.0,91.0
0,75,2.0,0.0,1.0,[1],104.0,91.0,132.0,98.0,155.0,79.0,98.0,116.0,86.0,110.0
0,76,2.0,0.0,1.0,[1],86.0,110.0,155.0,79.0,104.0,91.0,138.0,95.0,98.0,116.0
0,77,2.0,0.0,1.0,[1],98.0,116.0,104.0,91.0,86.0,110.0,119.0,125.0,138.0,95.0
0,78,2.0,0.0,1.0,[1],138.0,95.0,86.0,110.0,98.0,116.0,118.0,101.0,119.0,125.0
0,79,2.0,0.0,1.0,[1],119.0,125.0,98.0,116.0,138.0,95.0,83.0,72.0,118.0,101.0
0,80,2.0,0.0,1.0,[1],118.0,101.0,138.0,95.0,119.0,125.0,100.0,112.0,83.0,72.0
0,81,2.0,0.0,1.0,[1],83.0,72.0,119.0,125.0,118.0,101.0,117.0,94.0,100.0,112.0
0,82,2.0,0.0,1.0,[1],100.0,112.0,118.0,101.0,83.0,72.0,112.0,102.0,117.0,94.0
0,83,2.0,0.0,1.0,[1],117.0,94.0,83.0,72.0,100.0,112.0,99.0,112.0,112.0,102.0
0,84,2.0,0.0,1.0,[1],112.0,102.0,100.0,112.0,117.0,94.0,90.0,82.0,99.0,112.0
0,85,2.0,0.0,1.0,[1],99.0,112.0,117.0,94.0,112.0,102.0,73.0,109.0,90.0,82.0
0,86,2.0,0.0,1.0,[1],90.0,82.0,112.0,102.0,99.0,112.0,70.0,136.0,73.0,109.0
0,87,2.0,0.0,1.0,[1],73.0,109.0,99.0,112.0,90.0,82.0,72.0,115.0,70.0,136.0
0,88,2.0,0.0,1.0,[1],70.0,136.0,90.0,82.0,73.0,109.0,92.0,117.0,72.0,115.0
0,89,2.0,0.0,1.0,[1],72.0,115.0,73.0,109.0,70.0,136.0,71.0,134.0,92.0,117.0
0,90,2.0,0.0,1.0,[1],92.0,117.0,70.0,136.0,72.0,115.0,67.0,131.0,71.0,134.0
0,91,2.0,0.0,1.0,[1],71.0,134.0,72.0,115.0,92.0,117.0,70.0,103.0,67.0,131.0
0,92,2.0,0.0,1.0,[1],67.0,131.0,92.0,117.0,71.0,134.0,58.0,132.0,70.0,103.0
0,93,2.0,0.0,1.0,[1],70.0,103.0,71.0,134.0,67.0,131.0,94.0,115.0,58.0,132.0
0,94,2.0,0.0,1.0,[1],58.0,132.0,67.0,131.0,70.0,103.0,77.0,125.0,94.0,115.0
0,95,2.0,0.0,1.0,[1],94.0,115.0,70.0,103.0,58.0,132.0,71.0,144.0,77.0,125.0
0,96,2.0,0.0,1.0,[1],77.0,125.0,58.0,132.0,94.0,115.0,129.0,120.0,71.0,144.0
0,97,2.0,0.0,1.0,[1],71.0,144.0,94.0,115.0,77.0,125.0,81.0,104.0,129.0,120.0
0,98,2.0,0.0,1.0,[1],129.0,120.0,77.0,125.0,71.0,144.0,92.0,150.0,81.0,104.0
0,99,2.0,0.0,1.0,[1],81.0,104.0,71.0,144.0,129.0,120.0,157.0,111.0,92.0,150.0
0,100,2.0,0.0,1.0,[1],92.0,150.0,129.0,120.0,81.0,104.0,137.0,121.0,157.0,111.0
0,101,2.0,0.0,1.0,[1],157.0,111.0,81.0,104.0,92.0,150.0,154.0,140.0,137.0,121.0
0,102,2.0,0.0,1.0,[1],137.0,121.0,92.0,150.0,157.0,111.0,148.0,204.0,154.0,140.0
0,103,2.0,0.0,1.0,[1],154.0,140.0,157.0,111.0,137.0,121.0,188.0,183.0,148.0,204.0
0,104,2.0,0.0,1.0,[1],148.0,204.0,137.0,121.0,154.0,140.0,155.0,246.0,188.0,183.0
0,105,2.0,0.0,1.0,[1],188.0,183.0,154.0,140.0,148.0,204.0,73.0,282.0,155.0,246.0
0,106,2.0,0.0,1.0,[1],155.0,246.0,148.0,204.0,188.0,183.0,79.0,270.0,73.0,282.0
0,107,2.0,0.0,1.0,[1],73.0,282.0,188.0,183.0,155.0,246.0,56.0,267.0,79.0,270.0
0,108,2.0,0.0,1.0,[1],79.0,270.0,155.0,246.0,73.0,282.0,58.0,256.0,56.0,267.0
0,109,2.0,0.0,1.0,[1],56.0,267.0,73.0,282.0,79.0,270.0,50.0,267.0,58.0,256.0
0,110,2.0,0.0,1.0,[1],58.0,256.0,79.0,270.0,56.0,267.0,53.0,178.0,50.0,267.0
0,111,2.0,0.0,1.0,[1],50.0,267.0,56.0,267.0,58.0,256.0,47.0,162.0,53.0,178.0
0,112,2.0,0.0,1.0,[1],53.0,178.0,58.0,256.0,50.0,267.0,39.0,163.0,47.0,162.0
0,113,2.0,0.0,1.0,[1],47.0,162.0,50.0,267.0,53.0,178.0,40.0,139.0,39.0,163.0
0,114,2.0,0.0,1.0,[1],39.0,163.0,53.0,178.0,47.0,162.0,31.0,149.0,40.0,139.0
0,115,2.0,0.0,1.0,[1],40.0,139.0,47.0,162.0,39.0,163.0,38.0,89.0,31.0,149.0
0,116,2.0,0.0,1.0,[1],31.0,149.0,39.0,163.0,40.0,139.0,19.0,89.0,38.0,89.0
0,117,2.0,0.0,1.0,[1],38.0,89.0,40.0,139.0,31.0,149.0,33.0,133.0,19.0,89.0
0,118,2.0,0.0,1.0,[1],19.0,89.0,31.0,149.0,38.0,89.0,42.0,96.0,33.0,133.0
0,119,2.0,0.0,1.0,[1],33.0,133.0,38.0,89.0,19.0,89.0,30.0,113.0,42.0,96.0
0,120,2.0,0.0,1.0,[1],42.0,96.0,19.0,89.0,33.0,133.0,38.0,77.0,30.0,113.0
0,121,2.0,0.0,1.0,[1],30.0,113.0,33.0,133.0,42.0,96.0,42.0,105.0,38.0,77.0
0,122,2.0,0.0,1.0,[1],38.0,77.0,42.0,96.0,30.0,113.0,24.0,83.0,42.0,105.0
0,123,2.0,0.0,1.0,[1],42.0,105.0,30.0,113.0,38.0,77.0,21.0,108.0,24.0,83.0
0,124,2.0,0.0,1.0,[1],24.0,83.0,38.0,77.0,42.0,105.0,30.0,97.0,21.0,108.0
0,125,2.0,0.0,1.0,[1],21.0,108.0,42.0,105.0,24.0,83.0,31.0,91.0,30.0,97.0
0,126,2.0,0.0,1.0,[1],30.0,97.0,24.0,83.0,21.0,108.0,13.0,72.0,31.0,91.0
0,127,2.0,0.0,1.0,[1],31.0,91.0,21.0,108.0,30.0,97.0,15.0,89.0,13.0,72.0
0,128,2.0,0.0,1.0,[1],13.0,72.0,30.0,97.0,31.0,91.0,16.0,74.0,15.0,89.0
0,129,2.0,0.0,1.0,[1],15.0,89.0,31.0,91.0,13.0,72.0,16.0,73.0,16.0,74.0
0,130,2.0,0.0,1.0,[1],16.0,74.0,13.0,72.0,15.0,89.0,4.0,68.0,16.0,73.0
0,131,2.0,0.0,1.0,[1],16.0,73.0,15.0,89.0,16.0,74.0,16.0,47.0,4.0,68.0
0,132,2.0,0.0,1.0,[1],4.0,68.0,16.0,74.0,16.0,73.0,4.0,55.0,16.0,47.0
0,133,2.0,0.0,1.0,[1],16.0,47.0,16.0,73.0,4.0,68.0,8.0,53.0,4.0,55.0
0,134,2.0,0.0,1.0,[1],4.0,55.0,4.0,68.0,16.0,47.0,6.0,52.0,8.0,53.0
0,135,2.0,0.0,1.0,[1],8.0,53.0,16.0,47.0,4.0,55.0,2.0,30.0,6.0,52.0
0,136,2.0,0.0,1.0,[1],6.0,52.0,4.0,55.0,8.0,53.0,1.0,20.0,2.0,30.0
0,137,2.0,0.0,1.0,[1],2.0,30.0,8.0,53.0,6.0,52.0,2.0,21.0,1.0,20.0
0,138,2.0,0.0,1.0,[1],1.0,20.0,6.0,52.0,2.0,30.0,0.0,20.0,2.0,21.0
0,139,2.0,0.0,1.0,[1],2.0,21.0,2.0,30.0,1.0,20.0,0.0,10.0,0.0,20.0
0,140,2.0,0.0,1.0,[1],0.0,20.0,1.0,20.0,2.0,21.0,0.0,6.0,0.0,10.0
0,141,2.0,0.0,1.0,[1],0.0,10.0,2.0,21.0,0.0,20.0,0.0,11.0,0.0,6.0
0,142,2.0,0.0,1.0,[1],0.0,6.0,0.0,20.0,0.0,10.0,0.0,0.0,0.0,11.0
0,143,2.0,0.0,1.0,[1],0.0,11.0,0.0,10.0,0.0,6.0,0.0,0.0,0.0,0.0
1,0,2.0,0.0,2.0,[0 2],0.0,3.0,0.0,0.0,0.0,0.0,0.0,0.0,0.0,1.0
1,1,2.0,0.0,2.0,[0 2],0.0,1.0,0.0,0.0,0.0,3.0,0.0,0.0,0.0,0.0
1,2,2.0,0.0,2.0,[0 2],0.0,0.0,0.0,3.0,0.0,1.0,0.0,0.0,0.0,0.0
1,3,2.0,0.0,2.0,[0 2],0.0,0.0,0.0,1.0,0.0,0.0,0.0,0.0,0.0,0.0
1,4,2.0,0.0,2.0,[0 2],0.0,0.0,0.0,0.0,0.0,0.0,0.0,0.0,0.0,0.0
1,5,2.0,0.0,2.0,[0 2],0.0,0.0,0.0,0.0,0.0,0.0,0.0,0.0,0.0,0.0
1,6,2.0,0.0,2.0,[0 2],0.0,0.0,0.0,0.0,0.0,0.0,0.0,0.0,0.0,0.0
1,7,2.0,0.0,2.0,[0 2],0.0,0.0,0.0,0.0,0.0,0.0,0.0,0.0,0.0,0.0
1,8,2.0,0.0,2.0,[0 2],0.0,0.0,0.0,0.0,0.0,0.0,0.0,0.0,0.0,0.0
1,9,2.0,0.0,2.0,[0 2],0.0,0.0,0.0,0.0,0.0,0.0,0.0,0.0,0.0,0.0
1,10,2.0,0.0,2.0,[0 2],0.0,0.0,0.0,0.0,0.0,0.0,0.0,0.0,0.0,0.0
1,11,2.0,0.0,2.0,[0 2],0.0,0.0,0.0,0.0,0.0,0.0,0.0,0.0,0.0,0.0
1,12,2.0,0.0,2.0,[0 2],0.0,0.0,0.0,0.0,0.0,0.0,0.0,0.0,0.0,0.0
1,13,2.0,0.0,2.0,[0 2],0.0,0.0,0.0,0.0,0.0,0.0,0.0,0.0,0.0,0.0
1,14,2.0,0.0,2.0,[0 2],0.0,0.0,0.0,0.0,0.0,0.0,0.0,0.0,0.0,0.0
1,15,2.0,0.0,2.0,[0 2],0.0,0.0,0.0,0.0,0.0,0.0,0.0,0.0,0.0,0.0
1,16,2.0,0.0,2.0,[0 2],0.0,0.0,0.0,0.0,0.0,0.0,0.0,0.0,0.0,0.0
1,17,2.0,0.0,2.0,[0 2],0.0,0.0,0.0,0.0,0.0,0.0,0.0,0.0,0.0,0.0
1,18,2.0,0.0,2.0,[0 2],0.0,0.0,0.0,0.0,0.0,0.0,0.0,0.0,0.0,0.0
1,19,2.0,0.0,2.0,[0 2],0.0,0.0,0.0,0.0,0.0,0.0,0.0,0.0,0.0,0.0
1,20,2.0,0.0,2.0,[0 2],0.0,0.0,0.0,0.0,0.0,0.0,0.0,0.0,0.0,0.0
1,21,2.0,0.0,2.0,[0 2],0.0,0.0,0.0,0.0,0.0,0.0,0.0,0.0,0.0,0.0
1,22,2.0,0.0,2.0,[0 2],0.0,0.0,0.0,0.0,0.0,0.0,0.0,0.0,0.0,0.0
1,23,2.0,0.0,2.0,[0 2],0.0,0.0,0.0,0.0,0.0,0.0,0.0,0.0,0.0,0.0
1,24,2.0,0.0,2.0,[0 2],0.0,0.0,0.0,0.0,0.0,0.0,0.0,0.0,0.0,0.0
1,25,2.0,0.0,2.0,[0 2],0.0,0.0,0.0,0.0,0.0,0.0,0.0,0.0,0.0,0.0
1,26,2.0,0.0,2.0,[0 2],0.0,0.0,0.0,0.0,0.0,0.0,0.0,0.0,0.0,0.0
1,27,2.0,0.0,2.0,[0 2],0.0,0.0,0.0,0.0,0.0,0.0,0.0,0.0,0.0,0.0
1,28,2.0,0.0,2.0,[0 2],0.0,0.0,0.0,0.0,0.0,0.0,0.0,0.0,0.0,0.0
1,29,2.0,0.0,2.0,[0 2],0.0,0.0,0.0,0.0,0.0,0.0,0.0,0.0,0.0,0.0
1,30,2.0,0.0,2.0,[0 2],0.0,0.0,0.0,0.0,0.0,0.0,0.0,0.0,0.0,0.0
1,31,2.0,0.0,2.0,[0 2],0.0,0.0,0.0,0.0,0.0,0.0,0.0,0.0,0.0,0.0
1,32,2.0,0.0,2.0,[0 2],0.0,0.0,0.0,0.0,0.0,0.0,8.0,0.0,0.0,0.0
1,33,2.0,0.0,2.0,[0 2],0.0,0.0,0.0,0.0,0.0,0.0,18.0,0.0,8.0,0.0
1,34,2.0,0.0,2.0,[0 2],8.0,0.0,0.0,0.0,0.0,0.0,9.0,0.0,18.0,0.0
1,35,2.0,0.0,2.0,[0 2],18.0,0.0,0.0,0.0,8.0,0.0,10.0,0.0,9.0,0.0
1,36,2.0,0.0,2.0,[0 2],9.0,0.0,8.0,0.0,18.0,0.0,16.0,4.0,10.0,0.0
1,37,2.0,0.0,2.0,[0 2],10.0,0.0,18.0,0.0,9.0,0.0,33.0,8.0,16.0,4.0
1,38,2.0,0.0,2.0,[0 2],16.0,4.0,9.0,0.0,10.0,0.0,52.0,3.0,33.0,8.0
1,39,2.0,0.0,2.0,[0 2],33.0,8.0,10.0,0.0,16.0,4.0,97.0,6.0,52.0,3.0
1,40,2.0,0.0,2.0,[0 2],52.0,3.0,16.0,4.0,33.0,8.0,85.0,6.0,97.0,6.0
1,41,2.0,0.0,2.0,[0 2],97.0,6.0,33.0,8.0,52.0,3.0,126.0,13.0,85.0,6.0
1,42,2.0,0.0,2.0,[0 2],85.0,6.0,52.0,3.0,97.0,6.0,214.0,13.0,126.0,13.0
1,43,2.0,0.0,2.0,[0 2],126.0,13.0,97.0,6.0,85.0,6.0,233.0,21.0,214.0,13.0
1,44,2.0,0.0,2.0,[0 2],214.0,13.0,85.0,6.0,126.0,13.0,317.0,35.0,233.0,21.0
1,45,2.0,0.0,2.0,[0 2],233.0,21.0,126.0,13.0,214.0,13.0,332.0,41.0,317.0,35.0
1,46,2.0,0.0,2.0,[0 2],317.0,35.0,214.0,13.0,233.0,21.0,391.0,38.0,332.0,41.0
1,47,2.0,0.0,2.0,[0 2],332.0,41.0,233.0,21.0,317.0,35.0,414.0,45.0,391.0,38.0
1,48,2.0,0.0,2.0,[0 2],391.0,38.0,317.0,35.0,332.0,41.0,365.0,60.0,414.0,45.0
1,49,2.0,0.0,2.0,[0 2],414.0,45.0,332.0,41.0,391.0,38.0,384.0,60.0,365.0,60.0
1,50,2.0,0.0,2.0,[0 2],365.0,60.0,391.0,38.0,414.0,45.0,278.0,61.0,384.0,60.0
1,51,2.0,0.0,2.0,[0 2],384.0,60.0,414.0,45.0,365.0,60.0,230.0,46.0,278.0,61.0
1,52,2.0,0.0,2.0,[0 2],278.0,61.0,365.0,60.0,384.0,60.0,230.0,31.0,230.0,46.0
1,53,2.0,0.0,2.0,[0 2],230.0,46.0,384.0,60.0,278.0,61.0,183.0,36.0,230.0,31.0
1,54,2.0,0.0,2.0,[0 2],230.0,31.0,278.0,61.0,230.0,46.0,111.0,29.0,183.0,36.0
1,55,2.0,0.0,2.0,[0 2],183.0,36.0,230.0,46.0,230.0,31.0,78.0,32.0,111.0,29.0
1,56,2.0,0.0,2.0,[0 2],111.0,29.0,230.0,31.0,183.0,36.0,77.0,32.0,78.0,32.0
1,57,2.0,0.0,2.0,[0 2],78.0,32.0,183.0,36.0,111.0,29.0,73.0,34.0,77.0,32.0
1,58,2.0,0.0,2.0,[0 2],77.0,32.0,111.0,29.0,78.0,32.0,67.0,24.0,73.0,34.0
1,59,2.0,0.0,2.0,[0 2],73.0,34.0,78.0,32.0,77.0,32.0,62.0,30.0,67.0,24.0
1,60,2.0,0.0,2.0,[0 2],67.0,24.0,77.0,32.0,73.0,34.0,51.0,26.0,62.0,30.0
1,61,2.0,0.0,2.0,[0 2],62.0,30.0,73.0,34.0,67.0,24.0,38.0,21.0,51.0,26.0
1,62,2.0,0.0,2.0,[0 2],51.0,26.0,67.0,24.0,62.0,30.0,63.0,33.0,38.0,21.0
1,63,2.0,0.0,2.0,[0 2],38.0,21.0,62.0,30.0,51.0,26.0,49.0,37.0,63.0,33.0
1,64,2.0,0.0,2.0,[0 2],63.0,33.0,51.0,26.0,38.0,21.0,46.0,26.0,49.0,37.0
1,65,2.0,0.0,2.0,[0 2],49.0,37.0,38.0,21.0,63.0,33.0,34.0,24.0,46.0,26.0
1,66,2.0,0.0,2.0,[0 2],46.0,26.0,63.0,33.0,49.0,37.0,44.0,24.0,34.0,24.0
1,67,2.0,0.0,2.0,[0 2],34.0,24.0,49.0,37.0,46.0,26.0,35.0,23.0,44.0,24.0
1,68,2.0,0.0,2.0,[0 2],44.0,24.0,46.0,26.0,34.0,24.0,49.0,50.0,35.0,23.0
1,69,2.0,0.0,2.0,[0 2],35.0,23.0,34.0,24.0,44.0,24.0,45.0,34.0,49.0,50.0
1,70,2.0,0.0,2.0,[0 2],49.0,50.0,44.0,24.0,35.0,23.0,44.0,62.0,45.0,34.0
1,71,2.0,0.0,2.0,[0 2],45.0,34.0,35.0,23.0,49.0,50.0,41.0,35.0,44.0,62.0
1,72,2.0,0.0,2.0,[0 2],44.0,62.0,49.0,50.0,45.0,34.0,84.0,28.0,41.0,35.0
1,73,2.0,0.0,2.0,[0 2],41.0,35.0,45.0,34.0,44.0,62.0,48.0,32.0,84.0,28.0
1,74,2.0,0.0,2.0,[0 2],84.0,28.0,44.0,62.0,41.0,35.0,59.0,43.0,48.0,32.0
1,75,2.0,0.0,2.0,[0 2],48.0,32.0,41.0,35.0,84.0,28.0,58.0,22.0,59.0,43.0
1,76,2.0,0.0,2.0,[0 2],59.0,43.0,84.0,28.0,48.0,32.0,56.0,31.0,58.0,22.0
1,77,2.0,0.0,2.0,[0 2],58.0,22.0,48.0,32.0,59.0,43.0,42.0,26.0,56.0,31.0
1,78,2.0,0.0,2.0,[0 2],56.0,31.0,59.0,43.0,58.0,22.0,53.0,35.0,42.0,26.0
1,79,2.0,0.0,2.0,[0 2],42.0,26.0,58.0,22.0,56.0,31.0,54.0,28.0,53.0,35.0
1,80,2.0,0.0,2.0,[0 2],53.0,35.0,56.0,31.0,42.0,26.0,50.0,44.0,54.0,28.0
1,81,2.0,0.0,2.0,[0 2],54.0,28.0,42.0,26.0,53.0,35.0,39.0,31.0,50.0,44.0
1,82,2.0,0.0,2.0,[0 2],50.0,44.0,53.0,35.0,54.0,28.0,41.0,30.0,39.0,31.0
1,83,2.0,0.0,2.0,[0 2],39.0,31.0,54.0,28.0,50.0,44.0,37.0,32.0,41.0,30.0
1,84,2.0,0.0,2.0,[0 2],41.0,30.0,50.0,44.0,39.0,31.0,33.0,19.0,37.0,32.0
1,85,2.0,0.0,2.0,[0 2],37.0,32.0,39.0,31.0,41.0,30.0,33.0,35.0,33.0,19.0
1,86,2.0,0.0,2.0,[0 2],33.0,19.0,41.0,30.0,37.0,32.0,26.0,41.0,33.0,35.0
1,87,2.0,0.0,2.0,[0 2],33.0,35.0,37.0,32.0,33.0,19.0,36.0,27.0,26.0,41.0
1,88,2.0,0.0,2.0,[0 2],26.0,41.0,33.0,19.0,33.0,35.0,43.0,39.0,36.0,27.0
1,89,2.0,0.0,2.0,[0 2],36.0,27.0,33.0,35.0,26.0,41.0,45.0,47.0,43.0,39.0
1,90,2.0,0.0,2.0,[0 2],43.0,39.0,26.0,41.0,36.0,27.0,40.0,44.0,45.0,47.0
1,91,2.0,0.0,2.0,[0 2],45.0,47.0,36.0,27.0,43.0,39.0,35.0,32.0,40.0,44.0
1,92,2.0,0.0,2.0,[0 2],40.0,44.0,43.0,39.0,45.0,47.0,26.0,61.0,35.0,32.0
1,93,2.0,0.0,2.0,[0 2],35.0,32.0,45.0,47.0,40.0,44.0,28.0,49.0,26.0,61.0
1,94,2.0,0.0,2.0,[0 2],26.0,61.0,40.0,44.0,35.0,32.0,19.0,53.0,28.0,49.0
1,95,2.0,0.0,2.0,[0 2],28.0,49.0,35.0,32.0,26.0,61.0,57.0,51.0,19.0,53.0
1,96,2.0,0.0,2.0,[0 2],19.0,53.0,26.0,61.0,28.0,49.0,38.0,62.0,57.0,51.0
1,97,2.0,0.0,2.0,[0 2],57.0,51.0,28.0,49.0,19.0,53.0,34.0,62.0,38.0,62.0
1,98,2.0,0.0,2.0,[0 2],38.0,62.0,19.0,53.0,57.0,51.0,49.0,81.0,34.0,62.0
1,99,2.0,0.0,2.0,[0 2],34.0,62.0,57.0,51.0,38.0,62.0,37.0,64.0,49.0,81.0
1,100,2.0,0.0,2.0,[0 2],49.0,81.0,38.0,62.0,34.0,62.0,33.0,75.0,37.0,64.0
1,101,2.0,0.0,2.0,[0 2],37.0,64.0,34.0,62.0,49.0,81.0,53.0,92.0,33.0,75.0
1,102,2.0,0.0,2.0,[0 2],33.0,75.0,49.0,81.0,37.0,64.0,37.0,100.0,53.0,92.0
1,103,2.0,0.0,2.0,[0 2],53.0,92.0,37.0,64.0,33.0,75.0,39.0,145.0,37.0,100.0
1,104,2.0,0.0,2.0,[0 2],37.0,100.0,33.0,75.0,53.0,92.0,41.0,167.0,39.0,145.0
1,105,2.0,0.0,2.0,[0 2],39.0,145.0,53.0,92.0,37.0,100.0,39.0,151.0,41.0,167.0
1,106,2.0,0.0,2.0,[0 2],41.0,167.0,37.0,100.0,39.0,145.0,57.0,211.0,39.0,151.0
1,107,2.0,0.0,2.0,[0 2],39.0,151.0,39.0,145.0,41.0,167.0,50.0,144.0,57.0,211.0
1,108,2.0,0.0,2.0,[0 2],57.0,211.0,41.0,167.0,39.0,151.0,45.0,210.0,50.0,144.0
1,109,2.0,0.0,2.0,[0 2],50.0,144.0,39.0,151.0,57.0,211.0,40.0,219.0,45.0,210.0
1,110,2.0,0.0,2.0,[0 2],45.0,210.0,57.0,211.0,50.0,144.0,30.0,143.0,40.0,219.0
1,111,2.0,0.0,2.0,[0 2],40.0,219.0,50.0,144.0,45.0,210.0,45.0,218.0,30.0,143.0
1,112,2.0,0.0,2.0,[0 2],30.0,143.0,45.0,210.0,40.0,219.0,31.0,160.0,45.0,218.0
1,113,2.0,0.0,2.0,[0 2],45.0,218.0,40.0,219.0,30.0,143.0,36.0,130.0,31.0,160.0
1,114,2.0,0.0,2.0,[0 2],31.0,160.0,30.0,143.0,45.0,218.0,26.0,98.0,36.0,130.0
1,115,2.0,0.0,2.0,[0 2],36.0,130.0,45.0,218.0,31.0,160.0,19.0,134.0,26.0,98.0
1,116,2.0,0.0,2.0,[0 2],26.0,98.0,31.0,160.0,36.0,130.0,24.0,109.0,19.0,134.0
1,117,2.0,0.0,2.0,[0 2],19.0,134.0,36.0,130.0,26.0,98.0,13.0,85.0,24.0,109.0
1,118,2.0,0.0,2.0,[0 2],24.0,109.0,26.0,98.0,19.0,134.0,21.0,96.0,13.0,85.0
1,119,2.0,0.0,2.0,[0 2],13.0,85.0,19.0,134.0,24.0,109.0,24.0,131.0,21.0,96.0
1,120,2.0,0.0,2.0,[0 2],21.0,96.0,24.0,109.0,13.0,85.0,22.0,98.0,24.0,131.0
1,121,2.0,0.0,2.0,[0 2],24.0,131.0,13.0,85.0,21.0,96.0,16.0,136.0,22.0,98.0
1,122,2.0,0.0,2.0,[0 2],22.0,98.0,21.0,96.0,24.0,131.0,18.0,92.0,16.0,136.0
1,123,2.0,0.0,2.0,[0 2],16.0,136.0,24.0,131.0,22.0,98.0,11.0,103.0,18.0,92.0
1,124,2.0,0.0,2.0,[0 2],18.0,92.0,22.0,98.0,16.0,136.0,42.0,79.0,11.0,103.0
1,125,2.0,0.0,2.0,[0 2],11.0,103.0,16.0,136.0,18.0,92.0,14.0,109.0,42.0,79.0
1,126,2.0,0.0,2.0,[0 2],42.0,79.0,18.0,92.0,11.0,103.0,12.0,168.0,14.0,109.0
1,127,2.0,0.0,2.0,[0 2],14.0,109.0,11.0,103.0,42.0,79.0,10.0,102.0,12.0,168.0
1,128,2.0,0.0,2.0,[0 2],12.0,168.0,42.0,79.0,14.0,109.0,8.0,80.0,10.0,102.0
1,129,2.0,0.0,2.0,[0 2],10.0,102.0,14.0,109.0,12.0,168.0,15.0,69.0,8.0,80.0
1,130,2.0,0.0,2.0,[0 2],8.0,80.0,12.0,168.0,10.0,102.0,13.0,94.0,15.0,69.0
1,131,2.0,0.0,2.0,[0 2],15.0,69.0,10.0,102.0,8.0,80.0,12.0,91.0,13.0,94.0
1,132,2.0,0.0,2.0,[0 2],13.0,94.0,8.0,80.0,15.0,69.0,10.0,82.0,12.0,91.0
1,133,2.0,0.0,2.0,[0 2],12.0,91.0,15.0,69.0,13.0,94.0,12.0,76.0,10.0,82.0
1,134,2.0,0.0,2.0,[0 2],10.0,82.0,13.0,94.0,12.0,91.0,8.0,76.0,12.0,76.0
1,135,2.0,0.0,2.0,[0 2],12.0,76.0,12.0,91.0,10.0,82.0,1.0,34.0,8.0,76.0
1,136,2.0,0.0,2.0,[0 2],8.0,76.0,10.0,82.0,12.0,76.0,0.0,37.0,1.0,34.0
1,137,2.0,0.0,2.0,[0 2],1.0,34.0,12.0,76.0,8.0,76.0,0.0,23.0,0.0,37.0
1,138,2.0,0.0,2.0,[0 2],0.0,37.0,8.0,76.0,1.0,34.0,0.0,15.0,0.0,23.0
1,139,2.0,0.0,2.0,[0 2],0.0,23.0,1.0,34.0,0.0,37.0,0.0,9.0,0.0,15.0
1,140,2.0,0.0,2.0,[0 2],0.0,15.0,0.0,37.0,0.0,23.0,0.0,13.0,0.0,9.0
1,141,2.0,0.0,2.0,[0 2],0.0,9.0,0.0,23.0,0.0,15.0,0.0,0.0,0.0,13.0
1,142,2.0,0.0,2.0,[0 2],0.0,13.0,0.0,15.0,0.0,9.0,0.0,0.0,0.0,0.0
1,143,2.0,0.0,2.0,[0 2],0.0,0.0,0.0,9.0,0.0,13.0,0.0,0.0,0.0,0.0
2,0,2.0,0.0,2.0,[1 3],0.0,1.0,0.0,0.0,0.0,0.0,0.0,0.0,0.0,0.0
2,1,2.0,0.0,2.0,[1 3],0.0,0.0,0.0,0.0,0.0,1.0,0.0,0.0,0.0,0.0
2,2,2.0,0.0,2.0,[1 3],0.0,0.0,0.0,1.0,0.0,0.0,0.0,0.0,0.0,0.0
2,3,2.0,0.0,2.0,[1 3],0.0,0.0,0.0,0.0,0.0,0.0,0.0,0.0,0.0,0.0
2,4,2.0,0.0,2.0,[1 3],0.0,0.0,0.0,0.0,0.0,0.0,0.0,0.0,0.0,0.0
2,5,2.0,0.0,2.0,[1 3],0.0,0.0,0.0,0.0,0.0,0.0,0.0,0.0,0.0,0.0
2,6,2.0,0.0,2.0,[1 3],0.0,0.0,0.0,0.0,0.0,0.0,0.0,0.0,0.0,0.0
2,7,2.0,0.0,2.0,[1 3],0.0,0.0,0.0,0.0,0.0,0.0,0.0,0.0,0.0,0.0
2,8,2.0,0.0,2.0,[1 3],0.0,0.0,0.0,0.0,0.0,0.0,0.0,0.0,0.0,0.0
2,9,2.0,0.0,2.0,[1 3],0.0,0.0,0.0,0.0,0.0,0.0,0.0,0.0,0.0,0.0
2,10,2.0,0.0,2.0,[1 3],0.0,0.0,0.0,0.0,0.0,0.0,0.0,0.0,0.0,0.0
2,11,2.0,0.0,2.0,[1 3],0.0,0.0,0.0,0.0,0.0,0.0,0.0,0.0,0.0,0.0
2,12,2.0,0.0,2.0,[1 3],0.0,0.0,0.0,0.0,0.0,0.0,0.0,0.0,0.0,0.0
2,13,2.0,0.0,2.0,[1 3],0.0,0.0,0.0,0.0,0.0,0.0,0.0,0.0,0.0,0.0
2,14,2.0,0.0,2.0,[1 3],0.0,0.0,0.0,0.0,0.0,0.0,0.0,0.0,0.0,0.0
2,15,2.0,0.0,2.0,[1 3],0.0,0.0,0.0,0.0,0.0,0.0,0.0,0.0,0.0,0.0
2,16,2.0,0.0,2.0,[1 3],0.0,0.0,0.0,0.0,0.0,0.0,0.0,0.0,0.0,0.0
2,17,2.0,0.0,2.0,[1 3],0.0,0.0,0.0,0.0,0.0,0.0,0.0,0.0,0.0,0.0
2,18,2.0,0.0,2.0,[1 3],0.0,0.0,0.0,0.0,0.0,0.0,0.0,0.0,0.0,0.0
2,19,2.0,0.0,2.0,[1 3],0.0,0.0,0.0,0.0,0.0,0.0,0.0,0.0,0.0,0.0
2,20,2.0,0.0,2.0,[1 3],0.0,0.0,0.0,0.0,0.0,0.0,0.0,0.0,0.0,0.0
2,21,2.0,0.0,2.0,[1 3],0.0,0.0,0.0,0.0,0.0,0.0,0.0,0.0,0.0,0.0
2,22,2.0,0.0,2.0,[1 3],0.0,0.0,0.0,0.0,0.0,0.0,0.0,0.0,0.0,0.0
2,23,2.0,0.0,2.0,[1 3],0.0,0.0,0.0,0.0,0.0,0.0,0.0,0.0,0.0,0.0
2,24,2.0,0.0,2.0,[1 3],0.0,0.0,0.0,0.0,0.0,0.0,0.0,0.0,0.0,0.0
2,25,2.0,0.0,2.0,[1 3],0.0,0.0,0.0,0.0,0.0,0.0,0.0,0.0,0.0,0.0
2,26,2.0,0.0,2.0,[1 3],0.0,0.0,0.0,0.0,0.0,0.0,0.0,0.0,0.0,0.0
2,27,2.0,0.0,2.0,[1 3],0.0,0.0,0.0,0.0,0.0,0.0,0.0,0.0,0.0,0.0
2,28,2.0,0.0,2.0,[1 3],0.0,0.0,0.0,0.0,0.0,0.0,0.0,0.0,0.0,0.0
2,29,2.0,0.0,2.0,[1 3],0.0,0.0,0.0,0.0,0.0,0.0,0.0,0.0,0.0,0.0
2,30,2.0,0.0,2.0,[1 3],0.0,0.0,0.0,0.0,0.0,0.0,1.0,0.0,0.0,0.0
2,31,2.0,0.0,2.0,[1 3],0.0,0.0,0.0,0.0,0.0,0.0,1.0,0.0,1.0,0.0
2,32,2.0,0.0,2.0,[1 3],1.0,0.0,0.0,0.0,0.0,0.0,8.0,0.0,1.0,0.0
2,33,2.0,0.0,2.0,[1 3],1.0,0.0,0.0,0.0,1.0,0.0,24.0,0.0,8.0,0.0
2,34,2.0,0.0,2.0,[1 3],8.0,0.0,1.0,0.0,1.0,0.0,27.0,0.0,24.0,0.0
2,35,2.0,0.0,2.0,[1 3],24.0,0.0,1.0,0.0,8.0,0.0,48.0,0.0,27.0,0.0
2,36,2.0,0.0,2.0,[1 3],27.0,0.0,8.0,0.0,24.0,0.0,64.0,9.0,48.0,0.0
2,37,2.0,0.0,2.0,[1 3],48.0,0.0,24.0,0.0,27.0,0.0,72.0,17.0,64.0,9.0
2,38,2.0,0.0,2.0,[1 3],64.0,9.0,27.0,0.0,48.0,0.0,130.0,18.0,72.0,17.0
2,39,2.0,0.0,2.0,[1 3],72.0,17.0,48.0,0.0,64.0,9.0,121.0,14.0,130.0,18.0
2,40,2.0,0.0,2.0,[1 3],130.0,18.0,64.0,9.0,72.0,17.0,190.0,32.0,121.0,14.0
2,41,2.0,0.0,2.0,[1 3],121.0,14.0,72.0,17.0,130.0,18.0,233.0,46.0,190.0,32.0
2,42,2.0,0.0,2.0,[1 3],190.0,32.0,130.0,18.0,121.0,14.0,337.0,59.0,233.0,46.0
2,43,2.0,0.0,2.0,[1 3],233.0,46.0,121.0,14.0,190.0,32.0,404.0,148.0,337.0,59.0
2,44,2.0,0.0,2.0,[1 3],337.0,59.0,190.0,32.0,233.0,46.0,472.0,244.0,404.0,148.0
2,45,2.0,0.0,2.0,[1 3],404.0,148.0,233.0,46.0,337.0,59.0,520.0,367.0,472.0,244.0
2,46,2.0,0.0,2.0,[1 3],472.0,244.0,337.0,59.0,404.0,148.0,628.0,502.0,520.0,367.0
2,47,2.0,0.0,2.0,[1 3],520.0,367.0,404.0,148.0,472.0,244.0,573.0,764.0,628.0,502.0
2,48,2.0,0.0,2.0,[1 3],628.0,502.0,472.0,244.0,520.0,367.0,574.0,818.0,573.0,764.0
2,49,2.0,0.0,2.0,[1 3],573.0,764.0,520.0,367.0,628.0,502.0,592.0,984.0,574.0,818.0
2,50,2.0,0.0,2.0,[1 3],574.0,818.0,628.0,502.0,573.0,764.0,414.0,778.0,592.0,984.0
2,51,2.0,0.0,2.0,[1 3],592.0,984.0,573.0,764.0,574.0,818.0,324.0,547.0,414.0,778.0
2,52,2.0,0.0,2.0,[1 3],414.0,778.0,574.0,818.0,592.0,984.0,304.0,440.0,324.0,547.0
2,53,2.0,0.0,2.0,[1 3],324.0,547.0,592.0,984.0,414.0,778.0,294.0,370.0,304.0,440.0
2,54,2.0,0.0,2.0,[1 3],304.0,440.0,414.0,778.0,324.0,547.0,189.0,250.0,294.0,370.0
2,55,2.0,0.0,2.0,[1 3],294.0,370.0,324.0,547.0,304.0,440.0,186.0,269.0,189.0,250.0
2,56,2.0,0.0,2.0,[1 3],189.0,250.0,304.0,440.0,294.0,370.0,152.0,175.0,186.0,269.0
2,57,2.0,0.0,2.0,[1 3],186.0,269.0,294.0,370.0,189.0,250.0,133.0,168.0,152.0,175.0
2,58,2.0,0.0,2.0,[1 3],152.0,175.0,189.0,250.0,186.0,269.0,118.0,134.0,133.0,168.0
2,59,2.0,0.0,2.0,[1 3],133.0,168.0,186.0,269.0,152.0,175.0,120.0,103.0,118.0,134.0
2,60,2.0,0.0,2.0,[1 3],118.0,134.0,152.0,175.0,133.0,168.0,116.0,80.0,120.0,103.0
2,61,2.0,0.0,2.0,[1 3],120.0,103.0,133.0,168.0,118.0,134.0,94.0,155.0,116.0,80.0
2,62,2.0,0.0,2.0,[1 3],116.0,80.0,118.0,134.0,120.0,103.0,83.0,79.0,94.0,155.0
2,63,2.0,0.0,2.0,[1 3],94.0,155.0,120.0,103.0,116.0,80.0,113.0,79.0,83.0,79.0
2,64,2.0,0.0,2.0,[1 3],83.0,79.0,116.0,80.0,94.0,155.0,69.0,92.0,113.0,79.0
2,65,2.0,0.0,2.0,[1 3],113.0,79.0,94.0,155.0,83.0,79.0,95.0,70.0,69.0,92.0
2,66,2.0,0.0,2.0,[1 3],69.0,92.0,83.0,79.0,113.0,79.0,99.0,106.0,95.0,70.0
2,67,2.0,0.0,2.0,[1 3],95.0,70.0,113.0,79.0,69.0,92.0,111.0,99.0,99.0,106.0
2,68,2.0,0.0,2.0,[1 3],99.0,106.0,69.0,92.0,95.0,70.0,76.0,66.0,111.0,99.0
2,69,2.0,0.0,2.0,[1 3],111.0,99.0,95.0,70.0,99.0,106.0,93.0,102.0,76.0,66.0
2,70,2.0,0.0,2.0,[1 3],76.0,66.0,99.0,106.0,111.0,99.0,113.0,129.0,93.0,102.0
2,71,2.0,0.0,2.0,[1 3],93.0,102.0,111.0,99.0,76.0,66.0,103.0,114.0,113.0,129.0
2,72,2.0,0.0,2.0,[1 3],113.0,129.0,76.0,66.0,93.0,102.0,107.0,95.0,103.0,114.0
2,73,2.0,0.0,2.0,[1 3],103.0,114.0,93.0,102.0,113.0,129.0,109.0,132.0,107.0,95.0
2,74,2.0,0.0,2.0,[1 3],107.0,95.0,113.0,129.0,103.0,114.0,109.0,84.0,109.0,132.0
2,75,2.0,0.0,2.0,[1 3],109.0,132.0,103.0,114.0,107.0,95.0,107.0,119.0,109.0,84.0
2,76,2.0,0.0,2.0,[1 3],109.0,84.0,107.0,95.0,109.0,132.0,136.0,110.0,107.0,119.0
2,77,2.0,0.0,2.0,[1 3],107.0,119.0,109.0,132.0,109.0,84.0,108.0,80.0,136.0,110.0
2,78,2.0,0.0,2.0,[1 3],136.0,110.0,109.0,84.0,107.0,119.0,115.0,112.0,108.0,80.0
2,79,2.0,0.0,2.0,[1 3],108.0,80.0,107.0,119.0,136.0,110.0,138.0,137.0,115.0,112.0
2,80,2.0,0.0,2.0,[1 3],115.0,112.0,136.0,110.0,108.0,80.0,115.0,84.0,138.0,137.0
2,81,2.0,0.0,2.0,[1 3],138.0,137.0,108.0,80.0,115.0,112.0,100.0,95.0,115.0,84.0
2,82,2.0,0.0,2.0,[1 3],115.0,84.0,115.0,112.0,138.0,137.0,99.0,100.0,100.0,95.0
2,83,2.0,0.0,2.0,[1 3],100.0,95.0,138.0,137.0,115.0,84.0,81.0,77.0,99.0,100.0
2,84,2.0,0.0,2.0,[1 3],99.0,100.0,115.0,84.0,100.0,95.0,101.0,102.0,81.0,77.0
2,85,2.0,0.0,2.0,[1 3],81.0,77.0,100.0,95.0,99.0,100.0,100.0,124.0,101.0,102.0
2,86,2.0,0.0,2.0,[1 3],101.0,102.0,99.0,100.0,81.0,77.0,113.0,80.0,100.0,124.0
2,87,2.0,0.0,2.0,[1 3],100.0,124.0,81.0,77.0,101.0,102.0,102.0,111.0,113.0,80.0
2,88,2.0,0.0,2.0,[1 3],113.0,80.0,101.0,102.0,100.0,124.0,85.0,102.0,102.0,111.0
2,89,2.0,0.0,2.0,[1 3],102.0,111.0,100.0,124.0,113.0,80.0,119.0,72.0,85.0,102.0
2,90,2.0,0.0,2.0,[1 3],85.0,102.0,113.0,80.0,102.0,111.0,96.0,110.0,119.0,72.0
2,91,2.0,0.0,2.0,[1 3],119.0,72.0,102.0,111.0,85.0,102.0,115.0,114.0,96.0,110.0
2,92,2.0,0.0,2.0,[1 3],96.0,110.0,85.0,102.0,119.0,72.0,75.0,97.0,115.0,114.0
2,93,2.0,0.0,2.0,[1 3],115.0,114.0,119.0,72.0,96.0,110.0,96.0,117.0,75.0,97.0
2,94,2.0,0.0,2.0,[1 3],75.0,97.0,96.0,110.0,115.0,114.0,96.0,104.0,96.0,117.0
2,95,2.0,0.0,2.0,[1 3],96.0,117.0,115.0,114.0,75.0,97.0,93.0,114.0,96.0,104.0
2,96,2.0,0.0,2.0,[1 3],96.0,104.0,75.0,97.0,96.0,117.0,117.0,124.0,93.0,114.0
2,97,2.0,0.0,2.0,[1 3],93.0,114.0,96.0,117.0,96.0,104.0,112.0,146.0,117.0,124.0
2,98,2.0,0.0,2.0,[1 3],117.0,124.0,96.0,104.0,93.0,114.0,152.0,127.0,112.0,146.0
2,99,2.0,0.0,2.0,[1 3],112.0,146.0,93.0,114.0,117.0,124.0,154.0,147.0,152.0,127.0
2,100,2.0,0.0,2.0,[1 3],152.0,127.0,117.0,124.0,112.0,146.0,203.0,144.0,154.0,147.0
2,101,2.0,0.0,2.0,[1 3],154.0,147.0,112.0,146.0,152.0,127.0,206.0,153.0,203.0,144.0
2,102,2.0,0.0,2.0,[1 3],203.0,144.0,152.0,127.0,154.0,147.0,311.0,234.0,206.0,153.0
2,103,2.0,0.0,2.0,[1 3],206.0,153.0,154.0,147.0,203.0,144.0,257.0,299.0,311.0,234.0
2,104,2.0,0.0,2.0,[1 3],311.0,234.0,203.0,144.0,206.0,153.0,349.0,277.0,257.0,299.0
2,105,2.0,0.0,2.0,[1 3],257.0,299.0,206.0,153.0,311.0,234.0,478.0,311.0,349.0,277.0
2,106,2.0,0.0,2.0,[1 3],349.0,277.0,311.0,234.0,257.0,299.0,415.0,322.0,478.0,311.0
2,107,2.0,0.0,2.0,[1 3],478.0,311.0,257.0,299.0,349.0,277.0,435.0,370.0,415.0,322.0
2,108,2.0,0.0,2.0,[1 3],415.0,322.0,349.0,277.0,478.0,311.0,536.0,333.0,435.0,370.0
2,109,2.0,0.0,2.0,[1 3],435.0,370.0,478.0,311.0,415.0,322.0,430.0,283.0,536.0,333.0
2,110,2.0,0.0,2.0,[1 3],536.0,333.0,415.0,322.0,435.0,370.0,387.0,333.0,430.0,283.0
2,111,2.0,0.0,2.0,[1 3],430.0,283.0,435.0,370.0,536.0,333.0,314.0,332.0,387.0,333.0
2,112,2.0,0.0,2.0,[1 3],387.0,333.0,536.0,333.0,430.0,283.0,214.0,191.0,314.0,332.0
2,113,2.0,0.0,2.0,[1 3],314.0,332.0,430.0,283.0,387.0,333.0,236.0,259.0,214.0,191.0
2,114,2.0,0.0,2.0,[1 3],214.0,191.0,387.0,333.0,314.0,332.0,220.0,243.0,236.0,259.0
2,115,2.0,0.0,2.0,[1 3],236.0,259.0,314.0,332.0,214.0,191.0,154.0,179.0,220.0,243.0
2,116,2.0,0.0,2.0,[1 3],220.0,243.0,214.0,191.0,236.0,259.0,138.0,192.0,154.0,179.0
2,117,2.0,0.0,2.0,[1 3],154.0,179.0,236.0,259.0,220.0,243.0,125.0,158.0,138.0,192.0
2,118,2.0,0.0,2.0,[1 3],138.0,192.0,220.0,243.0,154.0,179.0,139.0,228.0,125.0,158.0
2,119,2.0,0.0,2.0,[1 3],125.0,158.0,154.0,179.0,138.0,192.0,147.0,141.0,139.0,228.0
2,120,2.0,0.0,2.0,[1 3],139.0,228.0,138.0,192.0,125.0,158.0,122.0,232.0,147.0,141.0
2,121,2.0,0.0,2.0,[1 3],147.0,141.0,125.0,158.0,139.0,228.0,129.0,170.0,122.0,232.0
2,122,2.0,0.0,2.0,[1 3],122.0,232.0,139.0,228.0,147.0,141.0,140.0,184.0,129.0,170.0
2,123,2.0,0.0,2.0,[1 3],129.0,170.0,147.0,141.0,122.0,232.0,185.0,203.0,140.0,184.0
2,124,2.0,0.0,2.0,[1 3],140.0,184.0,122.0,232.0,129.0,170.0,135.0,213.0,185.0,203.0
2,125,2.0,0.0,2.0,[1 3],185.0,203.0,129.0,170.0,140.0,184.0,129.0,165.0,135.0,213.0
2,126,2.0,0.0,2.0,[1 3],135.0,213.0,140.0,184.0,185.0,203.0,147.0,170.0,129.0,165.0
2,127,2.0,0.0,2.0,[1 3],129.0,165.0,185.0,203.0,135.0,213.0,120.0,173.0,147.0,170.0
2,128,2.0,0.0,2.0,[1 3],147.0,170.0,135.0,213.0,129.0,165.0,104.0,219.0,120.0,173.0
2,129,2.0,0.0,2.0,[1 3],120.0,173.0,129.0,165.0,147.0,170.0,90.0,92.0,104.0,219.0
2,130,2.0,0.0,2.0,[1 3],104.0,219.0,147.0,170.0,120.0,173.0,63.0,252.0,90.0,92.0
2,131,2.0,0.0,2.0,[1 3],90.0,92.0,120.0,173.0,104.0,219.0,61.0,96.0,63.0,252.0
2,132,2.0,0.0,2.0,[1 3],63.0,252.0,104.0,219.0,90.0,92.0,66.0,145.0,61.0,96.0
2,133,2.0,0.0,2.0,[1 3],61.0,96.0,90.0,92.0,63.0,252.0,46.0,94.0,66.0,145.0
2,134,2.0,0.0,2.0,[1 3],66.0,145.0,63.0,252.0,61.0,96.0,34.0,73.0,46.0,94.0
2,135,2.0,0.0,2.0,[1 3],46.0,94.0,61.0,96.0,66.0,145.0,14.0,76.0,34.0,73.0
2,136,2.0,0.0,2.0,[1 3],34.0,73.0,66.0,145.0,46.0,94.0,3.0,55.0,14.0,76.0
2,137,2.0,0.0,2.0,[1 3],14.0,76.0,46.0,94.0,34.0,73.0,4.0,56.0,3.0,55.0
2,138,2.0,0.0,2.0,[1 3],3.0,55.0,34.0,73.0,14.0,76.0,1.0,39.0,4.0,56.0
2,139,2.0,0.0,2.0,[1 3],4.0,56.0,14.0,76.0,3.0,55.0,2.0,38.0,1.0,39.0
2,140,2.0,0.0,2.0,[1 3],1.0,39.0,3.0,55.0,4.0,56.0,0.0,7.0,2.0,38.0
2,141,2.0,0.0,2.0,[1 3],2.0,38.0,4.0,56.0,1.0,39.0,0.0,8.0,0.0,7.0
2,142,2.0,0.0,2.0,[1 3],0.0,7.0,1.0,39.0,2.0,38.0,0.0,0.0,0.0,8.0
2,143,2.0,0.0,2.0,[1 3],0.0,8.0,2.0,38.0,0.0,7.0,0.0,0.0,0.0,0.0
3,0,2.0,0.0,2.0,[2 4],0.0,3.0,0.0,0.0,0.0,0.0,1.0,0.0,0.0,0.0
3,1,2.0,0.0,2.0,[2 4],0.0,0.0,0.0,0.0,0.0,3.0,0.0,0.0,1.0,0.0
3,2,2.0,0.0,2.0,[2 4],1.0,0.0,0.0,3.0,0.0,0.0,0.0,0.0,0.0,0.0
3,3,2.0,0.0,2.0,[2 4],0.0,0.0,0.0,0.0,1.0,0.0,0.0,0.0,0.0,0.0
3,4,2.0,0.0,2.0,[2 4],0.0,0.0,1.0,0.0,0.0,0.0,0.0,0.0,0.0,0.0
3,5,2.0,0.0,2.0,[2 4],0.0,0.0,0.0,0.0,0.0,0.0,0.0,1.0,0.0,0.0
3,6,2.0,0.0,2.0,[2 4],0.0,0.0,0.0,0.0,0.0,0.0,0.0,0.0,0.0,1.0
3,7,2.0,0.0,2.0,[2 4],0.0,1.0,0.0,0.0,0.0,0.0,0.0,0.0,0.0,0.0
3,8,2.0,0.0,2.0,[2 4],0.0,0.0,0.0,0.0,0.0,1.0,0.0,0.0,0.0,0.0
3,9,2.0,0.0,2.0,[2 4],0.0,0.0,0.0,1.0,0.0,0.0,0.0,0.0,0.0,0.0
3,10,2.0,0.0,2.0,[2 4],0.0,0.0,0.0,0.0,0.0,0.0,0.0,0.0,0.0,0.0
3,11,2.0,0.0,2.0,[2 4],0.0,0.0,0.0,0.0,0.0,0.0,0.0,0.0,0.0,0.0
3,12,2.0,0.0,2.0,[2 4],0.0,0.0,0.0,0.0,0.0,0.0,0.0,0.0,0.0,0.0
3,13,2.0,0.0,2.0,[2 4],0.0,0.0,0.0,0.0,0.0,0.0,0.0,0.0,0.0,0.0
3,14,2.0,0.0,2.0,[2 4],0.0,0.0,0.0,0.0,0.0,0.0,0.0,0.0,0.0,0.0
3,15,2.0,0.0,2.0,[2 4],0.0,0.0,0.0,0.0,0.0,0.0,0.0,0.0,0.0,0.0
3,16,2.0,0.0,2.0,[2 4],0.0,0.0,0.0,0.0,0.0,0.0,0.0,0.0,0.0,0.0
3,17,2.0,0.0,2.0,[2 4],0.0,0.0,0.0,0.0,0.0,0.0,0.0,0.0,0.0,0.0
3,18,2.0,0.0,2.0,[2 4],0.0,0.0,0.0,0.0,0.0,0.0,0.0,0.0,0.0,0.0
3,19,2.0,0.0,2.0,[2 4],0.0,0.0,0.0,0.0,0.0,0.0,0.0,0.0,0.0,0.0
3,20,2.0,0.0,2.0,[2 4],0.0,0.0,0.0,0.0,0.0,0.0,0.0,0.0,0.0,0.0
3,21,2.0,0.0,2.0,[2 4],0.0,0.0,0.0,0.0,0.0,0.0,0.0,0.0,0.0,0.0
3,22,2.0,0.0,2.0,[2 4],0.0,0.0,0.0,0.0,0.0,0.0,0.0,0.0,0.0,0.0
3,23,2.0,0.0,2.0,[2 4],0.0,0.0,0.0,0.0,0.0,0.0,0.0,0.0,0.0,0.0
3,24,2.0,0.0,2.0,[2 4],0.0,0.0,0.0,0.0,0.0,0.0,0.0,0.0,0.0,0.0
3,25,2.0,0.0,2.0,[2 4],0.0,0.0,0.0,0.0,0.0,0.0,0.0,0.0,0.0,0.0
3,26,2.0,0.0,2.0,[2 4],0.0,0.0,0.0,0.0,0.0,0.0,0.0,0.0,0.0,0.0
3,27,2.0,0.0,2.0,[2 4],0.0,0.0,0.0,0.0,0.0,0.0,0.0,0.0,0.0,0.0
3,28,2.0,0.0,2.0,[2 4],0.0,0.0,0.0,0.0,0.0,0.0,0.0,0.0,0.0,0.0
3,29,2.0,0.0,2.0,[2 4],0.0,0.0,0.0,0.0,0.0,0.0,0.0,0.0,0.0,0.0
3,30,2.0,0.0,2.0,[2 4],0.0,0.0,0.0,0.0,0.0,0.0,0.0,0.0,0.0,0.0
3,31,2.0,0.0,2.0,[2 4],0.0,0.0,0.0,0.0,0.0,0.0,1.0,0.0,0.0,0.0
3,32,2.0,0.0,2.0,[2 4],0.0,0.0,0.0,0.0,0.0,0.0,2.0,0.0,1.0,0.0
3,33,2.0,0.0,2.0,[2 4],1.0,0.0,0.0,0.0,0.0,0.0,14.0,0.0,2.0,0.0
3,34,2.0,0.0,2.0,[2 4],2.0,0.0,0.0,0.0,1.0,0.0,22.0,0.0,14.0,0.0
3,35,2.0,0.0,2.0,[2 4],14.0,0.0,1.0,0.0,2.0,0.0,28.0,0.0,22.0,0.0
3,36,2.0,0.0,2.0,[2 4],22.0,0.0,2.0,0.0,14.0,0.0,36.0,5.0,28.0,0.0
3,37,2.0,0.0,2.0,[2 4],28.0,0.0,14.0,0.0,22.0,0.0,85.0,15.0,36.0,5.0
3,38,2.0,0.0,2.0,[2 4],36.0,5.0,22.0,0.0,28.0,0.0,94.0,10.0,85.0,15.0
3,39,2.0,0.0,2.0,[2 4],85.0,15.0,28.0,0.0,36.0,5.0,131.0,28.0,94.0,10.0
3,40,2.0,0.0,2.0,[2 4],94.0,10.0,36.0,5.0,85.0,15.0,137.0,40.0,131.0,28.0
3,41,2.0,0.0,2.0,[2 4],131.0,28.0,85.0,15.0,94.0,10.0,220.0,49.0,137.0,40.0
3,42,2.0,0.0,2.0,[2 4],137.0,40.0,94.0,10.0,131.0,28.0,314.0,41.0,220.0,49.0
3,43,2.0,0.0,2.0,[2 4],220.0,49.0,131.0,28.0,137.0,40.0,420.0,51.0,314.0,41.0
3,44,2.0,0.0,2.0,[2 4],314.0,41.0,137.0,40.0,220.0,49.0,538.0,73.0,420.0,51.0
3,45,2.0,0.0,2.0,[2 4],420.0,51.0,220.0,49.0,314.0,41.0,639.0,135.0,538.0,73.0
3,46,2.0,0.0,2.0,[2 4],538.0,73.0,314.0,41.0,420.0,51.0,628.0,131.0,639.0,135.0
3,47,2.0,0.0,2.0,[2 4],639.0,135.0,420.0,51.0,538.0,73.0,577.0,159.0,628.0,131.0
3,48,2.0,0.0,2.0,[2 4],628.0,131.0,538.0,73.0,639.0,135.0,565.0,286.0,577.0,159.0
3,49,2.0,0.0,2.0,[2 4],577.0,159.0,639.0,135.0,628.0,131.0,520.0,293.0,565.0,286.0
3,50,2.0,0.0,2.0,[2 4],565.0,286.0,628.0,131.0,577.0,159.0,400.0,271.0,520.0,293.0
3,51,2.0,0.0,2.0,[2 4],520.0,293.0,577.0,159.0,565.0,286.0,333.0,224.0,400.0,271.0
3,52,2.0,0.0,2.0,[2 4],400.0,271.0,565.0,286.0,520.0,293.0,307.0,189.0,333.0,224.0
3,53,2.0,0.0,2.0,[2 4],333.0,224.0,520.0,293.0,400.0,271.0,271.0,119.0,307.0,189.0
3,54,2.0,0.0,2.0,[2 4],307.0,189.0,400.0,271.0,333.0,224.0,186.0,66.0,271.0,119.0
3,55,2.0,0.0,2.0,[2 4],271.0,119.0,333.0,224.0,307.0,189.0,124.0,160.0,186.0,66.0
3,56,2.0,0.0,2.0,[2 4],186.0,66.0,307.0,189.0,271.0,119.0,123.0,58.0,124.0,160.0
3,57,2.0,0.0,2.0,[2 4],124.0,160.0,271.0,119.0,186.0,66.0,96.0,67.0,123.0,58.0
3,58,2.0,0.0,2.0,[2 4],123.0,58.0,186.0,66.0,124.0,160.0,98.0,64.0,96.0,67.0
3,59,2.0,0.0,2.0,[2 4],96.0,67.0,124.0,160.0,123.0,58.0,97.0,87.0,98.0,64.0
3,60,2.0,0.0,2.0,[2 4],98.0,64.0,123.0,58.0,96.0,67.0,90.0,44.0,97.0,87.0
3,61,2.0,0.0,2.0,[2 4],97.0,87.0,96.0,67.0,98.0,64.0,92.0,58.0,90.0,44.0
3,62,2.0,0.0,2.0,[2 4],90.0,44.0,98.0,64.0,97.0,87.0,74.0,53.0,92.0,58.0
3,63,2.0,0.0,2.0,[2 4],92.0,58.0,97.0,87.0,90.0,44.0,72.0,64.0,74.0,53.0
3,64,2.0,0.0,2.0,[2 4],74.0,53.0,90.0,44.0,92.0,58.0,76.0,49.0,72.0,64.0
3,65,2.0,0.0,2.0,[2 4],72.0,64.0,92.0,58.0,74.0,53.0,56.0,63.0,76.0,49.0
3,66,2.0,0.0,2.0,[2 4],76.0,49.0,74.0,53.0,72.0,64.0,82.0,62.0,56.0,63.0
3,67,2.0,0.0,2.0,[2 4],56.0,63.0,72.0,64.0,76.0,49.0,70.0,45.0,82.0,62.0
3,68,2.0,0.0,2.0,[2 4],82.0,62.0,76.0,49.0,56.0,63.0,78.0,76.0,70.0,45.0
3,69,2.0,0.0,2.0,[2 4],70.0,45.0,56.0,63.0,82.0,62.0,59.0,57.0,78.0,76.0
3,70,2.0,0.0,2.0,[2 4],78.0,76.0,82.0,62.0,70.0,45.0,84.0,44.0,59.0,57.0
3,71,2.0,0.0,2.0,[2 4],59.0,57.0,70.0,45.0,78.0,76.0,65.0,59.0,84.0,44.0
3,72,2.0,0.0,2.0,[2 4],84.0,44.0,78.0,76.0,59.0,57.0,85.0,82.0,65.0,59.0
3,73,2.0,0.0,2.0,[2 4],65.0,59.0,59.0,57.0,84.0,44.0,68.0,48.0,85.0,82.0
3,74,2.0,0.0,2.0,[2 4],85.0,82.0,84.0,44.0,65.0,59.0,84.0,88.0,68.0,48.0
3,75,2.0,0.0,2.0,[2 4],68.0,48.0,65.0,59.0,85.0,82.0,80.0,73.0,84.0,88.0
3,76,2.0,0.0,2.0,[2 4],84.0,88.0,85.0,82.0,68.0,48.0,79.0,52.0,80.0,73.0
3,77,2.0,0.0,2.0,[2 4],80.0,73.0,68.0,48.0,84.0,88.0,77.0,74.0,79.0,52.0
3,78,2.0,0.0,2.0,[2 4],79.0,52.0,84.0,88.0,80.0,73.0,95.0,46.0,77.0,74.0
3,79,2.0,0.0,2.0,[2 4],77.0,74.0,80.0,73.0,79.0,52.0,86.0,48.0,95.0,46.0
3,80,2.0,0.0,2.0,[2 4],95.0,46.0,79.0,52.0,77.0,74.0,78.0,67.0,86.0,48.0
3,81,2.0,0.0,2.0,[2 4],86.0,48.0,77.0,74.0,95.0,46.0,75.0,55.0,78.0,67.0
3,82,2.0,0.0,2.0,[2 4],78.0,67.0,95.0,46.0,86.0,48.0,68.0,45.0,75.0,55.0
3,83,2.0,0.0,2.0,[2 4],75.0,55.0,86.0,48.0,78.0,67.0,93.0,90.0,68.0,45.0
3,84,2.0,0.0,2.0,[2 4],68.0,45.0,78.0,67.0,75.0,55.0,63.0,90.0,93.0,90.0
3,85,2.0,0.0,2.0,[2 4],93.0,90.0,75.0,55.0,68.0,45.0,69.0,50.0,63.0,90.0
3,86,2.0,0.0,2.0,[2 4],63.0,90.0,68.0,45.0,93.0,90.0,68.0,79.0,69.0,50.0
3,87,2.0,0.0,2.0,[2 4],69.0,50.0,93.0,90.0,63.0,90.0,47.0,87.0,68.0,79.0
3,88,2.0,0.0,2.0,[2 4],68.0,79.0,63.0,90.0,69.0,50.0,62.0,73.0,47.0,87.0
3,89,2.0,0.0,2.0,[2 4],47.0,87.0,69.0,50.0,68.0,79.0,70.0,93.0,62.0,73.0
3,90,2.0,0.0,2.0,[2 4],62.0,73.0,68.0,79.0,47.0,87.0,73.0,84.0,70.0,93.0
3,91,2.0,0.0,2.0,[2 4],70.0,93.0,47.0,87.0,62.0,73.0,79.0,81.0,73.0,84.0
3,92,2.0,0.0,2.0,[2 4],73.0,84.0,62.0,73.0,70.0,93.0,82.0,108.0,79.0,81.0
3,93,2.0,0.0,2.0,[2 4],79.0,81.0,70.0,93.0,73.0,84.0,69.0,116.0,82.0,108.0
3,94,2.0,0.0,2.0,[2 4],82.0,108.0,73.0,84.0,79.0,81.0,94.0,76.0,69.0,116.0
3,95,2.0,0.0,2.0,[2 4],69.0,116.0,79.0,81.0,82.0,108.0,105.0,121.0,94.0,76.0
3,96,2.0,0.0,2.0,[2 4],94.0,76.0,82.0,108.0,69.0,116.0,102.0,122.0,105.0,121.0
3,97,2.0,0.0,2.0,[2 4],105.0,121.0,69.0,116.0,94.0,76.0,70.0,99.0,102.0,122.0
3,98,2.0,0.0,2.0,[2 4],102.0,122.0,94.0,76.0,105.0,121.0,79.0,109.0,70.0,99.0
3,99,2.0,0.0,2.0,[2 4],70.0,99.0,105.0,121.0,102.0,122.0,118.0,135.0,79.0,109.0
3,100,2.0,0.0,2.0,[2 4],79.0,109.0,102.0,122.0,70.0,99.0,91.0,101.0,118.0,135.0
3,101,2.0,0.0,2.0,[2 4],118.0,135.0,70.0,99.0,79.0,109.0,144.0,195.0,91.0,101.0
3,102,2.0,0.0,2.0,[2 4],91.0,101.0,79.0,109.0,118.0,135.0,134.0,262.0,144.0,195.0
3,103,2.0,0.0,2.0,[2 4],144.0,195.0,118.0,135.0,91.0,101.0,119.0,272.0,134.0,262.0
3,104,2.0,0.0,2.0,[2 4],134.0,262.0,91.0,101.0,144.0,195.0,125.0,242.0,119.0,272.0
3,105,2.0,0.0,2.0,[2 4],119.0,272.0,144.0,195.0,134.0,262.0,150.0,299.0,125.0,242.0
3,106,2.0,0.0,2.0,[2 4],125.0,242.0,134.0,262.0,119.0,272.0,134.0,439.0,150.0,299.0
3,107,2.0,0.0,2.0,[2 4],150.0,299.0,119.0,272.0,125.0,242.0,174.0,342.0,134.0,439.0
3,108,2.0,0.0,2.0,[2 4],134.0,439.0,125.0,242.0,150.0,299.0,165.0,315.0,174.0,342.0
3,109,2.0,0.0,2.0,[2 4],174.0,342.0,150.0,299.0,134.0,439.0,170.0,365.0,165.0,315.0
3,110,2.0,0.0,2.0,[2 4],165.0,315.0,134.0,439.0,174.0,342.0,171.0,317.0,170.0,365.0
3,111,2.0,0.0,2.0,[2 4],170.0,365.0,174.0,342.0,165.0,315.0,99.0,209.0,171.0,317.0
3,112,2.0,0.0,2.0,[2 4],171.0,317.0,165.0,315.0,170.0,365.0,127.0,241.0,99.0,209.0
3,113,2.0,0.0,2.0,[2 4],99.0,209.0,170.0,365.0,171.0,317.0,140.0,198.0,127.0,241.0
3,114,2.0,0.0,2.0,[2 4],127.0,241.0,171.0,317.0,99.0,209.0,110.0,190.0,140.0,198.0
3,115,2.0,0.0,2.0,[2 4],140.0,198.0,99.0,209.0,127.0,241.0,54.0,177.0,110.0,190.0
3,116,2.0,0.0,2.0,[2 4],110.0,190.0,127.0,241.0,140.0,198.0,110.0,162.0,54.0,177.0
3,117,2.0,0.0,2.0,[2 4],54.0,177.0,140.0,198.0,110.0,190.0,73.0,163.0,110.0,162.0
3,118,2.0,0.0,2.0,[2 4],110.0,162.0,110.0,190.0,54.0,177.0,71.0,145.0,73.0,163.0
3,119,2.0,0.0,2.0,[2 4],73.0,163.0,54.0,177.0,110.0,162.0,132.0,201.0,71.0,145.0
3,120,2.0,0.0,2.0,[2 4],71.0,145.0,110.0,162.0,73.0,163.0,99.0,151.0,132.0,201.0
3,121,2.0,0.0,2.0,[2 4],132.0,201.0,73.0,163.0,71.0,145.0,101.0,215.0,99.0,151.0
3,122,2.0,0.0,2.0,[2 4],99.0,151.0,71.0,145.0,132.0,201.0,97.0,180.0,101.0,215.0
3,123,2.0,0.0,2.0,[2 4],101.0,215.0,132.0,201.0,99.0,151.0,87.0,132.0,97.0,180.0
3,124,2.0,0.0,2.0,[2 4],97.0,180.0,99.0,151.0,101.0,215.0,77.0,159.0,87.0,132.0
3,125,2.0,0.0,2.0,[2 4],87.0,132.0,101.0,215.0,97.0,180.0,131.0,187.0,77.0,159.0
3,126,2.0,0.0,2.0,[2 4],77.0,159.0,97.0,180.0,87.0,132.0,68.0,212.0,131.0,187.0
3,127,2.0,0.0,2.0,[2 4],131.0,187.0,87.0,132.0,77.0,159.0,79.0,137.0,68.0,212.0
3,128,2.0,0.0,2.0,[2 4],68.0,212.0,77.0,159.0,131.0,187.0,114.0,104.0,79.0,137.0
3,129,2.0,0.0,2.0,[2 4],79.0,137.0,131.0,187.0,68.0,212.0,43.0,163.0,114.0,104.0
3,130,2.0,0.0,2.0,[2 4],114.0,104.0,68.0,212.0,79.0,137.0,29.0,142.0,43.0,163.0
3,131,2.0,0.0,2.0,[2 4],43.0,163.0,79.0,137.0,114.0,104.0,56.0,108.0,29.0,142.0
3,132,2.0,0.0,2.0,[2 4],29.0,142.0,114.0,104.0,43.0,163.0,29.0,81.0,56.0,108.0
3,133,2.0,0.0,2.0,[2 4],56.0,108.0,43.0,163.0,29.0,142.0,36.0,84.0,29.0,81.0
3,134,2.0,0.0,2.0,[2 4],29.0,81.0,29.0,142.0,56.0,108.0,25.0,115.0,36.0,84.0
3,135,2.0,0.0,2.0,[2 4],36.0,84.0,56.0,108.0,29.0,81.0,11.0,51.0,25.0,115.0
3,136,2.0,0.0,2.0,[2 4],25.0,115.0,29.0,81.0,36.0,84.0,2.0,48.0,11.0,51.0
3,137,2.0,0.0,2.0,[2 4],11.0,51.0,36.0,84.0,25.0,115.0,2.0,42.0,2.0,48.0
3,138,2.0,0.0,2.0,[2 4],2.0,48.0,25.0,115.0,11.0,51.0,1.0,11.0,2.0,42.0
3,139,2.0,0.0,2.0,[2 4],2.0,42.0,11.0,51.0,2.0,48.0,2.0,19.0,1.0,11.0
3,140,2.0,0.0,2.0,[2 4],1.0,11.0,2.0,48.0,2.0,42.0,0.0,11.0,2.0,19.0
3,141,2.0,0.0,2.0,[2 4],2.0,19.0,2.0,42.0,1.0,11.0,2.0,6.0,0.0,11.0
3,142,2.0,0.0,2.0,[2 4],0.0,11.0,1.0,11.0,2.0,19.0,0.0,0.0,2.0,6.0
3,143,2.0,0.0,2.0,[2 4],2.0,6.0,2.0,19.0,0.0,11.0,0.0,0.0,0.0,0.0
4,0,2.0,0.0,2.0,[3 5],1.0,0.0,0.0,0.0,0.0,0.0,0.0,0.0,0.0,1.0
4,1,2.0,0.0,2.0,[3 5],0.0,1.0,0.0,0.0,1.0,0.0,0.0,0.0,0.0,0.0
4,2,2.0,0.0,2.0,[3 5],0.0,0.0,1.0,0.0,0.0,1.0,2.0,0.0,0.0,0.0
4,3,2.0,0.0,2.0,[3 5],0.0,0.0,0.0,1.0,0.0,0.0,0.0,1.0,2.0,0.0
4,4,2.0,0.0,2.0,[3 5],2.0,0.0,0.0,0.0,0.0,0.0,1.0,0.0,0.0,1.0
4,5,2.0,0.0,2.0,[3 5],0.0,1.0,0.0,0.0,2.0,0.0,1.0,1.0,1.0,0.0
4,6,2.0,0.0,2.0,[3 5],1.0,0.0,2.0,0.0,0.0,1.0,0.0,1.0,1.0,1.0
4,7,2.0,0.0,2.0,[3 5],1.0,1.0,0.0,1.0,1.0,0.0,0.0,0.0,0.0,1.0
4,8,2.0,0.0,2.0,[3 5],0.0,1.0,1.0,0.0,1.0,1.0,2.0,2.0,0.0,0.0
4,9,2.0,0.0,2.0,[3 5],0.0,0.0,1.0,1.0,0.0,1.0,0.0,0.0,2.0,2.0
4,10,2.0,0.0,2.0,[3 5],2.0,2.0,0.0,1.0,0.0,0.0,0.0,1.0,0.0,0.0
4,11,2.0,0.0,2.0,[3 5],0.0,0.0,0.0,0.0,2.0,2.0,0.0,0.0,0.0,1.0
4,12,2.0,0.0,2.0,[3 5],0.0,1.0,2.0,2.0,0.0,0.0,0.0,0.0,0.0,0.0
4,13,2.0,0.0,2.0,[3 5],0.0,0.0,0.0,0.0,0.0,1.0,0.0,0.0,0.0,0.0
4,14,2.0,0.0,2.0,[3 5],0.0,0.0,0.0,1.0,0.0,0.0,0.0,0.0,0.0,0.0
4,15,2.0,0.0,2.0,[3 5],0.0,0.0,0.0,0.0,0.0,0.0,0.0,0.0,0.0,0.0
4,16,2.0,0.0,2.0,[3 5],0.0,0.0,0.0,0.0,0.0,0.0,0.0,0.0,0.0,0.0
4,17,2.0,0.0,2.0,[3 5],0.0,0.0,0.0,0.0,0.0,0.0,0.0,0.0,0.0,0.0
4,18,2.0,0.0,2.0,[3 5],0.0,0.0,0.0,0.0,0.0,0.0,0.0,0.0,0.0,0.0
4,19,2.0,0.0,2.0,[3 5],0.0,0.0,0.0,0.0,0.0,0.0,0.0,0.0,0.0,0.0
4,20,2.0,0.0,2.0,[3 5],0.0,0.0,0.0,0.0,0.0,0.0,0.0,0.0,0.0,0.0
4,21,2.0,0.0,2.0,[3 5],0.0,0.0,0.0,0.0,0.0,0.0,0.0,0.0,0.0,0.0
4,22,2.0,0.0,2.0,[3 5],0.0,0.0,0.0,0.0,0.0,0.0,0.0,0.0,0.0,0.0
4,23,2.0,0.0,2.0,[3 5],0.0,0.0,0.0,0.0,0.0,0.0,3.0,0.0,0.0,0.0
4,24,2.0,0.0,2.0,[3 5],0.0,0.0,0.0,0.0,0.0,0.0,0.0,3.0,3.0,0.0
4,25,2.0,0.0,2.0,[3 5],3.0,0.0,0.0,0.0,0.0,0.0,0.0,0.0,0.0,3.0
4,26,2.0,0.0,2.0,[3 5],0.0,3.0,0.0,0.0,3.0,0.0,0.0,0.0,0.0,0.0
4,27,2.0,0.0,2.0,[3 5],0.0,0.0,3.0,0.0,0.0,3.0,0.0,0.0,0.0,0.0
4,28,2.0,0.0,2.0,[3 5],0.0,0.0,0.0,3.0,0.0,0.0,1.0,1.0,0.0,0.0
4,29,2.0,0.0,2.0,[3 5],0.0,0.0,0.0,0.0,0.0,0.0,0.0,0.0,1.0,1.0
4,30,2.0,0.0,2.0,[3 5],1.0,1.0,0.0,0.0,0.0,0.0,0.0,0.0,0.0,0.0
4,31,2.0,0.0,2.0,[3 5],0.0,0.0,0.0,0.0,1.0,1.0,0.0,0.0,0.0,0.0
4,32,2.0,0.0,2.0,[3 5],0.0,0.0,1.0,1.0,0.0,0.0,8.0,1.0,0.0,0.0
4,33,2.0,0.0,2.0,[3 5],0.0,0.0,0.0,0.0,0.0,0.0,25.0,0.0,8.0,1.0
4,34,2.0,0.0,2.0,[3 5],8.0,1.0,0.0,0.0,0.0,0.0,29.0,6.0,25.0,0.0
4,35,2.0,0.0,2.0,[3 5],25.0,0.0,0.0,0.0,8.0,1.0,27.0,5.0,29.0,6.0
4,36,2.0,0.0,2.0,[3 5],29.0,6.0,8.0,1.0,25.0,0.0,30.0,64.0,27.0,5.0
4,37,2.0,0.0,2.0,[3 5],27.0,5.0,25.0,0.0,29.0,6.0,44.0,53.0,30.0,64.0
4,38,2.0,0.0,2.0,[3 5],30.0,64.0,29.0,6.0,27.0,5.0,101.0,49.0,44.0,53.0
4,39,2.0,0.0,2.0,[3 5],44.0,53.0,27.0,5.0,30.0,64.0,136.0,84.0,101.0,49.0
4,40,2.0,0.0,2.0,[3 5],101.0,49.0,30.0,64.0,44.0,53.0,132.0,91.0,136.0,84.0
4,41,2.0,0.0,2.0,[3 5],136.0,84.0,44.0,53.0,101.0,49.0,204.0,140.0,132.0,91.0
4,42,2.0,0.0,2.0,[3 5],132.0,91.0,101.0,49.0,136.0,84.0,329.0,245.0,204.0,140.0
4,43,2.0,0.0,2.0,[3 5],204.0,140.0,136.0,84.0,132.0,91.0,425.0,249.0,329.0,245.0
4,44,2.0,0.0,2.0,[3 5],329.0,245.0,132.0,91.0,204.0,140.0,510.0,730.0,425.0,249.0
4,45,2.0,0.0,2.0,[3 5],425.0,249.0,204.0,140.0,329.0,245.0,612.0,796.0,510.0,730.0
4,46,2.0,0.0,2.0,[3 5],510.0,730.0,329.0,245.0,425.0,249.0,634.0,958.0,612.0,796.0
4,47,2.0,0.0,2.0,[3 5],612.0,796.0,425.0,249.0,510.0,730.0,498.0,2028.0,634.0,958.0
4,48,2.0,0.0,2.0,[3 5],634.0,958.0,510.0,730.0,612.0,796.0,444.0,2114.0,498.0,2028.0
4,49,2.0,0.0,2.0,[3 5],498.0,2028.0,612.0,796.0,634.0,958.0,524.0,2266.0,444.0,2114.0
4,50,2.0,0.0,2.0,[3 5],444.0,2114.0,634.0,958.0,498.0,2028.0,402.0,2383.0,524.0,2266.0
4,51,2.0,0.0,2.0,[3 5],524.0,2266.0,498.0,2028.0,444.0,2114.0,354.0,1649.0,402.0,2383.0
4,52,2.0,0.0,2.0,[3 5],402.0,2383.0,444.0,2114.0,524.0,2266.0,329.0,1518.0,354.0,1649.0
4,53,2.0,0.0,2.0,[3 5],354.0,1649.0,524.0,2266.0,402.0,2383.0,272.0,1337.0,329.0,1518.0
4,54,2.0,0.0,2.0,[3 5],329.0,1518.0,402.0,2383.0,354.0,1649.0,262.0,898.0,272.0,1337.0
4,55,2.0,0.0,2.0,[3 5],272.0,1337.0,354.0,1649.0,329.0,1518.0,244.0,883.0,262.0,898.0
4,56,2.0,0.0,2.0,[3 5],262.0,898.0,329.0,1518.0,272.0,1337.0,213.0,461.0,244.0,883.0
4,57,2.0,0.0,2.0,[3 5],244.0,883.0,272.0,1337.0,262.0,898.0,207.0,438.0,213.0,461.0
4,58,2.0,0.0,2.0,[3 5],213.0,461.0,262.0,898.0,244.0,883.0,187.0,322.0,207.0,438.0
4,59,2.0,0.0,2.0,[3 5],207.0,438.0,244.0,883.0,213.0,461.0,214.0,236.0,187.0,322.0
4,60,2.0,0.0,2.0,[3 5],187.0,322.0,213.0,461.0,207.0,438.0,198.0,289.0,214.0,236.0
4,61,2.0,0.0,2.0,[3 5],214.0,236.0,207.0,438.0,187.0,322.0,222.0,247.0,198.0,289.0
4,62,2.0,0.0,2.0,[3 5],198.0,289.0,187.0,322.0,214.0,236.0,177.0,171.0,222.0,247.0
4,63,2.0,0.0,2.0,[3 5],222.0,247.0,214.0,236.0,198.0,289.0,184.0,243.0,177.0,171.0
4,64,2.0,0.0,2.0,[3 5],177.0,171.0,198.0,289.0,222.0,247.0,213.0,236.0,184.0,243.0
4,65,2.0,0.0,2.0,[3 5],184.0,243.0,222.0,247.0,177.0,171.0,176.0,207.0,213.0,236.0
4,66,2.0,0.0,2.0,[3 5],213.0,236.0,177.0,171.0,184.0,243.0,211.0,191.0,176.0,207.0
4,67,2.0,0.0,2.0,[3 5],176.0,207.0,184.0,243.0,213.0,236.0,195.0,280.0,211.0,191.0
4,68,2.0,0.0,2.0,[3 5],211.0,191.0,213.0,236.0,176.0,207.0,189.0,187.0,195.0,280.0
4,69,2.0,0.0,2.0,[3 5],195.0,280.0,176.0,207.0,211.0,191.0,202.0,200.0,189.0,187.0
4,70,2.0,0.0,2.0,[3 5],189.0,187.0,211.0,191.0,195.0,280.0,212.0,215.0,202.0,200.0
4,71,2.0,0.0,2.0,[3 5],202.0,200.0,195.0,280.0,189.0,187.0,234.0,144.0,212.0,215.0
4,72,2.0,0.0,2.0,[3 5],212.0,215.0,189.0,187.0,202.0,200.0,244.0,298.0,234.0,144.0
4,73,2.0,0.0,2.0,[3 5],234.0,144.0,202.0,200.0,212.0,215.0,186.0,251.0,244.0,298.0
4,74,2.0,0.0,2.0,[3 5],244.0,298.0,212.0,215.0,234.0,144.0,270.0,227.0,186.0,251.0
4,75,2.0,0.0,2.0,[3 5],186.0,251.0,234.0,144.0,244.0,298.0,210.0,199.0,270.0,227.0
4,76,2.0,0.0,2.0,[3 5],270.0,227.0,244.0,298.0,186.0,251.0,198.0,253.0,210.0,199.0
4,77,2.0,0.0,2.0,[3 5],210.0,199.0,186.0,251.0,270.0,227.0,197.0,257.0,198.0,253.0
4,78,2.0,0.0,2.0,[3 5],198.0,253.0,270.0,227.0,210.0,199.0,219.0,235.0,197.0,257.0
4,79,2.0,0.0,2.0,[3 5],197.0,257.0,210.0,199.0,198.0,253.0,201.0,314.0,219.0,235.0
4,80,2.0,0.0,2.0,[3 5],219.0,235.0,198.0,253.0,197.0,257.0,230.0,199.0,201.0,314.0
4,81,2.0,0.0,2.0,[3 5],201.0,314.0,197.0,257.0,219.0,235.0,236.0,253.0,230.0,199.0
4,82,2.0,0.0,2.0,[3 5],230.0,199.0,219.0,235.0,201.0,314.0,181.0,264.0,236.0,253.0
4,83,2.0,0.0,2.0,[3 5],236.0,253.0,201.0,314.0,230.0,199.0,240.0,258.0,181.0,264.0
4,84,2.0,0.0,2.0,[3 5],181.0,264.0,230.0,199.0,236.0,253.0,202.0,200.0,240.0,258.0
4,85,2.0,0.0,2.0,[3 5],240.0,258.0,236.0,253.0,181.0,264.0,199.0,249.0,202.0,200.0
4,86,2.0,0.0,2.0,[3 5],202.0,200.0,181.0,264.0,240.0,258.0,222.0,166.0,199.0,249.0
4,87,2.0,0.0,2.0,[3 5],199.0,249.0,240.0,258.0,202.0,200.0,234.0,217.0,222.0,166.0
4,88,2.0,0.0,2.0,[3 5],222.0,166.0,202.0,200.0,199.0,249.0,221.0,243.0,234.0,217.0
4,89,2.0,0.0,2.0,[3 5],234.0,217.0,199.0,249.0,222.0,166.0,219.0,240.0,221.0,243.0
4,90,2.0,0.0,2.0,[3 5],221.0,243.0,222.0,166.0,234.0,217.0,219.0,193.0,219.0,240.0
4,91,2.0,0.0,2.0,[3 5],219.0,240.0,234.0,217.0,221.0,243.0,278.0,226.0,219.0,193.0
4,92,2.0,0.0,2.0,[3 5],219.0,193.0,221.0,243.0,219.0,240.0,257.0,239.0,278.0,226.0
4,93,2.0,0.0,2.0,[3 5],278.0,226.0,219.0,240.0,219.0,193.0,228.0,197.0,257.0,239.0
4,94,2.0,0.0,2.0,[3 5],257.0,239.0,219.0,193.0,278.0,226.0,256.0,226.0,228.0,197.0
4,95,2.0,0.0,2.0,[3 5],228.0,197.0,278.0,226.0,257.0,239.0,265.0,242.0,256.0,226.0
4,96,2.0,0.0,2.0,[3 5],256.0,226.0,257.0,239.0,228.0,197.0,256.0,235.0,265.0,242.0
4,97,2.0,0.0,2.0,[3 5],265.0,242.0,228.0,197.0,256.0,226.0,281.0,287.0,256.0,235.0
4,98,2.0,0.0,2.0,[3 5],256.0,235.0,256.0,226.0,265.0,242.0,318.0,197.0,281.0,287.0
4,99,2.0,0.0,2.0,[3 5],281.0,287.0,265.0,242.0,256.0,235.0,379.0,264.0,318.0,197.0
4,100,2.0,0.0,2.0,[3 5],318.0,197.0,256.0,235.0,281.0,287.0,445.0,315.0,379.0,264.0
4,101,2.0,0.0,2.0,[3 5],379.0,264.0,281.0,287.0,318.0,197.0,824.0,290.0,445.0,315.0
4,102,2.0,0.0,2.0,[3 5],445.0,315.0,318.0,197.0,379.0,264.0,836.0,406.0,824.0,290.0
4,103,2.0,0.0,2.0,[3 5],824.0,290.0,379.0,264.0,445.0,315.0,788.0,446.0,836.0,406.0
4,104,2.0,0.0,2.0,[3 5],836.0,406.0,445.0,315.0,824.0,290.0,1234.0,499.0,788.0,446.0
4,105,2.0,0.0,2.0,[3 5],788.0,446.0,824.0,290.0,836.0,406.0,1164.0,575.0,1234.0,499.0
4,106,2.0,0.0,2.0,[3 5],1234.0,499.0,836.0,406.0,788.0,446.0,1025.0,487.0,1164.0,575.0
4,107,2.0,0.0,2.0,[3 5],1164.0,575.0,788.0,446.0,1234.0,499.0,1123.0,586.0,1025.0,487.0
4,108,2.0,0.0,2.0,[3 5],1025.0,487.0,1234.0,499.0,1164.0,575.0,1149.0,492.0,1123.0,586.0
4,109,2.0,0.0,2.0,[3 5],1123.0,586.0,1164.0,575.0,1025.0,487.0,948.0,439.0,1149.0,492.0
4,110,2.0,0.0,2.0,[3 5],1149.0,492.0,1025.0,487.0,1123.0,586.0,846.0,323.0,948.0,439.0
4,111,2.0,0.0,2.0,[3 5],948.0,439.0,1123.0,586.0,1149.0,492.0,855.0,388.0,846.0,323.0
4,112,2.0,0.0,2.0,[3 5],846.0,323.0,1149.0,492.0,948.0,439.0,627.0,306.0,855.0,388.0
4,113,2.0,0.0,2.0,[3 5],855.0,388.0,948.0,439.0,846.0,323.0,556.0,306.0,627.0,306.0
4,114,2.0,0.0,2.0,[3 5],627.0,306.0,846.0,323.0,855.0,388.0,487.0,202.0,556.0,306.0
4,115,2.0,0.0,2.0,[3 5],556.0,306.0,855.0,388.0,627.0,306.0,424.0,221.0,487.0,202.0
4,116,2.0,0.0,2.0,[3 5],487.0,202.0,627.0,306.0,556.0,306.0,487.0,221.0,424.0,221.0
4,117,2.0,0.0,2.0,[3 5],424.0,221.0,556.0,306.0,487.0,202.0,411.0,256.0,487.0,221.0
4,118,2.0,0.0,2.0,[3 5],487.0,221.0,487.0,202.0,424.0,221.0,445.0,227.0,411.0,256.0
4,119,2.0,0.0,2.0,[3 5],411.0,256.0,424.0,221.0,487.0,221.0,536.0,228.0,445.0,227.0
4,120,2.0,0.0,2.0,[3 5],445.0,227.0,487.0,221.0,411.0,256.0,486.0,236.0,536.0,228.0
4,121,2.0,0.0,2.0,[3 5],536.0,228.0,411.0,256.0,445.0,227.0,485.0,226.0,486.0,236.0
4,122,2.0,0.0,2.0,[3 5],486.0,236.0,445.0,227.0,536.0,228.0,512.0,177.0,485.0,226.0
4,123,2.0,0.0,2.0,[3 5],485.0,226.0,536.0,228.0,486.0,236.0,447.0,275.0,512.0,177.0
4,124,2.0,0.0,2.0,[3 5],512.0,177.0,486.0,236.0,485.0,226.0,427.0,184.0,447.0,275.0
4,125,2.0,0.0,2.0,[3 5],447.0,275.0,485.0,226.0,512.0,177.0,504.0,211.0,427.0,184.0
4,126,2.0,0.0,2.0,[3 5],427.0,184.0,512.0,177.0,447.0,275.0,507.0,170.0,504.0,211.0
4,127,2.0,0.0,2.0,[3 5],504.0,211.0,447.0,275.0,427.0,184.0,432.0,176.0,507.0,170.0
4,128,2.0,0.0,2.0,[3 5],507.0,170.0,427.0,184.0,504.0,211.0,366.0,183.0,432.0,176.0
4,129,2.0,0.0,2.0,[3 5],432.0,176.0,504.0,211.0,507.0,170.0,303.0,159.0,366.0,183.0
4,130,2.0,0.0,2.0,[3 5],366.0,183.0,507.0,170.0,432.0,176.0,268.0,147.0,303.0,159.0
4,131,2.0,0.0,2.0,[3 5],303.0,159.0,432.0,176.0,366.0,183.0,273.0,137.0,268.0,147.0
4,132,2.0,0.0,2.0,[3 5],268.0,147.0,366.0,183.0,303.0,159.0,265.0,128.0,273.0,137.0
4,133,2.0,0.0,2.0,[3 5],273.0,137.0,303.0,159.0,268.0,147.0,189.0,123.0,265.0,128.0
4,134,2.0,0.0,2.0,[3 5],265.0,128.0,268.0,147.0,273.0,137.0,129.0,98.0,189.0,123.0
4,135,2.0,0.0,2.0,[3 5],189.0,123.0,273.0,137.0,265.0,128.0,72.0,57.0,129.0,98.0
4,136,2.0,0.0,2.0,[3 5],129.0,98.0,265.0,128.0,189.0,123.0,26.0,36.0,72.0,57.0
4,137,2.0,0.0,2.0,[3 5],72.0,57.0,189.0,123.0,129.0,98.0,16.0,49.0,26.0,36.0
4,138,2.0,0.0,2.0,[3 5],26.0,36.0,129.0,98.0,72.0,57.0,9.0,12.0,16.0,49.0
4,139,2.0,0.0,2.0,[3 5],16.0,49.0,72.0,57.0,26.0,36.0,5.0,17.0,9.0,12.0
4,140,2.0,0.0,2.0,[3 5],9.0,12.0,26.0,36.0,16.0,49.0,1.0,15.0,5.0,17.0
4,141,2.0,0.0,2.0,[3 5],5.0,17.0,16.0,49.0,9.0,12.0,0.0,2.0,1.0,15.0
4,142,2.0,0.0,2.0,[3 5],1.0,15.0,9.0,12.0,5.0,17.0,0.0,0.0,0.0,2.0
4,143,2.0,0.0,2.0,[3 5],0.0,2.0,5.0,17.0,1.0,15.0,0.0,0.0,0.0,0.0
5,0,2.0,0.0,4.0,[ 4  6 74 75],0.0,1.0,0.0,0.0,0.0,0.0,0.0,0.0,0.0,0.0
5,1,2.0,0.0,4.0,[ 4  6 74 75],0.0,0.0,0.0,0.0,0.0,1.0,0.0,0.0,0.0,0.0
5,2,2.0,0.0,4.0,[ 4  6 74 75],0.0,0.0,0.0,1.0,0.0,0.0,0.0,0.0,0.0,0.0
5,3,2.0,0.0,4.0,[ 4  6 74 75],0.0,0.0,0.0,0.0,0.0,0.0,4.0,0.0,0.0,0.0
5,4,2.0,0.0,4.0,[ 4  6 74 75],0.0,0.0,0.0,0.0,0.0,0.0,2.0,4.0,4.0,0.0
5,5,2.0,0.0,4.0,[ 4  6 74 75],4.0,0.0,0.0,0.0,0.0,0.0,2.0,1.0,2.0,4.0
5,6,2.0,0.0,4.0,[ 4  6 74 75],2.0,4.0,0.0,0.0,4.0,0.0,1.0,3.0,2.0,1.0
5,7,2.0,0.0,4.0,[ 4  6 74 75],2.0,1.0,4.0,0.0,2.0,4.0,0.0,0.0,1.0,3.0
5,8,2.0,0.0,4.0,[ 4  6 74 75],1.0,3.0,2.0,4.0,2.0,1.0,1.0,1.0,0.0,0.0
5,9,2.0,0.0,4.0,[ 4  6 74 75],0.0,0.0,2.0,1.0,1.0,3.0,0.0,0.0,1.0,1.0
5,10,2.0,0.0,4.0,[ 4  6 74 75],1.0,1.0,1.0,3.0,0.0,0.0,1.0,1.0,0.0,0.0
5,11,2.0,0.0,4.0,[ 4  6 74 75],0.0,0.0,0.0,0.0,1.0,1.0,2.0,1.0,1.0,1.0
5,12,2.0,0.0,4.0,[ 4  6 74 75],1.0,1.0,1.0,1.0,0.0,0.0,1.0,1.0,2.0,1.0
5,13,2.0,0.0,4.0,[ 4  6 74 75],2.0,1.0,0.0,0.0,1.0,1.0,0.0,1.0,1.0,1.0
5,14,2.0,0.0,4.0,[ 4  6 74 75],1.0,1.0,1.0,1.0,2.0,1.0,2.0,2.0,0.0,1.0
5,15,2.0,0.0,4.0,[ 4  6 74 75],0.0,1.0,2.0,1.0,1.0,1.0,0.0,0.0,2.0,2.0
5,16,2.0,0.0,4.0,[ 4  6 74 75],2.0,2.0,1.0,1.0,0.0,1.0,0.0,0.0,0.0,0.0
5,17,2.0,0.0,4.0,[ 4  6 74 75],0.0,0.0,0.0,1.0,2.0,2.0,0.0,0.0,0.0,0.0
5,18,2.0,0.0,4.0,[ 4  6 74 75],0.0,0.0,2.0,2.0,0.0,0.0,0.0,0.0,0.0,0.0
5,19,2.0,0.0,4.0,[ 4  6 74 75],0.0,0.0,0.0,0.0,0.0,0.0,0.0,0.0,0.0,0.0
5,20,2.0,0.0,4.0,[ 4  6 74 75],0.0,0.0,0.0,0.0,0.0,0.0,0.0,0.0,0.0,0.0
5,21,2.0,0.0,4.0,[ 4  6 74 75],0.0,0.0,0.0,0.0,0.0,0.0,0.0,0.0,0.0,0.0
5,22,2.0,0.0,4.0,[ 4  6 74 75],0.0,0.0,0.0,0.0,0.0,0.0,0.0,0.0,0.0,0.0
5,23,2.0,0.0,4.0,[ 4  6 74 75],0.0,0.0,0.0,0.0,0.0,0.0,1.0,1.0,0.0,0.0
5,24,2.0,0.0,4.0,[ 4  6 74 75],0.0,0.0,0.0,0.0,0.0,0.0,1.0,0.0,1.0,1.0
5,25,2.0,0.0,4.0,[ 4  6 74 75],1.0,1.0,0.0,0.0,0.0,0.0,2.0,1.0,1.0,0.0
5,26,2.0,0.0,4.0,[ 4  6 74 75],1.0,0.0,0.0,0.0,1.0,1.0,0.0,0.0,2.0,1.0
5,27,2.0,0.0,4.0,[ 4  6 74 75],2.0,1.0,1.0,1.0,1.0,0.0,0.0,1.0,0.0,0.0
5,28,2.0,0.0,4.0,[ 4  6 74 75],0.0,0.0,1.0,0.0,2.0,1.0,0.0,1.0,0.0,1.0
5,29,2.0,0.0,4.0,[ 4  6 74 75],0.0,1.0,2.0,1.0,0.0,0.0,0.0,0.0,0.0,1.0
5,30,2.0,0.0,4.0,[ 4  6 74 75],0.0,1.0,0.0,0.0,0.0,1.0,2.0,1.0,0.0,0.0
5,31,2.0,0.0,4.0,[ 4  6 74 75],0.0,0.0,0.0,1.0,0.0,1.0,1.0,2.0,2.0,1.0
5,32,2.0,0.0,4.0,[ 4  6 74 75],2.0,1.0,0.0,1.0,0.0,0.0,2.0,2.0,1.0,2.0
5,33,2.0,0.0,4.0,[ 4  6 74 75],1.0,2.0,0.0,0.0,2.0,1.0,8.0,0.0,2.0,2.0
5,34,2.0,0.0,4.0,[ 4  6 74 75],2.0,2.0,2.0,1.0,1.0,2.0,20.0,3.0,8.0,0.0
5,35,2.0,0.0,4.0,[ 4  6 74 75],8.0,0.0,1.0,2.0,2.0,2.0,26.0,9.0,20.0,3.0
5,36,2.0,0.0,4.0,[ 4  6 74 75],20.0,3.0,2.0,2.0,8.0,0.0,35.0,26.0,26.0,9.0
5,37,2.0,0.0,4.0,[ 4  6 74 75],26.0,9.0,8.0,0.0,20.0,3.0,54.0,30.0,35.0,26.0
5,38,2.0,0.0,4.0,[ 4  6 74 75],35.0,26.0,20.0,3.0,26.0,9.0,65.0,41.0,54.0,30.0
5,39,2.0,0.0,4.0,[ 4  6 74 75],54.0,30.0,26.0,9.0,35.0,26.0,96.0,46.0,65.0,41.0
5,40,2.0,0.0,4.0,[ 4  6 74 75],65.0,41.0,35.0,26.0,54.0,30.0,101.0,80.0,96.0,46.0
5,41,2.0,0.0,4.0,[ 4  6 74 75],96.0,46.0,54.0,30.0,65.0,41.0,127.0,142.0,101.0,80.0
5,42,2.0,0.0,4.0,[ 4  6 74 75],101.0,80.0,65.0,41.0,96.0,46.0,170.0,160.0,127.0,142.0
5,43,2.0,0.0,4.0,[ 4  6 74 75],127.0,142.0,96.0,46.0,101.0,80.0,270.0,311.0,170.0,160.0
5,44,2.0,0.0,4.0,[ 4  6 74 75],170.0,160.0,101.0,80.0,127.0,142.0,326.0,467.0,270.0,311.0
5,45,2.0,0.0,4.0,[ 4  6 74 75],270.0,311.0,127.0,142.0,170.0,160.0,370.0,475.0,326.0,467.0
5,46,2.0,0.0,4.0,[ 4  6 74 75],326.0,467.0,170.0,160.0,270.0,311.0,456.0,598.0,370.0,475.0
5,47,2.0,0.0,4.0,[ 4  6 74 75],370.0,475.0,270.0,311.0,326.0,467.0,385.0,899.0,456.0,598.0
5,48,2.0,0.0,4.0,[ 4  6 74 75],456.0,598.0,326.0,467.0,370.0,475.0,386.0,954.0,385.0,899.0
5,49,2.0,0.0,4.0,[ 4  6 74 75],385.0,899.0,370.0,475.0,456.0,598.0,473.0,808.0,386.0,954.0
5,50,2.0,0.0,4.0,[ 4  6 74 75],386.0,954.0,456.0,598.0,385.0,899.0,336.0,894.0,473.0,808.0
5,51,2.0,0.0,4.0,[ 4  6 74 75],473.0,808.0,385.0,899.0,386.0,954.0,283.0,1009.0,336.0,894.0
5,52,2.0,0.0,4.0,[ 4  6 74 75],336.0,894.0,386.0,954.0,473.0,808.0,233.0,557.0,283.0,1009.0
5,53,2.0,0.0,4.0,[ 4  6 74 75],283.0,1009.0,473.0,808.0,336.0,894.0,214.0,420.0,233.0,557.0
5,54,2.0,0.0,4.0,[ 4  6 74 75],233.0,557.0,336.0,894.0,283.0,1009.0,199.0,389.0,214.0,420.0
5,55,2.0,0.0,4.0,[ 4  6 74 75],214.0,420.0,283.0,1009.0,233.0,557.0,154.0,332.0,199.0,389.0
5,56,2.0,0.0,4.0,[ 4  6 74 75],199.0,389.0,233.0,557.0,214.0,420.0,135.0,289.0,154.0,332.0
5,57,2.0,0.0,4.0,[ 4  6 74 75],154.0,332.0,214.0,420.0,199.0,389.0,156.0,246.0,135.0,289.0
5,58,2.0,0.0,4.0,[ 4  6 74 75],135.0,289.0,199.0,389.0,154.0,332.0,140.0,182.0,156.0,246.0
5,59,2.0,0.0,4.0,[ 4  6 74 75],156.0,246.0,154.0,332.0,135.0,289.0,119.0,195.0,140.0,182.0
5,60,2.0,0.0,4.0,[ 4  6 74 75],140.0,182.0,135.0,289.0,156.0,246.0,154.0,216.0,119.0,195.0
5,61,2.0,0.0,4.0,[ 4  6 74 75],119.0,195.0,156.0,246.0,140.0,182.0,132.0,175.0,154.0,216.0
5,62,2.0,0.0,4.0,[ 4  6 74 75],154.0,216.0,140.0,182.0,119.0,195.0,141.0,162.0,132.0,175.0
5,63,2.0,0.0,4.0,[ 4  6 74 75],132.0,175.0,119.0,195.0,154.0,216.0,157.0,134.0,141.0,162.0
5,64,2.0,0.0,4.0,[ 4  6 74 75],141.0,162.0,154.0,216.0,132.0,175.0,116.0,139.0,157.0,134.0
5,65,2.0,0.0,4.0,[ 4  6 74 75],157.0,134.0,132.0,175.0,141.0,162.0,131.0,158.0,116.0,139.0
5,66,2.0,0.0,4.0,[ 4  6 74 75],116.0,139.0,141.0,162.0,157.0,134.0,133.0,145.0,131.0,158.0
5,67,2.0,0.0,4.0,[ 4  6 74 75],131.0,158.0,157.0,134.0,116.0,139.0,189.0,146.0,133.0,145.0
5,68,2.0,0.0,4.0,[ 4  6 74 75],133.0,145.0,116.0,139.0,131.0,158.0,167.0,154.0,189.0,146.0
5,69,2.0,0.0,4.0,[ 4  6 74 75],189.0,146.0,131.0,158.0,133.0,145.0,166.0,135.0,167.0,154.0
5,70,2.0,0.0,4.0,[ 4  6 74 75],167.0,154.0,133.0,145.0,189.0,146.0,174.0,147.0,166.0,135.0
5,71,2.0,0.0,4.0,[ 4  6 74 75],166.0,135.0,189.0,146.0,167.0,154.0,160.0,161.0,174.0,147.0
5,72,2.0,0.0,4.0,[ 4  6 74 75],174.0,147.0,167.0,154.0,166.0,135.0,161.0,118.0,160.0,161.0
5,73,2.0,0.0,4.0,[ 4  6 74 75],160.0,161.0,166.0,135.0,174.0,147.0,150.0,138.0,161.0,118.0
5,74,2.0,0.0,4.0,[ 4  6 74 75],161.0,118.0,174.0,147.0,160.0,161.0,155.0,130.0,150.0,138.0
5,75,2.0,0.0,4.0,[ 4  6 74 75],150.0,138.0,160.0,161.0,161.0,118.0,147.0,134.0,155.0,130.0
5,76,2.0,0.0,4.0,[ 4  6 74 75],155.0,130.0,161.0,118.0,150.0,138.0,155.0,159.0,147.0,134.0
5,77,2.0,0.0,4.0,[ 4  6 74 75],147.0,134.0,150.0,138.0,155.0,130.0,126.0,169.0,155.0,159.0
5,78,2.0,0.0,4.0,[ 4  6 74 75],155.0,159.0,155.0,130.0,147.0,134.0,119.0,226.0,126.0,169.0
5,79,2.0,0.0,4.0,[ 4  6 74 75],126.0,169.0,147.0,134.0,155.0,159.0,146.0,187.0,119.0,226.0
5,80,2.0,0.0,4.0,[ 4  6 74 75],119.0,226.0,155.0,159.0,126.0,169.0,136.0,195.0,146.0,187.0
5,81,2.0,0.0,4.0,[ 4  6 74 75],146.0,187.0,126.0,169.0,119.0,226.0,165.0,201.0,136.0,195.0
5,82,2.0,0.0,4.0,[ 4  6 74 75],136.0,195.0,119.0,226.0,146.0,187.0,167.0,174.0,165.0,201.0
5,83,2.0,0.0,4.0,[ 4  6 74 75],165.0,201.0,146.0,187.0,136.0,195.0,195.0,189.0,167.0,174.0
5,84,2.0,0.0,4.0,[ 4  6 74 75],167.0,174.0,136.0,195.0,165.0,201.0,172.0,216.0,195.0,189.0
5,85,2.0,0.0,4.0,[ 4  6 74 75],195.0,189.0,165.0,201.0,167.0,174.0,132.0,177.0,172.0,216.0
5,86,2.0,0.0,4.0,[ 4  6 74 75],172.0,216.0,167.0,174.0,195.0,189.0,155.0,161.0,132.0,177.0
5,87,2.0,0.0,4.0,[ 4  6 74 75],132.0,177.0,195.0,189.0,172.0,216.0,162.0,155.0,155.0,161.0
5,88,2.0,0.0,4.0,[ 4  6 74 75],155.0,161.0,172.0,216.0,132.0,177.0,156.0,188.0,162.0,155.0
5,89,2.0,0.0,4.0,[ 4  6 74 75],162.0,155.0,132.0,177.0,155.0,161.0,148.0,146.0,156.0,188.0
5,90,2.0,0.0,4.0,[ 4  6 74 75],156.0,188.0,155.0,161.0,162.0,155.0,175.0,207.0,148.0,146.0
5,91,2.0,0.0,4.0,[ 4  6 74 75],148.0,146.0,162.0,155.0,156.0,188.0,161.0,184.0,175.0,207.0
5,92,2.0,0.0,4.0,[ 4  6 74 75],175.0,207.0,156.0,188.0,148.0,146.0,178.0,215.0,161.0,184.0
5,93,2.0,0.0,4.0,[ 4  6 74 75],161.0,184.0,148.0,146.0,175.0,207.0,172.0,194.0,178.0,215.0
5,94,2.0,0.0,4.0,[ 4  6 74 75],178.0,215.0,175.0,207.0,161.0,184.0,211.0,185.0,172.0,194.0
5,95,2.0,0.0,4.0,[ 4  6 74 75],172.0,194.0,161.0,184.0,178.0,215.0,198.0,161.0,211.0,185.0
5,96,2.0,0.0,4.0,[ 4  6 74 75],211.0,185.0,178.0,215.0,172.0,194.0,238.0,171.0,198.0,161.0
5,97,2.0,0.0,4.0,[ 4  6 74 75],198.0,161.0,172.0,194.0,211.0,185.0,277.0,164.0,238.0,171.0
5,98,2.0,0.0,4.0,[ 4  6 74 75],238.0,171.0,211.0,185.0,198.0,161.0,275.0,156.0,277.0,164.0
5,99,2.0,0.0,4.0,[ 4  6 74 75],277.0,164.0,198.0,161.0,238.0,171.0,263.0,140.0,275.0,156.0
5,100,2.0,0.0,4.0,[ 4  6 74 75],275.0,156.0,238.0,171.0,277.0,164.0,342.0,177.0,263.0,140.0
5,101,2.0,0.0,4.0,[ 4  6 74 75],263.0,140.0,277.0,164.0,275.0,156.0,640.0,268.0,342.0,177.0
5,102,2.0,0.0,4.0,[ 4  6 74 75],342.0,177.0,275.0,156.0,263.0,140.0,508.0,267.0,640.0,268.0
5,103,2.0,0.0,4.0,[ 4  6 74 75],640.0,268.0,263.0,140.0,342.0,177.0,657.0,321.0,508.0,267.0
5,104,2.0,0.0,4.0,[ 4  6 74 75],508.0,267.0,342.0,177.0,640.0,268.0,846.0,342.0,657.0,321.0
5,105,2.0,0.0,4.0,[ 4  6 74 75],657.0,321.0,640.0,268.0,508.0,267.0,615.0,382.0,846.0,342.0
5,106,2.0,0.0,4.0,[ 4  6 74 75],846.0,342.0,508.0,267.0,657.0,321.0,597.0,331.0,615.0,382.0
5,107,2.0,0.0,4.0,[ 4  6 74 75],615.0,382.0,657.0,321.0,846.0,342.0,599.0,308.0,597.0,331.0
5,108,2.0,0.0,4.0,[ 4  6 74 75],597.0,331.0,846.0,342.0,615.0,382.0,441.0,337.0,599.0,308.0
5,109,2.0,0.0,4.0,[ 4  6 74 75],599.0,308.0,615.0,382.0,597.0,331.0,382.0,245.0,441.0,337.0
5,110,2.0,0.0,4.0,[ 4  6 74 75],441.0,337.0,597.0,331.0,599.0,308.0,319.0,246.0,382.0,245.0
5,111,2.0,0.0,4.0,[ 4  6 74 75],382.0,245.0,599.0,308.0,441.0,337.0,274.0,189.0,319.0,246.0
5,112,2.0,0.0,4.0,[ 4  6 74 75],319.0,246.0,441.0,337.0,382.0,245.0,277.0,169.0,274.0,189.0
5,113,2.0,0.0,4.0,[ 4  6 74 75],274.0,189.0,382.0,245.0,319.0,246.0,226.0,146.0,277.0,169.0
5,114,2.0,0.0,4.0,[ 4  6 74 75],277.0,169.0,319.0,246.0,274.0,189.0,223.0,155.0,226.0,146.0
5,115,2.0,0.0,4.0,[ 4  6 74 75],226.0,146.0,274.0,189.0,277.0,169.0,229.0,127.0,223.0,155.0
5,116,2.0,0.0,4.0,[ 4  6 74 75],223.0,155.0,277.0,169.0,226.0,146.0,208.0,121.0,229.0,127.0
5,117,2.0,0.0,4.0,[ 4  6 74 75],229.0,127.0,226.0,146.0,223.0,155.0,194.0,138.0,208.0,121.0
5,118,2.0,0.0,4.0,[ 4  6 74 75],208.0,121.0,223.0,155.0,229.0,127.0,180.0,138.0,194.0,138.0
5,119,2.0,0.0,4.0,[ 4  6 74 75],194.0,138.0,229.0,127.0,208.0,121.0,229.0,134.0,180.0,138.0
5,120,2.0,0.0,4.0,[ 4  6 74 75],180.0,138.0,208.0,121.0,194.0,138.0,251.0,124.0,229.0,134.0
5,121,2.0,0.0,4.0,[ 4  6 74 75],229.0,134.0,194.0,138.0,180.0,138.0,223.0,114.0,251.0,124.0
5,122,2.0,0.0,4.0,[ 4  6 74 75],251.0,124.0,180.0,138.0,229.0,134.0,216.0,95.0,223.0,114.0
5,123,2.0,0.0,4.0,[ 4  6 74 75],223.0,114.0,229.0,134.0,251.0,124.0,178.0,120.0,216.0,95.0
5,124,2.0,0.0,4.0,[ 4  6 74 75],216.0,95.0,251.0,124.0,223.0,114.0,153.0,133.0,178.0,120.0
5,125,2.0,0.0,4.0,[ 4  6 74 75],178.0,120.0,223.0,114.0,216.0,95.0,167.0,129.0,153.0,133.0
5,126,2.0,0.0,4.0,[ 4  6 74 75],153.0,133.0,216.0,95.0,178.0,120.0,135.0,110.0,167.0,129.0
5,127,2.0,0.0,4.0,[ 4  6 74 75],167.0,129.0,178.0,120.0,153.0,133.0,116.0,107.0,135.0,110.0
5,128,2.0,0.0,4.0,[ 4  6 74 75],135.0,110.0,153.0,133.0,167.0,129.0,150.0,100.0,116.0,107.0
5,129,2.0,0.0,4.0,[ 4  6 74 75],116.0,107.0,167.0,129.0,135.0,110.0,91.0,124.0,150.0,100.0
5,130,2.0,0.0,4.0,[ 4  6 74 75],150.0,100.0,135.0,110.0,116.0,107.0,93.0,119.0,91.0,124.0
5,131,2.0,0.0,4.0,[ 4  6 74 75],91.0,124.0,116.0,107.0,150.0,100.0,80.0,91.0,93.0,119.0
5,132,2.0,0.0,4.0,[ 4  6 74 75],93.0,119.0,150.0,100.0,91.0,124.0,64.0,61.0,80.0,91.0
5,133,2.0,0.0,4.0,[ 4  6 74 75],80.0,91.0,91.0,124.0,93.0,119.0,73.0,57.0,64.0,61.0
5,134,2.0,0.0,4.0,[ 4  6 74 75],64.0,61.0,93.0,119.0,80.0,91.0,55.0,52.0,73.0,57.0
5,135,2.0,0.0,4.0,[ 4  6 74 75],73.0,57.0,80.0,91.0,64.0,61.0,44.0,33.0,55.0,52.0
5,136,2.0,0.0,4.0,[ 4  6 74 75],55.0,52.0,64.0,61.0,73.0,57.0,20.0,18.0,44.0,33.0
5,137,2.0,0.0,4.0,[ 4  6 74 75],44.0,33.0,73.0,57.0,55.0,52.0,14.0,15.0,20.0,18.0
5,138,2.0,0.0,4.0,[ 4  6 74 75],20.0,18.0,55.0,52.0,44.0,33.0,6.0,3.0,14.0,15.0
5,139,2.0,0.0,4.0,[ 4  6 74 75],14.0,15.0,44.0,33.0,20.0,18.0,4.0,13.0,6.0,3.0
5,140,2.0,0.0,4.0,[ 4  6 74 75],6.0,3.0,20.0,18.0,14.0,15.0,0.0,2.0,4.0,13.0
5,141,2.0,0.0,4.0,[ 4  6 74 75],4.0,13.0,14.0,15.0,6.0,3.0,0.0,4.0,0.0,2.0
5,142,2.0,0.0,4.0,[ 4  6 74 75],0.0,2.0,6.0,3.0,4.0,13.0,0.0,0.0,0.0,4.0
5,143,2.0,0.0,4.0,[ 4  6 74 75],0.0,4.0,4.0,13.0,0.0,2.0,0.0,0.0,0.0,0.0
6,0,2.0,0.0,2.0,[5 7],1.0,2.0,0.0,0.0,0.0,0.0,0.0,0.0,0.0,0.0
6,1,2.0,0.0,2.0,[5 7],0.0,0.0,0.0,0.0,1.0,2.0,0.0,0.0,0.0,0.0
6,2,2.0,0.0,2.0,[5 7],0.0,0.0,1.0,2.0,0.0,0.0,0.0,0.0,0.0,0.0
6,3,2.0,0.0,2.0,[5 7],0.0,0.0,0.0,0.0,0.0,0.0,0.0,0.0,0.0,0.0
6,4,2.0,0.0,2.0,[5 7],0.0,0.0,0.0,0.0,0.0,0.0,0.0,0.0,0.0,0.0
6,5,2.0,0.0,2.0,[5 7],0.0,0.0,0.0,0.0,0.0,0.0,0.0,0.0,0.0,0.0
6,6,2.0,0.0,2.0,[5 7],0.0,0.0,0.0,0.0,0.0,0.0,0.0,0.0,0.0,0.0
6,7,2.0,0.0,2.0,[5 7],0.0,0.0,0.0,0.0,0.0,0.0,0.0,0.0,0.0,0.0
6,8,2.0,0.0,2.0,[5 7],0.0,0.0,0.0,0.0,0.0,0.0,0.0,0.0,0.0,0.0
6,9,2.0,0.0,2.0,[5 7],0.0,0.0,0.0,0.0,0.0,0.0,0.0,0.0,0.0,0.0
6,10,2.0,0.0,2.0,[5 7],0.0,0.0,0.0,0.0,0.0,0.0,0.0,0.0,0.0,0.0
6,11,2.0,0.0,2.0,[5 7],0.0,0.0,0.0,0.0,0.0,0.0,0.0,0.0,0.0,0.0
6,12,2.0,0.0,2.0,[5 7],0.0,0.0,0.0,0.0,0.0,0.0,0.0,0.0,0.0,0.0
6,13,2.0,0.0,2.0,[5 7],0.0,0.0,0.0,0.0,0.0,0.0,0.0,0.0,0.0,0.0
6,14,2.0,0.0,2.0,[5 7],0.0,0.0,0.0,0.0,0.0,0.0,0.0,0.0,0.0,0.0
6,15,2.0,0.0,2.0,[5 7],0.0,0.0,0.0,0.0,0.0,0.0,0.0,0.0,0.0,0.0
6,16,2.0,0.0,2.0,[5 7],0.0,0.0,0.0,0.0,0.0,0.0,0.0,0.0,0.0,0.0
6,17,2.0,0.0,2.0,[5 7],0.0,0.0,0.0,0.0,0.0,0.0,0.0,0.0,0.0,0.0
6,18,2.0,0.0,2.0,[5 7],0.0,0.0,0.0,0.0,0.0,0.0,0.0,0.0,0.0,0.0
6,19,2.0,0.0,2.0,[5 7],0.0,0.0,0.0,0.0,0.0,0.0,0.0,0.0,0.0,0.0
6,20,2.0,0.0,2.0,[5 7],0.0,0.0,0.0,0.0,0.0,0.0,0.0,0.0,0.0,0.0
6,21,2.0,0.0,2.0,[5 7],0.0,0.0,0.0,0.0,0.0,0.0,0.0,0.0,0.0,0.0
6,22,2.0,0.0,2.0,[5 7],0.0,0.0,0.0,0.0,0.0,0.0,0.0,0.0,0.0,0.0
6,23,2.0,0.0,2.0,[5 7],0.0,0.0,0.0,0.0,0.0,0.0,0.0,0.0,0.0,0.0
6,24,2.0,0.0,2.0,[5 7],0.0,0.0,0.0,0.0,0.0,0.0,0.0,0.0,0.0,0.0
6,25,2.0,0.0,2.0,[5 7],0.0,0.0,0.0,0.0,0.0,0.0,0.0,0.0,0.0,0.0
6,26,2.0,0.0,2.0,[5 7],0.0,0.0,0.0,0.0,0.0,0.0,0.0,0.0,0.0,0.0
6,27,2.0,0.0,2.0,[5 7],0.0,0.0,0.0,0.0,0.0,0.0,0.0,0.0,0.0,0.0
6,28,2.0,0.0,2.0,[5 7],0.0,0.0,0.0,0.0,0.0,0.0,0.0,0.0,0.0,0.0
6,29,2.0,0.0,2.0,[5 7],0.0,0.0,0.0,0.0,0.0,0.0,0.0,0.0,0.0,0.0
6,30,2.0,0.0,2.0,[5 7],0.0,0.0,0.0,0.0,0.0,0.0,0.0,0.0,0.0,0.0
6,31,2.0,0.0,2.0,[5 7],0.0,0.0,0.0,0.0,0.0,0.0,2.0,0.0,0.0,0.0
6,32,2.0,0.0,2.0,[5 7],0.0,0.0,0.0,0.0,0.0,0.0,14.0,2.0,2.0,0.0
6,33,2.0,0.0,2.0,[5 7],2.0,0.0,0.0,0.0,0.0,0.0,9.0,0.0,14.0,2.0
6,34,2.0,0.0,2.0,[5 7],14.0,2.0,0.0,0.0,2.0,0.0,25.0,2.0,9.0,0.0
6,35,2.0,0.0,2.0,[5 7],9.0,0.0,2.0,0.0,14.0,2.0,20.0,17.0,25.0,2.0
6,36,2.0,0.0,2.0,[5 7],25.0,2.0,14.0,2.0,9.0,0.0,24.0,18.0,20.0,17.0
6,37,2.0,0.0,2.0,[5 7],20.0,17.0,9.0,0.0,25.0,2.0,38.0,33.0,24.0,18.0
6,38,2.0,0.0,2.0,[5 7],24.0,18.0,25.0,2.0,20.0,17.0,56.0,40.0,38.0,33.0
6,39,2.0,0.0,2.0,[5 7],38.0,33.0,20.0,17.0,24.0,18.0,60.0,88.0,56.0,40.0
6,40,2.0,0.0,2.0,[5 7],56.0,40.0,24.0,18.0,38.0,33.0,87.0,73.0,60.0,88.0
6,41,2.0,0.0,2.0,[5 7],60.0,88.0,38.0,33.0,56.0,40.0,96.0,97.0,87.0,73.0
6,42,2.0,0.0,2.0,[5 7],87.0,73.0,56.0,40.0,60.0,88.0,130.0,122.0,96.0,97.0
6,43,2.0,0.0,2.0,[5 7],96.0,97.0,60.0,88.0,87.0,73.0,184.0,105.0,130.0,122.0
6,44,2.0,0.0,2.0,[5 7],130.0,122.0,87.0,73.0,96.0,97.0,193.0,124.0,184.0,105.0
6,45,2.0,0.0,2.0,[5 7],184.0,105.0,96.0,97.0,130.0,122.0,227.0,136.0,193.0,124.0
6,46,2.0,0.0,2.0,[5 7],193.0,124.0,130.0,122.0,184.0,105.0,244.0,131.0,227.0,136.0
6,47,2.0,0.0,2.0,[5 7],227.0,136.0,184.0,105.0,193.0,124.0,233.0,140.0,244.0,131.0
6,48,2.0,0.0,2.0,[5 7],244.0,131.0,193.0,124.0,227.0,136.0,203.0,159.0,233.0,140.0
6,49,2.0,0.0,2.0,[5 7],233.0,140.0,227.0,136.0,244.0,131.0,228.0,156.0,203.0,159.0
6,50,2.0,0.0,2.0,[5 7],203.0,159.0,244.0,131.0,233.0,140.0,223.0,197.0,228.0,156.0
6,51,2.0,0.0,2.0,[5 7],228.0,156.0,233.0,140.0,203.0,159.0,150.0,170.0,223.0,197.0
6,52,2.0,0.0,2.0,[5 7],223.0,197.0,203.0,159.0,228.0,156.0,170.0,140.0,150.0,170.0
6,53,2.0,0.0,2.0,[5 7],150.0,170.0,228.0,156.0,223.0,197.0,149.0,99.0,170.0,140.0
6,54,2.0,0.0,2.0,[5 7],170.0,140.0,223.0,197.0,150.0,170.0,140.0,142.0,149.0,99.0
6,55,2.0,0.0,2.0,[5 7],149.0,99.0,150.0,170.0,170.0,140.0,98.0,155.0,140.0,142.0
6,56,2.0,0.0,2.0,[5 7],140.0,142.0,170.0,140.0,149.0,99.0,121.0,122.0,98.0,155.0
6,57,2.0,0.0,2.0,[5 7],98.0,155.0,149.0,99.0,140.0,142.0,128.0,110.0,121.0,122.0
6,58,2.0,0.0,2.0,[5 7],121.0,122.0,140.0,142.0,98.0,155.0,103.0,113.0,128.0,110.0
6,59,2.0,0.0,2.0,[5 7],128.0,110.0,98.0,155.0,121.0,122.0,127.0,121.0,103.0,113.0
6,60,2.0,0.0,2.0,[5 7],103.0,113.0,121.0,122.0,128.0,110.0,122.0,102.0,127.0,121.0
6,61,2.0,0.0,2.0,[5 7],127.0,121.0,128.0,110.0,103.0,113.0,100.0,119.0,122.0,102.0
6,62,2.0,0.0,2.0,[5 7],122.0,102.0,103.0,113.0,127.0,121.0,95.0,147.0,100.0,119.0
6,63,2.0,0.0,2.0,[5 7],100.0,119.0,127.0,121.0,122.0,102.0,97.0,107.0,95.0,147.0
6,64,2.0,0.0,2.0,[5 7],95.0,147.0,122.0,102.0,100.0,119.0,89.0,118.0,97.0,107.0
6,65,2.0,0.0,2.0,[5 7],97.0,107.0,100.0,119.0,95.0,147.0,95.0,118.0,89.0,118.0
6,66,2.0,0.0,2.0,[5 7],89.0,118.0,95.0,147.0,97.0,107.0,89.0,98.0,95.0,118.0
6,67,2.0,0.0,2.0,[5 7],95.0,118.0,97.0,107.0,89.0,118.0,107.0,91.0,89.0,98.0
6,68,2.0,0.0,2.0,[5 7],89.0,98.0,89.0,118.0,95.0,118.0,70.0,112.0,107.0,91.0
6,69,2.0,0.0,2.0,[5 7],107.0,91.0,95.0,118.0,89.0,98.0,108.0,110.0,70.0,112.0
6,70,2.0,0.0,2.0,[5 7],70.0,112.0,89.0,98.0,107.0,91.0,55.0,101.0,108.0,110.0
6,71,2.0,0.0,2.0,[5 7],108.0,110.0,107.0,91.0,70.0,112.0,70.0,106.0,55.0,101.0
6,72,2.0,0.0,2.0,[5 7],55.0,101.0,70.0,112.0,108.0,110.0,108.0,101.0,70.0,106.0
6,73,2.0,0.0,2.0,[5 7],70.0,106.0,108.0,110.0,55.0,101.0,107.0,118.0,108.0,101.0
6,74,2.0,0.0,2.0,[5 7],108.0,101.0,55.0,101.0,70.0,106.0,77.0,131.0,107.0,118.0
6,75,2.0,0.0,2.0,[5 7],107.0,118.0,70.0,106.0,108.0,101.0,98.0,134.0,77.0,131.0
6,76,2.0,0.0,2.0,[5 7],77.0,131.0,108.0,101.0,107.0,118.0,105.0,79.0,98.0,134.0
6,77,2.0,0.0,2.0,[5 7],98.0,134.0,107.0,118.0,77.0,131.0,110.0,110.0,105.0,79.0
6,78,2.0,0.0,2.0,[5 7],105.0,79.0,77.0,131.0,98.0,134.0,119.0,101.0,110.0,110.0
6,79,2.0,0.0,2.0,[5 7],110.0,110.0,98.0,134.0,105.0,79.0,139.0,103.0,119.0,101.0
6,80,2.0,0.0,2.0,[5 7],119.0,101.0,105.0,79.0,110.0,110.0,116.0,145.0,139.0,103.0
6,81,2.0,0.0,2.0,[5 7],139.0,103.0,110.0,110.0,119.0,101.0,98.0,96.0,116.0,145.0
6,82,2.0,0.0,2.0,[5 7],116.0,145.0,119.0,101.0,139.0,103.0,106.0,81.0,98.0,96.0
6,83,2.0,0.0,2.0,[5 7],98.0,96.0,139.0,103.0,116.0,145.0,129.0,108.0,106.0,81.0
6,84,2.0,0.0,2.0,[5 7],106.0,81.0,116.0,145.0,98.0,96.0,120.0,126.0,129.0,108.0
6,85,2.0,0.0,2.0,[5 7],129.0,108.0,98.0,96.0,106.0,81.0,99.0,117.0,120.0,126.0
6,86,2.0,0.0,2.0,[5 7],120.0,126.0,106.0,81.0,129.0,108.0,118.0,106.0,99.0,117.0
6,87,2.0,0.0,2.0,[5 7],99.0,117.0,129.0,108.0,120.0,126.0,131.0,115.0,118.0,106.0
6,88,2.0,0.0,2.0,[5 7],118.0,106.0,120.0,126.0,99.0,117.0,130.0,69.0,131.0,115.0
6,89,2.0,0.0,2.0,[5 7],131.0,115.0,99.0,117.0,118.0,106.0,111.0,110.0,130.0,69.0
6,90,2.0,0.0,2.0,[5 7],130.0,69.0,118.0,106.0,131.0,115.0,145.0,105.0,111.0,110.0
6,91,2.0,0.0,2.0,[5 7],111.0,110.0,131.0,115.0,130.0,69.0,129.0,85.0,145.0,105.0
6,92,2.0,0.0,2.0,[5 7],145.0,105.0,130.0,69.0,111.0,110.0,131.0,118.0,129.0,85.0
6,93,2.0,0.0,2.0,[5 7],129.0,85.0,111.0,110.0,145.0,105.0,136.0,99.0,131.0,118.0
6,94,2.0,0.0,2.0,[5 7],131.0,118.0,145.0,105.0,129.0,85.0,122.0,94.0,136.0,99.0
6,95,2.0,0.0,2.0,[5 7],136.0,99.0,129.0,85.0,131.0,118.0,181.0,95.0,122.0,94.0
6,96,2.0,0.0,2.0,[5 7],122.0,94.0,131.0,118.0,136.0,99.0,141.0,93.0,181.0,95.0
6,97,2.0,0.0,2.0,[5 7],181.0,95.0,136.0,99.0,122.0,94.0,159.0,96.0,141.0,93.0
6,98,2.0,0.0,2.0,[5 7],141.0,93.0,122.0,94.0,181.0,95.0,176.0,96.0,159.0,96.0
6,99,2.0,0.0,2.0,[5 7],159.0,96.0,181.0,95.0,141.0,93.0,190.0,116.0,176.0,96.0
6,100,2.0,0.0,2.0,[5 7],176.0,96.0,141.0,93.0,159.0,96.0,192.0,100.0,190.0,116.0
6,101,2.0,0.0,2.0,[5 7],190.0,116.0,159.0,96.0,176.0,96.0,222.0,146.0,192.0,100.0
6,102,2.0,0.0,2.0,[5 7],192.0,100.0,176.0,96.0,190.0,116.0,211.0,163.0,222.0,146.0
6,103,2.0,0.0,2.0,[5 7],222.0,146.0,190.0,116.0,192.0,100.0,181.0,143.0,211.0,163.0
6,104,2.0,0.0,2.0,[5 7],211.0,163.0,192.0,100.0,222.0,146.0,259.0,179.0,181.0,143.0
6,105,2.0,0.0,2.0,[5 7],181.0,143.0,222.0,146.0,211.0,163.0,206.0,172.0,259.0,179.0
6,106,2.0,0.0,2.0,[5 7],259.0,179.0,211.0,163.0,181.0,143.0,192.0,181.0,206.0,172.0
6,107,2.0,0.0,2.0,[5 7],206.0,172.0,181.0,143.0,259.0,179.0,137.0,173.0,192.0,181.0
6,108,2.0,0.0,2.0,[5 7],192.0,181.0,259.0,179.0,206.0,172.0,103.0,142.0,137.0,173.0
6,109,2.0,0.0,2.0,[5 7],137.0,173.0,206.0,172.0,192.0,181.0,114.0,132.0,103.0,142.0
6,110,2.0,0.0,2.0,[5 7],103.0,142.0,192.0,181.0,137.0,173.0,100.0,118.0,114.0,132.0
6,111,2.0,0.0,2.0,[5 7],114.0,132.0,137.0,173.0,103.0,142.0,93.0,86.0,100.0,118.0
6,112,2.0,0.0,2.0,[5 7],100.0,118.0,103.0,142.0,114.0,132.0,66.0,106.0,93.0,86.0
6,113,2.0,0.0,2.0,[5 7],93.0,86.0,114.0,132.0,100.0,118.0,76.0,89.0,66.0,106.0
6,114,2.0,0.0,2.0,[5 7],66.0,106.0,100.0,118.0,93.0,86.0,72.0,96.0,76.0,89.0
6,115,2.0,0.0,2.0,[5 7],76.0,89.0,93.0,86.0,66.0,106.0,74.0,77.0,72.0,96.0
6,116,2.0,0.0,2.0,[5 7],72.0,96.0,66.0,106.0,76.0,89.0,85.0,81.0,74.0,77.0
6,117,2.0,0.0,2.0,[5 7],74.0,77.0,76.0,89.0,72.0,96.0,55.0,85.0,85.0,81.0
6,118,2.0,0.0,2.0,[5 7],85.0,81.0,72.0,96.0,74.0,77.0,53.0,61.0,55.0,85.0
6,119,2.0,0.0,2.0,[5 7],55.0,85.0,74.0,77.0,85.0,81.0,75.0,104.0,53.0,61.0
6,120,2.0,0.0,2.0,[5 7],53.0,61.0,85.0,81.0,55.0,85.0,50.0,63.0,75.0,104.0
6,121,2.0,0.0,2.0,[5 7],75.0,104.0,55.0,85.0,53.0,61.0,55.0,64.0,50.0,63.0
6,122,2.0,0.0,2.0,[5 7],50.0,63.0,53.0,61.0,75.0,104.0,56.0,121.0,55.0,64.0
6,123,2.0,0.0,2.0,[5 7],55.0,64.0,75.0,104.0,50.0,63.0,46.0,100.0,56.0,121.0
6,124,2.0,0.0,2.0,[5 7],56.0,121.0,50.0,63.0,55.0,64.0,41.0,99.0,46.0,100.0
6,125,2.0,0.0,2.0,[5 7],46.0,100.0,55.0,64.0,56.0,121.0,39.0,85.0,41.0,99.0
6,126,2.0,0.0,2.0,[5 7],41.0,99.0,56.0,121.0,46.0,100.0,34.0,93.0,39.0,85.0
6,127,2.0,0.0,2.0,[5 7],39.0,85.0,46.0,100.0,41.0,99.0,40.0,97.0,34.0,93.0
6,128,2.0,0.0,2.0,[5 7],34.0,93.0,41.0,99.0,39.0,85.0,21.0,51.0,40.0,97.0
6,129,2.0,0.0,2.0,[5 7],40.0,97.0,39.0,85.0,34.0,93.0,25.0,90.0,21.0,51.0
6,130,2.0,0.0,2.0,[5 7],21.0,51.0,34.0,93.0,40.0,97.0,21.0,58.0,25.0,90.0
6,131,2.0,0.0,2.0,[5 7],25.0,90.0,40.0,97.0,21.0,51.0,13.0,88.0,21.0,58.0
6,132,2.0,0.0,2.0,[5 7],21.0,58.0,21.0,51.0,25.0,90.0,19.0,70.0,13.0,88.0
6,133,2.0,0.0,2.0,[5 7],13.0,88.0,25.0,90.0,21.0,58.0,12.0,53.0,19.0,70.0
6,134,2.0,0.0,2.0,[5 7],19.0,70.0,21.0,58.0,13.0,88.0,16.0,49.0,12.0,53.0
6,135,2.0,0.0,2.0,[5 7],12.0,53.0,13.0,88.0,19.0,70.0,9.0,58.0,16.0,49.0
6,136,2.0,0.0,2.0,[5 7],16.0,49.0,19.0,70.0,12.0,53.0,4.0,31.0,9.0,58.0
6,137,2.0,0.0,2.0,[5 7],9.0,58.0,12.0,53.0,16.0,49.0,0.0,19.0,4.0,31.0
6,138,2.0,0.0,2.0,[5 7],4.0,31.0,16.0,49.0,9.0,58.0,3.0,31.0,0.0,19.0
6,139,2.0,0.0,2.0,[5 7],0.0,19.0,9.0,58.0,4.0,31.0,1.0,6.0,3.0,31.0
6,140,2.0,0.0,2.0,[5 7],3.0,31.0,4.0,31.0,0.0,19.0,0.0,2.0,1.0,6.0
6,141,2.0,0.0,2.0,[5 7],1.0,6.0,0.0,19.0,3.0,31.0,0.0,1.0,0.0,2.0
6,142,2.0,0.0,2.0,[5 7],0.0,2.0,3.0,31.0,1.0,6.0,0.0,0.0,0.0,1.0
6,143,2.0,0.0,2.0,[5 7],0.0,1.0,1.0,6.0,0.0,2.0,0.0,0.0,0.0,0.0
7,0,2.0,0.0,2.0,[6 8],0.0,3.0,0.0,0.0,0.0,0.0,0.0,0.0,0.0,0.0
7,1,2.0,0.0,2.0,[6 8],0.0,0.0,0.0,0.0,0.0,3.0,0.0,0.0,0.0,0.0
7,2,2.0,0.0,2.0,[6 8],0.0,0.0,0.0,3.0,0.0,0.0,0.0,0.0,0.0,0.0
7,3,2.0,0.0,2.0,[6 8],0.0,0.0,0.0,0.0,0.0,0.0,0.0,0.0,0.0,0.0
7,4,2.0,0.0,2.0,[6 8],0.0,0.0,0.0,0.0,0.0,0.0,2.0,1.0,0.0,0.0
7,5,2.0,0.0,2.0,[6 8],0.0,0.0,0.0,0.0,0.0,0.0,0.0,1.0,2.0,1.0
7,6,2.0,0.0,2.0,[6 8],2.0,1.0,0.0,0.0,0.0,0.0,0.0,0.0,0.0,1.0
7,7,2.0,0.0,2.0,[6 8],0.0,1.0,0.0,0.0,2.0,1.0,0.0,0.0,0.0,0.0
7,8,2.0,0.0,2.0,[6 8],0.0,0.0,2.0,1.0,0.0,1.0,1.0,1.0,0.0,0.0
7,9,2.0,0.0,2.0,[6 8],0.0,0.0,0.0,1.0,0.0,0.0,0.0,0.0,1.0,1.0
7,10,2.0,0.0,2.0,[6 8],1.0,1.0,0.0,0.0,0.0,0.0,0.0,0.0,0.0,0.0
7,11,2.0,0.0,2.0,[6 8],0.0,0.0,0.0,0.0,1.0,1.0,0.0,0.0,0.0,0.0
7,12,2.0,0.0,2.0,[6 8],0.0,0.0,1.0,1.0,0.0,0.0,0.0,0.0,0.0,0.0
7,13,2.0,0.0,2.0,[6 8],0.0,0.0,0.0,0.0,0.0,0.0,0.0,0.0,0.0,0.0
7,14,2.0,0.0,2.0,[6 8],0.0,0.0,0.0,0.0,0.0,0.0,0.0,0.0,0.0,0.0
7,15,2.0,0.0,2.0,[6 8],0.0,0.0,0.0,0.0,0.0,0.0,0.0,0.0,0.0,0.0
7,16,2.0,0.0,2.0,[6 8],0.0,0.0,0.0,0.0,0.0,0.0,0.0,0.0,0.0,0.0
7,17,2.0,0.0,2.0,[6 8],0.0,0.0,0.0,0.0,0.0,0.0,0.0,0.0,0.0,0.0
7,18,2.0,0.0,2.0,[6 8],0.0,0.0,0.0,0.0,0.0,0.0,0.0,0.0,0.0,0.0
7,19,2.0,0.0,2.0,[6 8],0.0,0.0,0.0,0.0,0.0,0.0,0.0,0.0,0.0,0.0
7,20,2.0,0.0,2.0,[6 8],0.0,0.0,0.0,0.0,0.0,0.0,0.0,0.0,0.0,0.0
7,21,2.0,0.0,2.0,[6 8],0.0,0.0,0.0,0.0,0.0,0.0,1.0,1.0,0.0,0.0
7,22,2.0,0.0,2.0,[6 8],0.0,0.0,0.0,0.0,0.0,0.0,0.0,0.0,1.0,1.0
7,23,2.0,0.0,2.0,[6 8],1.0,1.0,0.0,0.0,0.0,0.0,1.0,0.0,0.0,0.0
7,24,2.0,0.0,2.0,[6 8],0.0,0.0,0.0,0.0,1.0,1.0,0.0,0.0,1.0,0.0
7,25,2.0,0.0,2.0,[6 8],1.0,0.0,1.0,1.0,0.0,0.0,0.0,0.0,0.0,0.0
7,26,2.0,0.0,2.0,[6 8],0.0,0.0,0.0,0.0,1.0,0.0,0.0,0.0,0.0,0.0
7,27,2.0,0.0,2.0,[6 8],0.0,0.0,1.0,0.0,0.0,0.0,0.0,0.0,0.0,0.0
7,28,2.0,0.0,2.0,[6 8],0.0,0.0,0.0,0.0,0.0,0.0,1.0,1.0,0.0,0.0
7,29,2.0,0.0,2.0,[6 8],0.0,0.0,0.0,0.0,0.0,0.0,0.0,0.0,1.0,1.0
7,30,2.0,0.0,2.0,[6 8],1.0,1.0,0.0,0.0,0.0,0.0,0.0,0.0,0.0,0.0
7,31,2.0,0.0,2.0,[6 8],0.0,0.0,0.0,0.0,1.0,1.0,0.0,0.0,0.0,0.0
7,32,2.0,0.0,2.0,[6 8],0.0,0.0,1.0,1.0,0.0,0.0,0.0,0.0,0.0,0.0
7,33,2.0,0.0,2.0,[6 8],0.0,0.0,0.0,0.0,0.0,0.0,110.0,1.0,0.0,0.0
7,34,2.0,0.0,2.0,[6 8],0.0,0.0,0.0,0.0,0.0,0.0,244.0,1.0,110.0,1.0
7,35,2.0,0.0,2.0,[6 8],110.0,1.0,0.0,0.0,0.0,0.0,145.0,26.0,244.0,1.0
7,36,2.0,0.0,2.0,[6 8],244.0,1.0,0.0,0.0,110.0,1.0,55.0,59.0,145.0,26.0
7,37,2.0,0.0,2.0,[6 8],145.0,26.0,110.0,1.0,244.0,1.0,84.0,69.0,55.0,59.0
7,38,2.0,0.0,2.0,[6 8],55.0,59.0,244.0,1.0,145.0,26.0,125.0,205.0,84.0,69.0
7,39,2.0,0.0,2.0,[6 8],84.0,69.0,145.0,26.0,55.0,59.0,84.0,229.0,125.0,205.0
7,40,2.0,0.0,2.0,[6 8],125.0,205.0,55.0,59.0,84.0,69.0,156.0,308.0,84.0,229.0
7,41,2.0,0.0,2.0,[6 8],84.0,229.0,84.0,69.0,125.0,205.0,204.0,331.0,156.0,308.0
7,42,2.0,0.0,2.0,[6 8],156.0,308.0,125.0,205.0,84.0,229.0,168.0,446.0,204.0,331.0
7,43,2.0,0.0,2.0,[6 8],204.0,331.0,84.0,229.0,156.0,308.0,204.0,531.0,168.0,446.0
7,44,2.0,0.0,2.0,[6 8],168.0,446.0,156.0,308.0,204.0,331.0,318.0,835.0,204.0,531.0
7,45,2.0,0.0,2.0,[6 8],204.0,531.0,204.0,331.0,168.0,446.0,345.0,816.0,318.0,835.0
7,46,2.0,0.0,2.0,[6 8],318.0,835.0,168.0,446.0,204.0,531.0,408.0,965.0,345.0,816.0
7,47,2.0,0.0,2.0,[6 8],345.0,816.0,204.0,531.0,318.0,835.0,502.0,1025.0,408.0,965.0
7,48,2.0,0.0,2.0,[6 8],408.0,965.0,318.0,835.0,345.0,816.0,413.0,925.0,502.0,1025.0
7,49,2.0,0.0,2.0,[6 8],502.0,1025.0,345.0,816.0,408.0,965.0,443.0,811.0,413.0,925.0
7,50,2.0,0.0,2.0,[6 8],413.0,925.0,408.0,965.0,502.0,1025.0,333.0,867.0,443.0,811.0
7,51,2.0,0.0,2.0,[6 8],443.0,811.0,502.0,1025.0,413.0,925.0,344.0,836.0,333.0,867.0
7,52,2.0,0.0,2.0,[6 8],333.0,867.0,413.0,925.0,443.0,811.0,285.0,803.0,344.0,836.0
7,53,2.0,0.0,2.0,[6 8],344.0,836.0,443.0,811.0,333.0,867.0,334.0,457.0,285.0,803.0
7,54,2.0,0.0,2.0,[6 8],285.0,803.0,333.0,867.0,344.0,836.0,379.0,934.0,334.0,457.0
7,55,2.0,0.0,2.0,[6 8],334.0,457.0,344.0,836.0,285.0,803.0,340.0,844.0,379.0,934.0
7,56,2.0,0.0,2.0,[6 8],379.0,934.0,285.0,803.0,334.0,457.0,325.0,573.0,340.0,844.0
7,57,2.0,0.0,2.0,[6 8],340.0,844.0,334.0,457.0,379.0,934.0,346.0,669.0,325.0,573.0
7,58,2.0,0.0,2.0,[6 8],325.0,573.0,379.0,934.0,340.0,844.0,326.0,819.0,346.0,669.0
7,59,2.0,0.0,2.0,[6 8],346.0,669.0,340.0,844.0,325.0,573.0,286.0,594.0,326.0,819.0
7,60,2.0,0.0,2.0,[6 8],326.0,819.0,325.0,573.0,346.0,669.0,286.0,542.0,286.0,594.0
7,61,2.0,0.0,2.0,[6 8],286.0,594.0,346.0,669.0,326.0,819.0,290.0,687.0,286.0,542.0
7,62,2.0,0.0,2.0,[6 8],286.0,542.0,326.0,819.0,286.0,594.0,300.0,558.0,290.0,687.0
7,63,2.0,0.0,2.0,[6 8],290.0,687.0,286.0,594.0,286.0,542.0,339.0,467.0,300.0,558.0
7,64,2.0,0.0,2.0,[6 8],300.0,558.0,286.0,542.0,290.0,687.0,330.0,564.0,339.0,467.0
7,65,2.0,0.0,2.0,[6 8],339.0,467.0,290.0,687.0,300.0,558.0,288.0,513.0,330.0,564.0
7,66,2.0,0.0,2.0,[6 8],330.0,564.0,300.0,558.0,339.0,467.0,316.0,471.0,288.0,513.0
7,67,2.0,0.0,2.0,[6 8],288.0,513.0,339.0,467.0,330.0,564.0,318.0,481.0,316.0,471.0
7,68,2.0,0.0,2.0,[6 8],316.0,471.0,330.0,564.0,288.0,513.0,319.0,392.0,318.0,481.0
7,69,2.0,0.0,2.0,[6 8],318.0,481.0,288.0,513.0,316.0,471.0,409.0,408.0,319.0,392.0
7,70,2.0,0.0,2.0,[6 8],319.0,392.0,316.0,471.0,318.0,481.0,345.0,393.0,409.0,408.0
7,71,2.0,0.0,2.0,[6 8],409.0,408.0,318.0,481.0,319.0,392.0,320.0,452.0,345.0,393.0
7,72,2.0,0.0,2.0,[6 8],345.0,393.0,319.0,392.0,409.0,408.0,313.0,413.0,320.0,452.0
7,73,2.0,0.0,2.0,[6 8],320.0,452.0,409.0,408.0,345.0,393.0,386.0,451.0,313.0,413.0
7,74,2.0,0.0,2.0,[6 8],313.0,413.0,345.0,393.0,320.0,452.0,347.0,484.0,386.0,451.0
7,75,2.0,0.0,2.0,[6 8],386.0,451.0,320.0,452.0,313.0,413.0,374.0,472.0,347.0,484.0
7,76,2.0,0.0,2.0,[6 8],347.0,484.0,313.0,413.0,386.0,451.0,403.0,503.0,374.0,472.0
7,77,2.0,0.0,2.0,[6 8],374.0,472.0,386.0,451.0,347.0,484.0,221.0,565.0,403.0,503.0
7,78,2.0,0.0,2.0,[6 8],403.0,503.0,347.0,484.0,374.0,472.0,265.0,487.0,221.0,565.0
7,79,2.0,0.0,2.0,[6 8],221.0,565.0,374.0,472.0,403.0,503.0,211.0,585.0,265.0,487.0
7,80,2.0,0.0,2.0,[6 8],265.0,487.0,403.0,503.0,221.0,565.0,326.0,529.0,211.0,585.0
7,81,2.0,0.0,2.0,[6 8],211.0,585.0,221.0,565.0,265.0,487.0,445.0,393.0,326.0,529.0
7,82,2.0,0.0,2.0,[6 8],326.0,529.0,265.0,487.0,211.0,585.0,415.0,540.0,445.0,393.0
7,83,2.0,0.0,2.0,[6 8],445.0,393.0,211.0,585.0,326.0,529.0,463.0,531.0,415.0,540.0
7,84,2.0,0.0,2.0,[6 8],415.0,540.0,326.0,529.0,445.0,393.0,414.0,520.0,463.0,531.0
7,85,2.0,0.0,2.0,[6 8],463.0,531.0,445.0,393.0,415.0,540.0,418.0,574.0,414.0,520.0
7,86,2.0,0.0,2.0,[6 8],414.0,520.0,415.0,540.0,463.0,531.0,535.0,537.0,418.0,574.0
7,87,2.0,0.0,2.0,[6 8],418.0,574.0,463.0,531.0,414.0,520.0,535.0,443.0,535.0,537.0
7,88,2.0,0.0,2.0,[6 8],535.0,537.0,414.0,520.0,418.0,574.0,392.0,444.0,535.0,443.0
7,89,2.0,0.0,2.0,[6 8],535.0,443.0,418.0,574.0,535.0,537.0,431.0,411.0,392.0,444.0
7,90,2.0,0.0,2.0,[6 8],392.0,444.0,535.0,537.0,535.0,443.0,472.0,444.0,431.0,411.0
7,91,2.0,0.0,2.0,[6 8],431.0,411.0,535.0,443.0,392.0,444.0,420.0,409.0,472.0,444.0
7,92,2.0,0.0,2.0,[6 8],472.0,444.0,392.0,444.0,431.0,411.0,456.0,456.0,420.0,409.0
7,93,2.0,0.0,2.0,[6 8],420.0,409.0,431.0,411.0,472.0,444.0,400.0,359.0,456.0,456.0
7,94,2.0,0.0,2.0,[6 8],456.0,456.0,472.0,444.0,420.0,409.0,441.0,417.0,400.0,359.0
7,95,2.0,0.0,2.0,[6 8],400.0,359.0,420.0,409.0,456.0,456.0,520.0,392.0,441.0,417.0
7,96,2.0,0.0,2.0,[6 8],441.0,417.0,456.0,456.0,400.0,359.0,513.0,320.0,520.0,392.0
7,97,2.0,0.0,2.0,[6 8],520.0,392.0,400.0,359.0,441.0,417.0,445.0,369.0,513.0,320.0
7,98,2.0,0.0,2.0,[6 8],513.0,320.0,441.0,417.0,520.0,392.0,434.0,426.0,445.0,369.0
7,99,2.0,0.0,2.0,[6 8],445.0,369.0,520.0,392.0,513.0,320.0,473.0,324.0,434.0,426.0
7,100,2.0,0.0,2.0,[6 8],434.0,426.0,513.0,320.0,445.0,369.0,733.0,373.0,473.0,324.0
7,101,2.0,0.0,2.0,[6 8],473.0,324.0,445.0,369.0,434.0,426.0,821.0,399.0,733.0,373.0
7,102,2.0,0.0,2.0,[6 8],733.0,373.0,434.0,426.0,473.0,324.0,660.0,407.0,821.0,399.0
7,103,2.0,0.0,2.0,[6 8],821.0,399.0,473.0,324.0,733.0,373.0,613.0,461.0,660.0,407.0
7,104,2.0,0.0,2.0,[6 8],660.0,407.0,733.0,373.0,821.0,399.0,729.0,447.0,613.0,461.0
7,105,2.0,0.0,2.0,[6 8],613.0,461.0,821.0,399.0,660.0,407.0,582.0,598.0,729.0,447.0
7,106,2.0,0.0,2.0,[6 8],729.0,447.0,660.0,407.0,613.0,461.0,568.0,476.0,582.0,598.0
7,107,2.0,0.0,2.0,[6 8],582.0,598.0,613.0,461.0,729.0,447.0,487.0,481.0,568.0,476.0
7,108,2.0,0.0,2.0,[6 8],568.0,476.0,729.0,447.0,582.0,598.0,323.0,467.0,487.0,481.0
7,109,2.0,0.0,2.0,[6 8],487.0,481.0,582.0,598.0,568.0,476.0,297.0,430.0,323.0,467.0
7,110,2.0,0.0,2.0,[6 8],323.0,467.0,568.0,476.0,487.0,481.0,292.0,343.0,297.0,430.0
7,111,2.0,0.0,2.0,[6 8],297.0,430.0,487.0,481.0,323.0,467.0,397.0,314.0,292.0,343.0
7,112,2.0,0.0,2.0,[6 8],292.0,343.0,323.0,467.0,297.0,430.0,371.0,388.0,397.0,314.0
7,113,2.0,0.0,2.0,[6 8],397.0,314.0,297.0,430.0,292.0,343.0,181.0,300.0,371.0,388.0
7,114,2.0,0.0,2.0,[6 8],371.0,388.0,292.0,343.0,397.0,314.0,188.0,298.0,181.0,300.0
7,115,2.0,0.0,2.0,[6 8],181.0,300.0,397.0,314.0,371.0,388.0,210.0,280.0,188.0,298.0
7,116,2.0,0.0,2.0,[6 8],188.0,298.0,371.0,388.0,181.0,300.0,386.0,340.0,210.0,280.0
7,117,2.0,0.0,2.0,[6 8],210.0,280.0,181.0,300.0,188.0,298.0,183.0,266.0,386.0,340.0
7,118,2.0,0.0,2.0,[6 8],386.0,340.0,188.0,298.0,210.0,280.0,247.0,279.0,183.0,266.0
7,119,2.0,0.0,2.0,[6 8],183.0,266.0,210.0,280.0,386.0,340.0,242.0,244.0,247.0,279.0
7,120,2.0,0.0,2.0,[6 8],247.0,279.0,386.0,340.0,183.0,266.0,267.0,283.0,242.0,244.0
7,121,2.0,0.0,2.0,[6 8],242.0,244.0,183.0,266.0,247.0,279.0,256.0,299.0,267.0,283.0
7,122,2.0,0.0,2.0,[6 8],267.0,283.0,247.0,279.0,242.0,244.0,176.0,267.0,256.0,299.0
7,123,2.0,0.0,2.0,[6 8],256.0,299.0,242.0,244.0,267.0,283.0,200.0,226.0,176.0,267.0
7,124,2.0,0.0,2.0,[6 8],176.0,267.0,267.0,283.0,256.0,299.0,148.0,235.0,200.0,226.0
7,125,2.0,0.0,2.0,[6 8],200.0,226.0,256.0,299.0,176.0,267.0,224.0,232.0,148.0,235.0
7,126,2.0,0.0,2.0,[6 8],148.0,235.0,176.0,267.0,200.0,226.0,140.0,226.0,224.0,232.0
7,127,2.0,0.0,2.0,[6 8],224.0,232.0,200.0,226.0,148.0,235.0,101.0,164.0,140.0,226.0
7,128,2.0,0.0,2.0,[6 8],140.0,226.0,148.0,235.0,224.0,232.0,156.0,219.0,101.0,164.0
7,129,2.0,0.0,2.0,[6 8],101.0,164.0,224.0,232.0,140.0,226.0,143.0,193.0,156.0,219.0
7,130,2.0,0.0,2.0,[6 8],156.0,219.0,140.0,226.0,101.0,164.0,58.0,171.0,143.0,193.0
7,131,2.0,0.0,2.0,[6 8],143.0,193.0,101.0,164.0,156.0,219.0,86.0,124.0,58.0,171.0
7,132,2.0,0.0,2.0,[6 8],58.0,171.0,156.0,219.0,143.0,193.0,66.0,109.0,86.0,124.0
7,133,2.0,0.0,2.0,[6 8],86.0,124.0,143.0,193.0,58.0,171.0,213.0,153.0,66.0,109.0
7,134,2.0,0.0,2.0,[6 8],66.0,109.0,58.0,171.0,86.0,124.0,55.0,126.0,213.0,153.0
7,135,2.0,0.0,2.0,[6 8],213.0,153.0,86.0,124.0,66.0,109.0,34.0,73.0,55.0,126.0
7,136,2.0,0.0,2.0,[6 8],55.0,126.0,66.0,109.0,213.0,153.0,20.0,68.0,34.0,73.0
7,137,2.0,0.0,2.0,[6 8],34.0,73.0,213.0,153.0,55.0,126.0,6.0,40.0,20.0,68.0
7,138,2.0,0.0,2.0,[6 8],20.0,68.0,55.0,126.0,34.0,73.0,5.0,58.0,6.0,40.0
7,139,2.0,0.0,2.0,[6 8],6.0,40.0,34.0,73.0,20.0,68.0,5.0,12.0,5.0,58.0
7,140,2.0,0.0,2.0,[6 8],5.0,58.0,20.0,68.0,6.0,40.0,0.0,10.0,5.0,12.0
7,141,2.0,0.0,2.0,[6 8],5.0,12.0,6.0,40.0,5.0,58.0,0.0,9.0,0.0,10.0
7,142,2.0,0.0,2.0,[6 8],0.0,10.0,5.0,58.0,5.0,12.0,0.0,0.0,0.0,9.0
7,143,2.0,0.0,2.0,[6 8],0.0,9.0,5.0,12.0,0.0,10.0,0.0,0.0,0.0,0.0
8,0,2.0,0.0,2.0,[7 9],0.0,3.0,0.0,0.0,0.0,0.0,0.0,1.0,0.0,0.0
8,1,2.0,0.0,2.0,[7 9],0.0,0.0,0.0,0.0,0.0,3.0,0.0,0.0,0.0,1.0
8,2,2.0,0.0,2.0,[7 9],0.0,1.0,0.0,3.0,0.0,0.0,0.0,0.0,0.0,0.0
8,3,2.0,0.0,2.0,[7 9],0.0,0.0,0.0,0.0,0.0,1.0,0.0,0.0,0.0,0.0
8,4,2.0,0.0,2.0,[7 9],0.0,0.0,0.0,1.0,0.0,0.0,0.0,0.0,0.0,0.0
8,5,2.0,0.0,2.0,[7 9],0.0,0.0,0.0,0.0,0.0,0.0,0.0,0.0,0.0,0.0
8,6,2.0,0.0,2.0,[7 9],0.0,0.0,0.0,0.0,0.0,0.0,0.0,0.0,0.0,0.0
8,7,2.0,0.0,2.0,[7 9],0.0,0.0,0.0,0.0,0.0,0.0,0.0,0.0,0.0,0.0
8,8,2.0,0.0,2.0,[7 9],0.0,0.0,0.0,0.0,0.0,0.0,0.0,0.0,0.0,0.0
8,9,2.0,0.0,2.0,[7 9],0.0,0.0,0.0,0.0,0.0,0.0,0.0,0.0,0.0,0.0
8,10,2.0,0.0,2.0,[7 9],0.0,0.0,0.0,0.0,0.0,0.0,1.0,0.0,0.0,0.0
8,11,2.0,0.0,2.0,[7 9],0.0,0.0,0.0,0.0,0.0,0.0,0.0,0.0,1.0,0.0
8,12,2.0,0.0,2.0,[7 9],1.0,0.0,0.0,0.0,0.0,0.0,0.0,0.0,0.0,0.0
8,13,2.0,0.0,2.0,[7 9],0.0,0.0,0.0,0.0,1.0,0.0,0.0,0.0,0.0,0.0
8,14,2.0,0.0,2.0,[7 9],0.0,0.0,1.0,0.0,0.0,0.0,0.0,0.0,0.0,0.0
8,15,2.0,0.0,2.0,[7 9],0.0,0.0,0.0,0.0,0.0,0.0,0.0,0.0,0.0,0.0
8,16,2.0,0.0,2.0,[7 9],0.0,0.0,0.0,0.0,0.0,0.0,0.0,0.0,0.0,0.0
8,17,2.0,0.0,2.0,[7 9],0.0,0.0,0.0,0.0,0.0,0.0,0.0,0.0,0.0,0.0
8,18,2.0,0.0,2.0,[7 9],0.0,0.0,0.0,0.0,0.0,0.0,0.0,0.0,0.0,0.0
8,19,2.0,0.0,2.0,[7 9],0.0,0.0,0.0,0.0,0.0,0.0,0.0,0.0,0.0,0.0
8,20,2.0,0.0,2.0,[7 9],0.0,0.0,0.0,0.0,0.0,0.0,0.0,0.0,0.0,0.0
8,21,2.0,0.0,2.0,[7 9],0.0,0.0,0.0,0.0,0.0,0.0,0.0,0.0,0.0,0.0
8,22,2.0,0.0,2.0,[7 9],0.0,0.0,0.0,0.0,0.0,0.0,0.0,0.0,0.0,0.0
8,23,2.0,0.0,2.0,[7 9],0.0,0.0,0.0,0.0,0.0,0.0,1.0,0.0,0.0,0.0
8,24,2.0,0.0,2.0,[7 9],0.0,0.0,0.0,0.0,0.0,0.0,0.0,1.0,1.0,0.0
8,25,2.0,0.0,2.0,[7 9],1.0,0.0,0.0,0.0,0.0,0.0,0.0,0.0,0.0,1.0
8,26,2.0,0.0,2.0,[7 9],0.0,1.0,0.0,0.0,1.0,0.0,0.0,0.0,0.0,0.0
8,27,2.0,0.0,2.0,[7 9],0.0,0.0,1.0,0.0,0.0,1.0,0.0,0.0,0.0,0.0
8,28,2.0,0.0,2.0,[7 9],0.0,0.0,0.0,1.0,0.0,0.0,0.0,0.0,0.0,0.0
8,29,2.0,0.0,2.0,[7 9],0.0,0.0,0.0,0.0,0.0,0.0,0.0,0.0,0.0,0.0
8,30,2.0,0.0,2.0,[7 9],0.0,0.0,0.0,0.0,0.0,0.0,0.0,0.0,0.0,0.0
8,31,2.0,0.0,2.0,[7 9],0.0,0.0,0.0,0.0,0.0,0.0,0.0,0.0,0.0,0.0
8,32,2.0,0.0,2.0,[7 9],0.0,0.0,0.0,0.0,0.0,0.0,0.0,0.0,0.0,0.0
8,33,2.0,0.0,2.0,[7 9],0.0,0.0,0.0,0.0,0.0,0.0,14.0,0.0,0.0,0.0
8,34,2.0,0.0,2.0,[7 9],0.0,0.0,0.0,0.0,0.0,0.0,19.0,3.0,14.0,0.0
8,35,2.0,0.0,2.0,[7 9],14.0,0.0,0.0,0.0,0.0,0.0,7.0,8.0,19.0,3.0
8,36,2.0,0.0,2.0,[7 9],19.0,3.0,0.0,0.0,14.0,0.0,28.0,6.0,7.0,8.0
8,37,2.0,0.0,2.0,[7 9],7.0,8.0,14.0,0.0,19.0,3.0,32.0,14.0,28.0,6.0
8,38,2.0,0.0,2.0,[7 9],28.0,6.0,19.0,3.0,7.0,8.0,43.0,62.0,32.0,14.0
8,39,2.0,0.0,2.0,[7 9],32.0,14.0,7.0,8.0,28.0,6.0,64.0,115.0,43.0,62.0
8,40,2.0,0.0,2.0,[7 9],43.0,62.0,28.0,6.0,32.0,14.0,74.0,170.0,64.0,115.0
8,41,2.0,0.0,2.0,[7 9],64.0,115.0,32.0,14.0,43.0,62.0,91.0,186.0,74.0,170.0
8,42,2.0,0.0,2.0,[7 9],74.0,170.0,43.0,62.0,64.0,115.0,127.0,126.0,91.0,186.0
8,43,2.0,0.0,2.0,[7 9],91.0,186.0,64.0,115.0,74.0,170.0,148.0,218.0,127.0,126.0
8,44,2.0,0.0,2.0,[7 9],127.0,126.0,74.0,170.0,91.0,186.0,189.0,313.0,148.0,218.0
8,45,2.0,0.0,2.0,[7 9],148.0,218.0,91.0,186.0,127.0,126.0,242.0,319.0,189.0,313.0
8,46,2.0,0.0,2.0,[7 9],189.0,313.0,127.0,126.0,148.0,218.0,324.0,769.0,242.0,319.0
8,47,2.0,0.0,2.0,[7 9],242.0,319.0,148.0,218.0,189.0,313.0,265.0,915.0,324.0,769.0
8,48,2.0,0.0,2.0,[7 9],324.0,769.0,189.0,313.0,242.0,319.0,267.0,731.0,265.0,915.0
8,49,2.0,0.0,2.0,[7 9],265.0,915.0,242.0,319.0,324.0,769.0,261.0,546.0,267.0,731.0
8,50,2.0,0.0,2.0,[7 9],267.0,731.0,324.0,769.0,265.0,915.0,228.0,674.0,261.0,546.0
8,51,2.0,0.0,2.0,[7 9],261.0,546.0,265.0,915.0,267.0,731.0,210.0,595.0,228.0,674.0
8,52,2.0,0.0,2.0,[7 9],228.0,674.0,267.0,731.0,261.0,546.0,179.0,373.0,210.0,595.0
8,53,2.0,0.0,2.0,[7 9],210.0,595.0,261.0,546.0,228.0,674.0,167.0,307.0,179.0,373.0
8,54,2.0,0.0,2.0,[7 9],179.0,373.0,228.0,674.0,210.0,595.0,155.0,539.0,167.0,307.0
8,55,2.0,0.0,2.0,[7 9],167.0,307.0,210.0,595.0,179.0,373.0,163.0,345.0,155.0,539.0
8,56,2.0,0.0,2.0,[7 9],155.0,539.0,179.0,373.0,167.0,307.0,157.0,308.0,163.0,345.0
8,57,2.0,0.0,2.0,[7 9],163.0,345.0,167.0,307.0,155.0,539.0,158.0,318.0,157.0,308.0
8,58,2.0,0.0,2.0,[7 9],157.0,308.0,155.0,539.0,163.0,345.0,162.0,258.0,158.0,318.0
8,59,2.0,0.0,2.0,[7 9],158.0,318.0,163.0,345.0,157.0,308.0,176.0,245.0,162.0,258.0
8,60,2.0,0.0,2.0,[7 9],162.0,258.0,157.0,308.0,158.0,318.0,166.0,272.0,176.0,245.0
8,61,2.0,0.0,2.0,[7 9],176.0,245.0,158.0,318.0,162.0,258.0,136.0,227.0,166.0,272.0
8,62,2.0,0.0,2.0,[7 9],166.0,272.0,162.0,258.0,176.0,245.0,175.0,277.0,136.0,227.0
8,63,2.0,0.0,2.0,[7 9],136.0,227.0,176.0,245.0,166.0,272.0,131.0,266.0,175.0,277.0
8,64,2.0,0.0,2.0,[7 9],175.0,277.0,166.0,272.0,136.0,227.0,177.0,312.0,131.0,266.0
8,65,2.0,0.0,2.0,[7 9],131.0,266.0,136.0,227.0,175.0,277.0,122.0,231.0,177.0,312.0
8,66,2.0,0.0,2.0,[7 9],177.0,312.0,175.0,277.0,131.0,266.0,173.0,264.0,122.0,231.0
8,67,2.0,0.0,2.0,[7 9],122.0,231.0,131.0,266.0,177.0,312.0,153.0,240.0,173.0,264.0
8,68,2.0,0.0,2.0,[7 9],173.0,264.0,177.0,312.0,122.0,231.0,159.0,226.0,153.0,240.0
8,69,2.0,0.0,2.0,[7 9],153.0,240.0,122.0,231.0,173.0,264.0,188.0,255.0,159.0,226.0
8,70,2.0,0.0,2.0,[7 9],159.0,226.0,173.0,264.0,153.0,240.0,206.0,208.0,188.0,255.0
8,71,2.0,0.0,2.0,[7 9],188.0,255.0,153.0,240.0,159.0,226.0,196.0,240.0,206.0,208.0
8,72,2.0,0.0,2.0,[7 9],206.0,208.0,159.0,226.0,188.0,255.0,212.0,245.0,196.0,240.0
8,73,2.0,0.0,2.0,[7 9],196.0,240.0,188.0,255.0,206.0,208.0,210.0,208.0,212.0,245.0
8,74,2.0,0.0,2.0,[7 9],212.0,245.0,206.0,208.0,196.0,240.0,198.0,195.0,210.0,208.0
8,75,2.0,0.0,2.0,[7 9],210.0,208.0,196.0,240.0,212.0,245.0,182.0,235.0,198.0,195.0
8,76,2.0,0.0,2.0,[7 9],198.0,195.0,212.0,245.0,210.0,208.0,207.0,217.0,182.0,235.0
8,77,2.0,0.0,2.0,[7 9],182.0,235.0,210.0,208.0,198.0,195.0,197.0,211.0,207.0,217.0
8,78,2.0,0.0,2.0,[7 9],207.0,217.0,198.0,195.0,182.0,235.0,197.0,307.0,197.0,211.0
8,79,2.0,0.0,2.0,[7 9],197.0,211.0,182.0,235.0,207.0,217.0,218.0,231.0,197.0,307.0
8,80,2.0,0.0,2.0,[7 9],197.0,307.0,207.0,217.0,197.0,211.0,215.0,282.0,218.0,231.0
8,81,2.0,0.0,2.0,[7 9],218.0,231.0,197.0,211.0,197.0,307.0,252.0,273.0,215.0,282.0
8,82,2.0,0.0,2.0,[7 9],215.0,282.0,197.0,307.0,218.0,231.0,259.0,240.0,252.0,273.0
8,83,2.0,0.0,2.0,[7 9],252.0,273.0,218.0,231.0,215.0,282.0,257.0,239.0,259.0,240.0
8,84,2.0,0.0,2.0,[7 9],259.0,240.0,215.0,282.0,252.0,273.0,231.0,233.0,257.0,239.0
8,85,2.0,0.0,2.0,[7 9],257.0,239.0,252.0,273.0,259.0,240.0,243.0,243.0,231.0,233.0
8,86,2.0,0.0,2.0,[7 9],231.0,233.0,259.0,240.0,257.0,239.0,241.0,197.0,243.0,243.0
8,87,2.0,0.0,2.0,[7 9],243.0,243.0,257.0,239.0,231.0,233.0,272.0,224.0,241.0,197.0
8,88,2.0,0.0,2.0,[7 9],241.0,197.0,231.0,233.0,243.0,243.0,240.0,221.0,272.0,224.0
8,89,2.0,0.0,2.0,[7 9],272.0,224.0,243.0,243.0,241.0,197.0,300.0,185.0,240.0,221.0
8,90,2.0,0.0,2.0,[7 9],240.0,221.0,241.0,197.0,272.0,224.0,278.0,203.0,300.0,185.0
8,91,2.0,0.0,2.0,[7 9],300.0,185.0,272.0,224.0,240.0,221.0,270.0,297.0,278.0,203.0
8,92,2.0,0.0,2.0,[7 9],278.0,203.0,240.0,221.0,300.0,185.0,297.0,193.0,270.0,297.0
8,93,2.0,0.0,2.0,[7 9],270.0,297.0,300.0,185.0,278.0,203.0,287.0,304.0,297.0,193.0
8,94,2.0,0.0,2.0,[7 9],297.0,193.0,278.0,203.0,270.0,297.0,308.0,245.0,287.0,304.0
8,95,2.0,0.0,2.0,[7 9],287.0,304.0,270.0,297.0,297.0,193.0,304.0,181.0,308.0,245.0
8,96,2.0,0.0,2.0,[7 9],308.0,245.0,297.0,193.0,287.0,304.0,370.0,229.0,304.0,181.0
8,97,2.0,0.0,2.0,[7 9],304.0,181.0,287.0,304.0,308.0,245.0,318.0,214.0,370.0,229.0
8,98,2.0,0.0,2.0,[7 9],370.0,229.0,308.0,245.0,304.0,181.0,383.0,228.0,318.0,214.0
8,99,2.0,0.0,2.0,[7 9],318.0,214.0,304.0,181.0,370.0,229.0,362.0,262.0,383.0,228.0
8,100,2.0,0.0,2.0,[7 9],383.0,228.0,370.0,229.0,318.0,214.0,548.0,204.0,362.0,262.0
8,101,2.0,0.0,2.0,[7 9],362.0,262.0,318.0,214.0,383.0,228.0,744.0,220.0,548.0,204.0
8,102,2.0,0.0,2.0,[7 9],548.0,204.0,383.0,228.0,362.0,262.0,546.0,288.0,744.0,220.0
8,103,2.0,0.0,2.0,[7 9],744.0,220.0,362.0,262.0,548.0,204.0,631.0,329.0,546.0,288.0
8,104,2.0,0.0,2.0,[7 9],546.0,288.0,548.0,204.0,744.0,220.0,832.0,346.0,631.0,329.0
8,105,2.0,0.0,2.0,[7 9],631.0,329.0,744.0,220.0,546.0,288.0,640.0,351.0,832.0,346.0
8,106,2.0,0.0,2.0,[7 9],832.0,346.0,546.0,288.0,631.0,329.0,516.0,339.0,640.0,351.0
8,107,2.0,0.0,2.0,[7 9],640.0,351.0,631.0,329.0,832.0,346.0,541.0,323.0,516.0,339.0
8,108,2.0,0.0,2.0,[7 9],516.0,339.0,832.0,346.0,640.0,351.0,416.0,263.0,541.0,323.0
8,109,2.0,0.0,2.0,[7 9],541.0,323.0,640.0,351.0,516.0,339.0,336.0,272.0,416.0,263.0
8,110,2.0,0.0,2.0,[7 9],416.0,263.0,516.0,339.0,541.0,323.0,334.0,302.0,336.0,272.0
8,111,2.0,0.0,2.0,[7 9],336.0,272.0,541.0,323.0,416.0,263.0,294.0,217.0,334.0,302.0
8,112,2.0,0.0,2.0,[7 9],334.0,302.0,416.0,263.0,336.0,272.0,296.0,260.0,294.0,217.0
8,113,2.0,0.0,2.0,[7 9],294.0,217.0,336.0,272.0,334.0,302.0,304.0,203.0,296.0,260.0
8,114,2.0,0.0,2.0,[7 9],296.0,260.0,334.0,302.0,294.0,217.0,243.0,192.0,304.0,203.0
8,115,2.0,0.0,2.0,[7 9],304.0,203.0,294.0,217.0,296.0,260.0,243.0,195.0,243.0,192.0
8,116,2.0,0.0,2.0,[7 9],243.0,192.0,296.0,260.0,304.0,203.0,298.0,178.0,243.0,195.0
8,117,2.0,0.0,2.0,[7 9],243.0,195.0,304.0,203.0,243.0,192.0,292.0,134.0,298.0,178.0
8,118,2.0,0.0,2.0,[7 9],298.0,178.0,243.0,192.0,243.0,195.0,287.0,162.0,292.0,134.0
8,119,2.0,0.0,2.0,[7 9],292.0,134.0,243.0,195.0,298.0,178.0,286.0,150.0,287.0,162.0
8,120,2.0,0.0,2.0,[7 9],287.0,162.0,298.0,178.0,292.0,134.0,270.0,176.0,286.0,150.0
8,121,2.0,0.0,2.0,[7 9],286.0,150.0,292.0,134.0,287.0,162.0,257.0,153.0,270.0,176.0
8,122,2.0,0.0,2.0,[7 9],270.0,176.0,287.0,162.0,286.0,150.0,279.0,181.0,257.0,153.0
8,123,2.0,0.0,2.0,[7 9],257.0,153.0,286.0,150.0,270.0,176.0,228.0,153.0,279.0,181.0
8,124,2.0,0.0,2.0,[7 9],279.0,181.0,270.0,176.0,257.0,153.0,250.0,117.0,228.0,153.0
8,125,2.0,0.0,2.0,[7 9],228.0,153.0,257.0,153.0,279.0,181.0,235.0,133.0,250.0,117.0
8,126,2.0,0.0,2.0,[7 9],250.0,117.0,279.0,181.0,228.0,153.0,271.0,121.0,235.0,133.0
8,127,2.0,0.0,2.0,[7 9],235.0,133.0,228.0,153.0,250.0,117.0,212.0,152.0,271.0,121.0
8,128,2.0,0.0,2.0,[7 9],271.0,121.0,250.0,117.0,235.0,133.0,157.0,101.0,212.0,152.0
8,129,2.0,0.0,2.0,[7 9],212.0,152.0,235.0,133.0,271.0,121.0,190.0,125.0,157.0,101.0
8,130,2.0,0.0,2.0,[7 9],157.0,101.0,271.0,121.0,212.0,152.0,230.0,86.0,190.0,125.0
8,131,2.0,0.0,2.0,[7 9],190.0,125.0,212.0,152.0,157.0,101.0,340.0,92.0,230.0,86.0
8,132,2.0,0.0,2.0,[7 9],230.0,86.0,157.0,101.0,190.0,125.0,170.0,97.0,340.0,92.0
8,133,2.0,0.0,2.0,[7 9],340.0,92.0,190.0,125.0,230.0,86.0,119.0,63.0,170.0,97.0
8,134,2.0,0.0,2.0,[7 9],170.0,97.0,230.0,86.0,340.0,92.0,61.0,64.0,119.0,63.0
8,135,2.0,0.0,2.0,[7 9],119.0,63.0,340.0,92.0,170.0,97.0,67.0,45.0,61.0,64.0
8,136,2.0,0.0,2.0,[7 9],61.0,64.0,170.0,97.0,119.0,63.0,36.0,39.0,67.0,45.0
8,137,2.0,0.0,2.0,[7 9],67.0,45.0,119.0,63.0,61.0,64.0,15.0,17.0,36.0,39.0
8,138,2.0,0.0,2.0,[7 9],36.0,39.0,61.0,64.0,67.0,45.0,5.0,10.0,15.0,17.0
8,139,2.0,0.0,2.0,[7 9],15.0,17.0,67.0,45.0,36.0,39.0,2.0,18.0,5.0,10.0
8,140,2.0,0.0,2.0,[7 9],5.0,10.0,36.0,39.0,15.0,17.0,0.0,0.0,2.0,18.0
8,141,2.0,0.0,2.0,[7 9],2.0,18.0,15.0,17.0,5.0,10.0,3.0,5.0,0.0,0.0
8,142,2.0,0.0,2.0,[7 9],0.0,0.0,5.0,10.0,2.0,18.0,0.0,0.0,3.0,5.0
8,143,2.0,0.0,2.0,[7 9],3.0,5.0,2.0,18.0,0.0,0.0,0.0,0.0,0.0,0.0
9,0,2.0,0.0,3.0,[ 8 10 51],0.0,0.0,0.0,0.0,0.0,0.0,0.0,0.0,0.0,0.0
9,1,2.0,0.0,3.0,[ 8 10 51],0.0,0.0,0.0,0.0,0.0,0.0,0.0,0.0,0.0,0.0
9,2,2.0,0.0,3.0,[ 8 10 51],0.0,0.0,0.0,0.0,0.0,0.0,0.0,0.0,0.0,0.0
9,3,2.0,0.0,3.0,[ 8 10 51],0.0,0.0,0.0,0.0,0.0,0.0,0.0,0.0,0.0,0.0
9,4,2.0,0.0,3.0,[ 8 10 51],0.0,0.0,0.0,0.0,0.0,0.0,0.0,0.0,0.0,0.0
9,5,2.0,0.0,3.0,[ 8 10 51],0.0,0.0,0.0,0.0,0.0,0.0,0.0,0.0,0.0,0.0
9,6,2.0,0.0,3.0,[ 8 10 51],0.0,0.0,0.0,0.0,0.0,0.0,0.0,0.0,0.0,0.0
9,7,2.0,0.0,3.0,[ 8 10 51],0.0,0.0,0.0,0.0,0.0,0.0,0.0,0.0,0.0,0.0
9,8,2.0,0.0,3.0,[ 8 10 51],0.0,0.0,0.0,0.0,0.0,0.0,0.0,0.0,0.0,0.0
9,9,2.0,0.0,3.0,[ 8 10 51],0.0,0.0,0.0,0.0,0.0,0.0,0.0,0.0,0.0,0.0
9,10,2.0,0.0,3.0,[ 8 10 51],0.0,0.0,0.0,0.0,0.0,0.0,0.0,0.0,0.0,0.0
9,11,2.0,0.0,3.0,[ 8 10 51],0.0,0.0,0.0,0.0,0.0,0.0,0.0,0.0,0.0,0.0
9,12,2.0,0.0,3.0,[ 8 10 51],0.0,0.0,0.0,0.0,0.0,0.0,0.0,0.0,0.0,0.0
9,13,2.0,0.0,3.0,[ 8 10 51],0.0,0.0,0.0,0.0,0.0,0.0,0.0,0.0,0.0,0.0
9,14,2.0,0.0,3.0,[ 8 10 51],0.0,0.0,0.0,0.0,0.0,0.0,0.0,0.0,0.0,0.0
9,15,2.0,0.0,3.0,[ 8 10 51],0.0,0.0,0.0,0.0,0.0,0.0,0.0,0.0,0.0,0.0
9,16,2.0,0.0,3.0,[ 8 10 51],0.0,0.0,0.0,0.0,0.0,0.0,0.0,0.0,0.0,0.0
9,17,2.0,0.0,3.0,[ 8 10 51],0.0,0.0,0.0,0.0,0.0,0.0,0.0,0.0,0.0,0.0
9,18,2.0,0.0,3.0,[ 8 10 51],0.0,0.0,0.0,0.0,0.0,0.0,0.0,0.0,0.0,0.0
9,19,2.0,0.0,3.0,[ 8 10 51],0.0,0.0,0.0,0.0,0.0,0.0,0.0,0.0,0.0,0.0
9,20,2.0,0.0,3.0,[ 8 10 51],0.0,0.0,0.0,0.0,0.0,0.0,0.0,0.0,0.0,0.0
9,21,2.0,0.0,3.0,[ 8 10 51],0.0,0.0,0.0,0.0,0.0,0.0,0.0,0.0,0.0,0.0
9,22,2.0,0.0,3.0,[ 8 10 51],0.0,0.0,0.0,0.0,0.0,0.0,0.0,0.0,0.0,0.0
9,23,2.0,0.0,3.0,[ 8 10 51],0.0,0.0,0.0,0.0,0.0,0.0,0.0,0.0,0.0,0.0
9,24,2.0,0.0,3.0,[ 8 10 51],0.0,0.0,0.0,0.0,0.0,0.0,0.0,0.0,0.0,0.0
9,25,2.0,0.0,3.0,[ 8 10 51],0.0,0.0,0.0,0.0,0.0,0.0,0.0,0.0,0.0,0.0
9,26,2.0,0.0,3.0,[ 8 10 51],0.0,0.0,0.0,0.0,0.0,0.0,0.0,0.0,0.0,0.0
9,27,2.0,0.0,3.0,[ 8 10 51],0.0,0.0,0.0,0.0,0.0,0.0,0.0,0.0,0.0,0.0
9,28,2.0,0.0,3.0,[ 8 10 51],0.0,0.0,0.0,0.0,0.0,0.0,0.0,0.0,0.0,0.0
9,29,2.0,0.0,3.0,[ 8 10 51],0.0,0.0,0.0,0.0,0.0,0.0,0.0,0.0,0.0,0.0
9,30,2.0,0.0,3.0,[ 8 10 51],0.0,0.0,0.0,0.0,0.0,0.0,0.0,0.0,0.0,0.0
9,31,2.0,0.0,3.0,[ 8 10 51],0.0,0.0,0.0,0.0,0.0,0.0,0.0,0.0,0.0,0.0
9,32,2.0,0.0,3.0,[ 8 10 51],0.0,0.0,0.0,0.0,0.0,0.0,6.0,0.0,0.0,0.0
9,33,2.0,0.0,3.0,[ 8 10 51],0.0,0.0,0.0,0.0,0.0,0.0,28.0,0.0,6.0,0.0
9,34,2.0,0.0,3.0,[ 8 10 51],6.0,0.0,0.0,0.0,0.0,0.0,15.0,0.0,28.0,0.0
9,35,2.0,0.0,3.0,[ 8 10 51],28.0,0.0,0.0,0.0,6.0,0.0,14.0,37.0,15.0,0.0
9,36,2.0,0.0,3.0,[ 8 10 51],15.0,0.0,6.0,0.0,28.0,0.0,15.0,31.0,14.0,37.0
9,37,2.0,0.0,3.0,[ 8 10 51],14.0,37.0,28.0,0.0,15.0,0.0,29.0,102.0,15.0,31.0
9,38,2.0,0.0,3.0,[ 8 10 51],15.0,31.0,15.0,0.0,14.0,37.0,27.0,134.0,29.0,102.0
9,39,2.0,0.0,3.0,[ 8 10 51],29.0,102.0,14.0,37.0,15.0,31.0,40.0,208.0,27.0,134.0
9,40,2.0,0.0,3.0,[ 8 10 51],27.0,134.0,15.0,31.0,29.0,102.0,48.0,228.0,40.0,208.0
9,41,2.0,0.0,3.0,[ 8 10 51],40.0,208.0,29.0,102.0,27.0,134.0,74.0,380.0,48.0,228.0
9,42,2.0,0.0,3.0,[ 8 10 51],48.0,228.0,27.0,134.0,40.0,208.0,90.0,456.0,74.0,380.0
9,43,2.0,0.0,3.0,[ 8 10 51],74.0,380.0,40.0,208.0,48.0,228.0,107.0,740.0,90.0,456.0
9,44,2.0,0.0,3.0,[ 8 10 51],90.0,456.0,48.0,228.0,74.0,380.0,110.0,981.0,107.0,740.0
9,45,2.0,0.0,3.0,[ 8 10 51],107.0,740.0,74.0,380.0,90.0,456.0,151.0,1106.0,110.0,981.0
9,46,2.0,0.0,3.0,[ 8 10 51],110.0,981.0,90.0,456.0,107.0,740.0,147.0,826.0,151.0,1106.0
9,47,2.0,0.0,3.0,[ 8 10 51],151.0,1106.0,107.0,740.0,110.0,981.0,182.0,837.0,147.0,826.0
9,48,2.0,0.0,3.0,[ 8 10 51],147.0,826.0,110.0,981.0,151.0,1106.0,169.0,1038.0,182.0,837.0
9,49,2.0,0.0,3.0,[ 8 10 51],182.0,837.0,151.0,1106.0,147.0,826.0,207.0,819.0,169.0,1038.0
9,50,2.0,0.0,3.0,[ 8 10 51],169.0,1038.0,147.0,826.0,182.0,837.0,189.0,1072.0,207.0,819.0
9,51,2.0,0.0,3.0,[ 8 10 51],207.0,819.0,182.0,837.0,169.0,1038.0,172.0,1090.0,189.0,1072.0
9,52,2.0,0.0,3.0,[ 8 10 51],189.0,1072.0,169.0,1038.0,207.0,819.0,218.0,803.0,172.0,1090.0
9,53,2.0,0.0,3.0,[ 8 10 51],172.0,1090.0,207.0,819.0,189.0,1072.0,211.0,869.0,218.0,803.0
9,54,2.0,0.0,3.0,[ 8 10 51],218.0,803.0,189.0,1072.0,172.0,1090.0,222.0,1108.0,211.0,869.0
9,55,2.0,0.0,3.0,[ 8 10 51],211.0,869.0,172.0,1090.0,218.0,803.0,214.0,751.0,222.0,1108.0
9,56,2.0,0.0,3.0,[ 8 10 51],222.0,1108.0,218.0,803.0,211.0,869.0,255.0,721.0,214.0,751.0
9,57,2.0,0.0,3.0,[ 8 10 51],214.0,751.0,211.0,869.0,222.0,1108.0,215.0,906.0,255.0,721.0
9,58,2.0,0.0,3.0,[ 8 10 51],255.0,721.0,222.0,1108.0,214.0,751.0,252.0,842.0,215.0,906.0
9,59,2.0,0.0,3.0,[ 8 10 51],215.0,906.0,214.0,751.0,255.0,721.0,290.0,681.0,252.0,842.0
9,60,2.0,0.0,3.0,[ 8 10 51],252.0,842.0,255.0,721.0,215.0,906.0,262.0,817.0,290.0,681.0
9,61,2.0,0.0,3.0,[ 8 10 51],290.0,681.0,215.0,906.0,252.0,842.0,302.0,785.0,262.0,817.0
9,62,2.0,0.0,3.0,[ 8 10 51],262.0,817.0,252.0,842.0,290.0,681.0,294.0,723.0,302.0,785.0
9,63,2.0,0.0,3.0,[ 8 10 51],302.0,785.0,290.0,681.0,262.0,817.0,302.0,786.0,294.0,723.0
9,64,2.0,0.0,3.0,[ 8 10 51],294.0,723.0,262.0,817.0,302.0,785.0,326.0,650.0,302.0,786.0
9,65,2.0,0.0,3.0,[ 8 10 51],302.0,786.0,302.0,785.0,294.0,723.0,343.0,806.0,326.0,650.0
9,66,2.0,0.0,3.0,[ 8 10 51],326.0,650.0,294.0,723.0,302.0,786.0,352.0,672.0,343.0,806.0
9,67,2.0,0.0,3.0,[ 8 10 51],343.0,806.0,302.0,786.0,326.0,650.0,362.0,623.0,352.0,672.0
9,68,2.0,0.0,3.0,[ 8 10 51],352.0,672.0,326.0,650.0,343.0,806.0,359.0,723.0,362.0,623.0
9,69,2.0,0.0,3.0,[ 8 10 51],362.0,623.0,343.0,806.0,352.0,672.0,375.0,692.0,359.0,723.0
9,70,2.0,0.0,3.0,[ 8 10 51],359.0,723.0,352.0,672.0,362.0,623.0,383.0,718.0,375.0,692.0
9,71,2.0,0.0,3.0,[ 8 10 51],375.0,692.0,362.0,623.0,359.0,723.0,416.0,595.0,383.0,718.0
9,72,2.0,0.0,3.0,[ 8 10 51],383.0,718.0,359.0,723.0,375.0,692.0,471.0,683.0,416.0,595.0
9,73,2.0,0.0,3.0,[ 8 10 51],416.0,595.0,375.0,692.0,383.0,718.0,477.0,639.0,471.0,683.0
9,74,2.0,0.0,3.0,[ 8 10 51],471.0,683.0,383.0,718.0,416.0,595.0,458.0,728.0,477.0,639.0
9,75,2.0,0.0,3.0,[ 8 10 51],477.0,639.0,416.0,595.0,471.0,683.0,468.0,622.0,458.0,728.0
9,76,2.0,0.0,3.0,[ 8 10 51],458.0,728.0,471.0,683.0,477.0,639.0,486.0,758.0,468.0,622.0
9,77,2.0,0.0,3.0,[ 8 10 51],468.0,622.0,477.0,639.0,458.0,728.0,474.0,725.0,486.0,758.0
9,78,2.0,0.0,3.0,[ 8 10 51],486.0,758.0,458.0,728.0,468.0,622.0,475.0,719.0,474.0,725.0
9,79,2.0,0.0,3.0,[ 8 10 51],474.0,725.0,468.0,622.0,486.0,758.0,493.0,659.0,475.0,719.0
9,80,2.0,0.0,3.0,[ 8 10 51],475.0,719.0,486.0,758.0,474.0,725.0,562.0,730.0,493.0,659.0
9,81,2.0,0.0,3.0,[ 8 10 51],493.0,659.0,474.0,725.0,475.0,719.0,539.0,635.0,562.0,730.0
9,82,2.0,0.0,3.0,[ 8 10 51],562.0,730.0,475.0,719.0,493.0,659.0,543.0,692.0,539.0,635.0
9,83,2.0,0.0,3.0,[ 8 10 51],539.0,635.0,493.0,659.0,562.0,730.0,609.0,654.0,543.0,692.0
9,84,2.0,0.0,3.0,[ 8 10 51],543.0,692.0,562.0,730.0,539.0,635.0,634.0,692.0,609.0,654.0
9,85,2.0,0.0,3.0,[ 8 10 51],609.0,654.0,539.0,635.0,543.0,692.0,643.0,602.0,634.0,692.0
9,86,2.0,0.0,3.0,[ 8 10 51],634.0,692.0,543.0,692.0,609.0,654.0,724.0,567.0,643.0,602.0
9,87,2.0,0.0,3.0,[ 8 10 51],643.0,602.0,609.0,654.0,634.0,692.0,757.0,513.0,724.0,567.0
9,88,2.0,0.0,3.0,[ 8 10 51],724.0,567.0,634.0,692.0,643.0,602.0,765.0,535.0,757.0,513.0
9,89,2.0,0.0,3.0,[ 8 10 51],757.0,513.0,643.0,602.0,724.0,567.0,813.0,466.0,765.0,535.0
9,90,2.0,0.0,3.0,[ 8 10 51],765.0,535.0,724.0,567.0,757.0,513.0,865.0,464.0,813.0,466.0
9,91,2.0,0.0,3.0,[ 8 10 51],813.0,466.0,757.0,513.0,765.0,535.0,812.0,453.0,865.0,464.0
9,92,2.0,0.0,3.0,[ 8 10 51],865.0,464.0,765.0,535.0,813.0,466.0,877.0,468.0,812.0,453.0
9,93,2.0,0.0,3.0,[ 8 10 51],812.0,453.0,813.0,466.0,865.0,464.0,905.0,500.0,877.0,468.0
9,94,2.0,0.0,3.0,[ 8 10 51],877.0,468.0,865.0,464.0,812.0,453.0,842.0,442.0,905.0,500.0
9,95,2.0,0.0,3.0,[ 8 10 51],905.0,500.0,812.0,453.0,877.0,468.0,865.0,430.0,842.0,442.0
9,96,2.0,0.0,3.0,[ 8 10 51],842.0,442.0,877.0,468.0,905.0,500.0,846.0,430.0,865.0,430.0
9,97,2.0,0.0,3.0,[ 8 10 51],865.0,430.0,905.0,500.0,842.0,442.0,786.0,465.0,846.0,430.0
9,98,2.0,0.0,3.0,[ 8 10 51],846.0,430.0,842.0,442.0,865.0,430.0,913.0,402.0,786.0,465.0
9,99,2.0,0.0,3.0,[ 8 10 51],786.0,465.0,865.0,430.0,846.0,430.0,840.0,481.0,913.0,402.0
9,100,2.0,0.0,3.0,[ 8 10 51],913.0,402.0,846.0,430.0,786.0,465.0,988.0,436.0,840.0,481.0
9,101,2.0,0.0,3.0,[ 8 10 51],840.0,481.0,786.0,465.0,913.0,402.0,1084.0,401.0,988.0,436.0
9,102,2.0,0.0,3.0,[ 8 10 51],988.0,436.0,913.0,402.0,840.0,481.0,1009.0,537.0,1084.0,401.0
9,103,2.0,0.0,3.0,[ 8 10 51],1084.0,401.0,840.0,481.0,988.0,436.0,1035.0,550.0,1009.0,537.0
9,104,2.0,0.0,3.0,[ 8 10 51],1009.0,537.0,988.0,436.0,1084.0,401.0,1108.0,647.0,1035.0,550.0
9,105,2.0,0.0,3.0,[ 8 10 51],1035.0,550.0,1084.0,401.0,1009.0,537.0,1001.0,588.0,1108.0,647.0
9,106,2.0,0.0,3.0,[ 8 10 51],1108.0,647.0,1009.0,537.0,1035.0,550.0,873.0,670.0,1001.0,588.0
9,107,2.0,0.0,3.0,[ 8 10 51],1001.0,588.0,1035.0,550.0,1108.0,647.0,802.0,652.0,873.0,670.0
9,108,2.0,0.0,3.0,[ 8 10 51],873.0,670.0,1108.0,647.0,1001.0,588.0,767.0,574.0,802.0,652.0
9,109,2.0,0.0,3.0,[ 8 10 51],802.0,652.0,1001.0,588.0,873.0,670.0,627.0,675.0,767.0,574.0
9,110,2.0,0.0,3.0,[ 8 10 51],767.0,574.0,873.0,670.0,802.0,652.0,616.0,545.0,627.0,675.0
9,111,2.0,0.0,3.0,[ 8 10 51],627.0,675.0,802.0,652.0,767.0,574.0,580.0,465.0,616.0,545.0
9,112,2.0,0.0,3.0,[ 8 10 51],616.0,545.0,767.0,574.0,627.0,675.0,567.0,428.0,580.0,465.0
9,113,2.0,0.0,3.0,[ 8 10 51],580.0,465.0,627.0,675.0,616.0,545.0,704.0,416.0,567.0,428.0
9,114,2.0,0.0,3.0,[ 8 10 51],567.0,428.0,616.0,545.0,580.0,465.0,922.0,388.0,704.0,416.0
9,115,2.0,0.0,3.0,[ 8 10 51],704.0,416.0,580.0,465.0,567.0,428.0,730.0,314.0,922.0,388.0
9,116,2.0,0.0,3.0,[ 8 10 51],922.0,388.0,567.0,428.0,704.0,416.0,681.0,264.0,730.0,314.0
9,117,2.0,0.0,3.0,[ 8 10 51],730.0,314.0,704.0,416.0,922.0,388.0,668.0,322.0,681.0,264.0
9,118,2.0,0.0,3.0,[ 8 10 51],681.0,264.0,922.0,388.0,730.0,314.0,708.0,216.0,668.0,322.0
9,119,2.0,0.0,3.0,[ 8 10 51],668.0,322.0,730.0,314.0,681.0,264.0,726.0,214.0,708.0,216.0
9,120,2.0,0.0,3.0,[ 8 10 51],708.0,216.0,681.0,264.0,668.0,322.0,923.0,186.0,726.0,214.0
9,121,2.0,0.0,3.0,[ 8 10 51],726.0,214.0,668.0,322.0,708.0,216.0,812.0,159.0,923.0,186.0
9,122,2.0,0.0,3.0,[ 8 10 51],923.0,186.0,708.0,216.0,726.0,214.0,738.0,146.0,812.0,159.0
9,123,2.0,0.0,3.0,[ 8 10 51],812.0,159.0,726.0,214.0,923.0,186.0,687.0,191.0,738.0,146.0
9,124,2.0,0.0,3.0,[ 8 10 51],738.0,146.0,923.0,186.0,812.0,159.0,781.0,177.0,687.0,191.0
9,125,2.0,0.0,3.0,[ 8 10 51],687.0,191.0,812.0,159.0,738.0,146.0,770.0,105.0,781.0,177.0
9,126,2.0,0.0,3.0,[ 8 10 51],781.0,177.0,738.0,146.0,687.0,191.0,690.0,149.0,770.0,105.0
9,127,2.0,0.0,3.0,[ 8 10 51],770.0,105.0,687.0,191.0,781.0,177.0,607.0,84.0,690.0,149.0
9,128,2.0,0.0,3.0,[ 8 10 51],690.0,149.0,781.0,177.0,770.0,105.0,650.0,87.0,607.0,84.0
9,129,2.0,0.0,3.0,[ 8 10 51],607.0,84.0,770.0,105.0,690.0,149.0,601.0,81.0,650.0,87.0
9,130,2.0,0.0,3.0,[ 8 10 51],650.0,87.0,690.0,149.0,607.0,84.0,908.0,46.0,601.0,81.0
9,131,2.0,0.0,3.0,[ 8 10 51],601.0,81.0,607.0,84.0,650.0,87.0,649.0,48.0,908.0,46.0
9,132,2.0,0.0,3.0,[ 8 10 51],908.0,46.0,650.0,87.0,601.0,81.0,375.0,28.0,649.0,48.0
9,133,2.0,0.0,3.0,[ 8 10 51],649.0,48.0,601.0,81.0,908.0,46.0,292.0,59.0,375.0,28.0
9,134,2.0,0.0,3.0,[ 8 10 51],375.0,28.0,908.0,46.0,649.0,48.0,190.0,47.0,292.0,59.0
9,135,2.0,0.0,3.0,[ 8 10 51],292.0,59.0,649.0,48.0,375.0,28.0,105.0,15.0,190.0,47.0
9,136,2.0,0.0,3.0,[ 8 10 51],190.0,47.0,375.0,28.0,292.0,59.0,97.0,23.0,105.0,15.0
9,137,2.0,0.0,3.0,[ 8 10 51],105.0,15.0,292.0,59.0,190.0,47.0,45.0,10.0,97.0,23.0
9,138,2.0,0.0,3.0,[ 8 10 51],97.0,23.0,190.0,47.0,105.0,15.0,6.0,7.0,45.0,10.0
9,139,2.0,0.0,3.0,[ 8 10 51],45.0,10.0,105.0,15.0,97.0,23.0,0.0,6.0,6.0,7.0
9,140,2.0,0.0,3.0,[ 8 10 51],6.0,7.0,97.0,23.0,45.0,10.0,0.0,10.0,0.0,6.0
9,141,2.0,0.0,3.0,[ 8 10 51],0.0,6.0,45.0,10.0,6.0,7.0,0.0,2.0,0.0,10.0
9,142,2.0,0.0,3.0,[ 8 10 51],0.0,10.0,6.0,7.0,0.0,6.0,0.0,0.0,0.0,2.0
9,143,2.0,0.0,3.0,[ 8 10 51],0.0,2.0,0.0,6.0,0.0,10.0,0.0,0.0,0.0,0.0
10,0,2.0,0.0,4.0,[ 9 11 50 52],0.0,0.0,0.0,0.0,0.0,0.0,0.0,0.0,0.0,0.0
10,1,2.0,0.0,4.0,[ 9 11 50 52],0.0,0.0,0.0,0.0,0.0,0.0,0.0,0.0,0.0,0.0
10,2,2.0,0.0,4.0,[ 9 11 50 52],0.0,0.0,0.0,0.0,0.0,0.0,0.0,0.0,0.0,0.0
10,3,2.0,0.0,4.0,[ 9 11 50 52],0.0,0.0,0.0,0.0,0.0,0.0,0.0,0.0,0.0,0.0
10,4,2.0,0.0,4.0,[ 9 11 50 52],0.0,0.0,0.0,0.0,0.0,0.0,0.0,0.0,0.0,0.0
10,5,2.0,0.0,4.0,[ 9 11 50 52],0.0,0.0,0.0,0.0,0.0,0.0,0.0,0.0,0.0,0.0
10,6,2.0,0.0,4.0,[ 9 11 50 52],0.0,0.0,0.0,0.0,0.0,0.0,0.0,0.0,0.0,0.0
10,7,2.0,0.0,4.0,[ 9 11 50 52],0.0,0.0,0.0,0.0,0.0,0.0,0.0,0.0,0.0,0.0
10,8,2.0,0.0,4.0,[ 9 11 50 52],0.0,0.0,0.0,0.0,0.0,0.0,0.0,0.0,0.0,0.0
10,9,2.0,0.0,4.0,[ 9 11 50 52],0.0,0.0,0.0,0.0,0.0,0.0,0.0,0.0,0.0,0.0
10,10,2.0,0.0,4.0,[ 9 11 50 52],0.0,0.0,0.0,0.0,0.0,0.0,0.0,0.0,0.0,0.0
10,11,2.0,0.0,4.0,[ 9 11 50 52],0.0,0.0,0.0,0.0,0.0,0.0,0.0,0.0,0.0,0.0
10,12,2.0,0.0,4.0,[ 9 11 50 52],0.0,0.0,0.0,0.0,0.0,0.0,0.0,0.0,0.0,0.0
10,13,2.0,0.0,4.0,[ 9 11 50 52],0.0,0.0,0.0,0.0,0.0,0.0,0.0,1.0,0.0,0.0
10,14,2.0,0.0,4.0,[ 9 11 50 52],0.0,0.0,0.0,0.0,0.0,0.0,0.0,0.0,0.0,1.0
10,15,2.0,0.0,4.0,[ 9 11 50 52],0.0,1.0,0.0,0.0,0.0,0.0,0.0,0.0,0.0,0.0
10,16,2.0,0.0,4.0,[ 9 11 50 52],0.0,0.0,0.0,0.0,0.0,1.0,0.0,0.0,0.0,0.0
10,17,2.0,0.0,4.0,[ 9 11 50 52],0.0,0.0,0.0,1.0,0.0,0.0,0.0,0.0,0.0,0.0
10,18,2.0,0.0,4.0,[ 9 11 50 52],0.0,0.0,0.0,0.0,0.0,0.0,0.0,0.0,0.0,0.0
10,19,2.0,0.0,4.0,[ 9 11 50 52],0.0,0.0,0.0,0.0,0.0,0.0,0.0,0.0,0.0,0.0
10,20,2.0,0.0,4.0,[ 9 11 50 52],0.0,0.0,0.0,0.0,0.0,0.0,0.0,0.0,0.0,0.0
10,21,2.0,0.0,4.0,[ 9 11 50 52],0.0,0.0,0.0,0.0,0.0,0.0,0.0,0.0,0.0,0.0
10,22,2.0,0.0,4.0,[ 9 11 50 52],0.0,0.0,0.0,0.0,0.0,0.0,0.0,0.0,0.0,0.0
10,23,2.0,0.0,4.0,[ 9 11 50 52],0.0,0.0,0.0,0.0,0.0,0.0,0.0,0.0,0.0,0.0
10,24,2.0,0.0,4.0,[ 9 11 50 52],0.0,0.0,0.0,0.0,0.0,0.0,0.0,0.0,0.0,0.0
10,25,2.0,0.0,4.0,[ 9 11 50 52],0.0,0.0,0.0,0.0,0.0,0.0,0.0,0.0,0.0,0.0
10,26,2.0,0.0,4.0,[ 9 11 50 52],0.0,0.0,0.0,0.0,0.0,0.0,0.0,0.0,0.0,0.0
10,27,2.0,0.0,4.0,[ 9 11 50 52],0.0,0.0,0.0,0.0,0.0,0.0,0.0,0.0,0.0,0.0
10,28,2.0,0.0,4.0,[ 9 11 50 52],0.0,0.0,0.0,0.0,0.0,0.0,0.0,0.0,0.0,0.0
10,29,2.0,0.0,4.0,[ 9 11 50 52],0.0,0.0,0.0,0.0,0.0,0.0,0.0,0.0,0.0,0.0
10,30,2.0,0.0,4.0,[ 9 11 50 52],0.0,0.0,0.0,0.0,0.0,0.0,1.0,0.0,0.0,0.0
10,31,2.0,0.0,4.0,[ 9 11 50 52],0.0,0.0,0.0,0.0,0.0,0.0,0.0,0.0,1.0,0.0
10,32,2.0,0.0,4.0,[ 9 11 50 52],1.0,0.0,0.0,0.0,0.0,0.0,8.0,1.0,0.0,0.0
10,33,2.0,0.0,4.0,[ 9 11 50 52],0.0,0.0,0.0,0.0,1.0,0.0,11.0,0.0,8.0,1.0
10,34,2.0,0.0,4.0,[ 9 11 50 52],8.0,1.0,1.0,0.0,0.0,0.0,28.0,0.0,11.0,0.0
10,35,2.0,0.0,4.0,[ 9 11 50 52],11.0,0.0,0.0,0.0,8.0,1.0,23.0,7.0,28.0,0.0
10,36,2.0,0.0,4.0,[ 9 11 50 52],28.0,0.0,8.0,1.0,11.0,0.0,20.0,31.0,23.0,7.0
10,37,2.0,0.0,4.0,[ 9 11 50 52],23.0,7.0,11.0,0.0,28.0,0.0,25.0,29.0,20.0,31.0
10,38,2.0,0.0,4.0,[ 9 11 50 52],20.0,31.0,28.0,0.0,23.0,7.0,53.0,54.0,25.0,29.0
10,39,2.0,0.0,4.0,[ 9 11 50 52],25.0,29.0,23.0,7.0,20.0,31.0,61.0,81.0,53.0,54.0
10,40,2.0,0.0,4.0,[ 9 11 50 52],53.0,54.0,20.0,31.0,25.0,29.0,77.0,120.0,61.0,81.0
10,41,2.0,0.0,4.0,[ 9 11 50 52],61.0,81.0,25.0,29.0,53.0,54.0,81.0,185.0,77.0,120.0
10,42,2.0,0.0,4.0,[ 9 11 50 52],77.0,120.0,53.0,54.0,61.0,81.0,104.0,259.0,81.0,185.0
10,43,2.0,0.0,4.0,[ 9 11 50 52],81.0,185.0,61.0,81.0,77.0,120.0,134.0,271.0,104.0,259.0
10,44,2.0,0.0,4.0,[ 9 11 50 52],104.0,259.0,77.0,120.0,81.0,185.0,171.0,491.0,134.0,271.0
10,45,2.0,0.0,4.0,[ 9 11 50 52],134.0,271.0,81.0,185.0,104.0,259.0,203.0,683.0,171.0,491.0
10,46,2.0,0.0,4.0,[ 9 11 50 52],171.0,491.0,104.0,259.0,134.0,271.0,219.0,838.0,203.0,683.0
10,47,2.0,0.0,4.0,[ 9 11 50 52],203.0,683.0,134.0,271.0,171.0,491.0,245.0,1023.0,219.0,838.0
10,48,2.0,0.0,4.0,[ 9 11 50 52],219.0,838.0,171.0,491.0,203.0,683.0,208.0,845.0,245.0,1023.0
10,49,2.0,0.0,4.0,[ 9 11 50 52],245.0,1023.0,203.0,683.0,219.0,838.0,222.0,668.0,208.0,845.0
10,50,2.0,0.0,4.0,[ 9 11 50 52],208.0,845.0,219.0,838.0,245.0,1023.0,198.0,716.0,222.0,668.0
10,51,2.0,0.0,4.0,[ 9 11 50 52],222.0,668.0,245.0,1023.0,208.0,845.0,157.0,582.0,198.0,716.0
10,52,2.0,0.0,4.0,[ 9 11 50 52],198.0,716.0,208.0,845.0,222.0,668.0,167.0,391.0,157.0,582.0
10,53,2.0,0.0,4.0,[ 9 11 50 52],157.0,582.0,222.0,668.0,198.0,716.0,151.0,532.0,167.0,391.0
10,54,2.0,0.0,4.0,[ 9 11 50 52],167.0,391.0,198.0,716.0,157.0,582.0,159.0,458.0,151.0,532.0
10,55,2.0,0.0,4.0,[ 9 11 50 52],151.0,532.0,157.0,582.0,167.0,391.0,151.0,407.0,159.0,458.0
10,56,2.0,0.0,4.0,[ 9 11 50 52],159.0,458.0,167.0,391.0,151.0,532.0,132.0,485.0,151.0,407.0
10,57,2.0,0.0,4.0,[ 9 11 50 52],151.0,407.0,151.0,532.0,159.0,458.0,149.0,376.0,132.0,485.0
10,58,2.0,0.0,4.0,[ 9 11 50 52],132.0,485.0,159.0,458.0,151.0,407.0,186.0,329.0,149.0,376.0
10,59,2.0,0.0,4.0,[ 9 11 50 52],149.0,376.0,151.0,407.0,132.0,485.0,150.0,343.0,186.0,329.0
10,60,2.0,0.0,4.0,[ 9 11 50 52],186.0,329.0,132.0,485.0,149.0,376.0,162.0,302.0,150.0,343.0
10,61,2.0,0.0,4.0,[ 9 11 50 52],150.0,343.0,149.0,376.0,186.0,329.0,194.0,354.0,162.0,302.0
10,62,2.0,0.0,4.0,[ 9 11 50 52],162.0,302.0,186.0,329.0,150.0,343.0,175.0,342.0,194.0,354.0
10,63,2.0,0.0,4.0,[ 9 11 50 52],194.0,354.0,150.0,343.0,162.0,302.0,165.0,285.0,175.0,342.0
10,64,2.0,0.0,4.0,[ 9 11 50 52],175.0,342.0,162.0,302.0,194.0,354.0,169.0,351.0,165.0,285.0
10,65,2.0,0.0,4.0,[ 9 11 50 52],165.0,285.0,194.0,354.0,175.0,342.0,193.0,364.0,169.0,351.0
10,66,2.0,0.0,4.0,[ 9 11 50 52],169.0,351.0,175.0,342.0,165.0,285.0,189.0,304.0,193.0,364.0
10,67,2.0,0.0,4.0,[ 9 11 50 52],193.0,364.0,165.0,285.0,169.0,351.0,255.0,302.0,189.0,304.0
10,68,2.0,0.0,4.0,[ 9 11 50 52],189.0,304.0,169.0,351.0,193.0,364.0,218.0,338.0,255.0,302.0
10,69,2.0,0.0,4.0,[ 9 11 50 52],255.0,302.0,193.0,364.0,189.0,304.0,225.0,330.0,218.0,338.0
10,70,2.0,0.0,4.0,[ 9 11 50 52],218.0,338.0,189.0,304.0,255.0,302.0,260.0,292.0,225.0,330.0
10,71,2.0,0.0,4.0,[ 9 11 50 52],225.0,330.0,255.0,302.0,218.0,338.0,208.0,265.0,260.0,292.0
10,72,2.0,0.0,4.0,[ 9 11 50 52],260.0,292.0,218.0,338.0,225.0,330.0,236.0,290.0,208.0,265.0
10,73,2.0,0.0,4.0,[ 9 11 50 52],208.0,265.0,225.0,330.0,260.0,292.0,234.0,328.0,236.0,290.0
10,74,2.0,0.0,4.0,[ 9 11 50 52],236.0,290.0,260.0,292.0,208.0,265.0,234.0,318.0,234.0,328.0
10,75,2.0,0.0,4.0,[ 9 11 50 52],234.0,328.0,208.0,265.0,236.0,290.0,236.0,368.0,234.0,318.0
10,76,2.0,0.0,4.0,[ 9 11 50 52],234.0,318.0,236.0,290.0,234.0,328.0,271.0,319.0,236.0,368.0
10,77,2.0,0.0,4.0,[ 9 11 50 52],236.0,368.0,234.0,328.0,234.0,318.0,270.0,346.0,271.0,319.0
10,78,2.0,0.0,4.0,[ 9 11 50 52],271.0,319.0,234.0,318.0,236.0,368.0,282.0,322.0,270.0,346.0
10,79,2.0,0.0,4.0,[ 9 11 50 52],270.0,346.0,236.0,368.0,271.0,319.0,256.0,336.0,282.0,322.0
10,80,2.0,0.0,4.0,[ 9 11 50 52],282.0,322.0,271.0,319.0,270.0,346.0,270.0,397.0,256.0,336.0
10,81,2.0,0.0,4.0,[ 9 11 50 52],256.0,336.0,270.0,346.0,282.0,322.0,292.0,317.0,270.0,397.0
10,82,2.0,0.0,4.0,[ 9 11 50 52],270.0,397.0,282.0,322.0,256.0,336.0,330.0,267.0,292.0,317.0
10,83,2.0,0.0,4.0,[ 9 11 50 52],292.0,317.0,256.0,336.0,270.0,397.0,299.0,318.0,330.0,267.0
10,84,2.0,0.0,4.0,[ 9 11 50 52],330.0,267.0,270.0,397.0,292.0,317.0,322.0,248.0,299.0,318.0
10,85,2.0,0.0,4.0,[ 9 11 50 52],299.0,318.0,292.0,317.0,330.0,267.0,301.0,266.0,322.0,248.0
10,86,2.0,0.0,4.0,[ 9 11 50 52],322.0,248.0,330.0,267.0,299.0,318.0,313.0,279.0,301.0,266.0
10,87,2.0,0.0,4.0,[ 9 11 50 52],301.0,266.0,299.0,318.0,322.0,248.0,285.0,179.0,313.0,279.0
10,88,2.0,0.0,4.0,[ 9 11 50 52],313.0,279.0,322.0,248.0,301.0,266.0,375.0,243.0,285.0,179.0
10,89,2.0,0.0,4.0,[ 9 11 50 52],285.0,179.0,301.0,266.0,313.0,279.0,331.0,220.0,375.0,243.0
10,90,2.0,0.0,4.0,[ 9 11 50 52],375.0,243.0,313.0,279.0,285.0,179.0,385.0,218.0,331.0,220.0
10,91,2.0,0.0,4.0,[ 9 11 50 52],331.0,220.0,285.0,179.0,375.0,243.0,351.0,250.0,385.0,218.0
10,92,2.0,0.0,4.0,[ 9 11 50 52],385.0,218.0,375.0,243.0,331.0,220.0,374.0,255.0,351.0,250.0
10,93,2.0,0.0,4.0,[ 9 11 50 52],351.0,250.0,331.0,220.0,385.0,218.0,413.0,251.0,374.0,255.0
10,94,2.0,0.0,4.0,[ 9 11 50 52],374.0,255.0,385.0,218.0,351.0,250.0,354.0,232.0,413.0,251.0
10,95,2.0,0.0,4.0,[ 9 11 50 52],413.0,251.0,351.0,250.0,374.0,255.0,407.0,228.0,354.0,232.0
10,96,2.0,0.0,4.0,[ 9 11 50 52],354.0,232.0,374.0,255.0,413.0,251.0,421.0,228.0,407.0,228.0
10,97,2.0,0.0,4.0,[ 9 11 50 52],407.0,228.0,413.0,251.0,354.0,232.0,494.0,211.0,421.0,228.0
10,98,2.0,0.0,4.0,[ 9 11 50 52],421.0,228.0,354.0,232.0,407.0,228.0,445.0,208.0,494.0,211.0
10,99,2.0,0.0,4.0,[ 9 11 50 52],494.0,211.0,407.0,228.0,421.0,228.0,384.0,231.0,445.0,208.0
10,100,2.0,0.0,4.0,[ 9 11 50 52],445.0,208.0,421.0,228.0,494.0,211.0,491.0,268.0,384.0,231.0
10,101,2.0,0.0,4.0,[ 9 11 50 52],384.0,231.0,494.0,211.0,445.0,208.0,631.0,412.0,491.0,268.0
10,102,2.0,0.0,4.0,[ 9 11 50 52],491.0,268.0,445.0,208.0,384.0,231.0,559.0,391.0,631.0,412.0
10,103,2.0,0.0,4.0,[ 9 11 50 52],631.0,412.0,384.0,231.0,491.0,268.0,617.0,341.0,559.0,391.0
10,104,2.0,0.0,4.0,[ 9 11 50 52],559.0,391.0,491.0,268.0,631.0,412.0,785.0,398.0,617.0,341.0
10,105,2.0,0.0,4.0,[ 9 11 50 52],617.0,341.0,631.0,412.0,559.0,391.0,618.0,466.0,785.0,398.0
10,106,2.0,0.0,4.0,[ 9 11 50 52],785.0,398.0,559.0,391.0,617.0,341.0,549.0,518.0,618.0,466.0
10,107,2.0,0.0,4.0,[ 9 11 50 52],618.0,466.0,617.0,341.0,785.0,398.0,545.0,395.0,549.0,518.0
10,108,2.0,0.0,4.0,[ 9 11 50 52],549.0,518.0,785.0,398.0,618.0,466.0,514.0,388.0,545.0,395.0
10,109,2.0,0.0,4.0,[ 9 11 50 52],545.0,395.0,618.0,466.0,549.0,518.0,484.0,317.0,514.0,388.0
10,110,2.0,0.0,4.0,[ 9 11 50 52],514.0,388.0,549.0,518.0,545.0,395.0,392.0,265.0,484.0,317.0
10,111,2.0,0.0,4.0,[ 9 11 50 52],484.0,317.0,545.0,395.0,514.0,388.0,383.0,302.0,392.0,265.0
10,112,2.0,0.0,4.0,[ 9 11 50 52],392.0,265.0,514.0,388.0,484.0,317.0,362.0,256.0,383.0,302.0
10,113,2.0,0.0,4.0,[ 9 11 50 52],383.0,302.0,484.0,317.0,392.0,265.0,416.0,242.0,362.0,256.0
10,114,2.0,0.0,4.0,[ 9 11 50 52],362.0,256.0,392.0,265.0,383.0,302.0,376.0,176.0,416.0,242.0
10,115,2.0,0.0,4.0,[ 9 11 50 52],416.0,242.0,383.0,302.0,362.0,256.0,311.0,239.0,376.0,176.0
10,116,2.0,0.0,4.0,[ 9 11 50 52],376.0,176.0,362.0,256.0,416.0,242.0,389.0,177.0,311.0,239.0
10,117,2.0,0.0,4.0,[ 9 11 50 52],311.0,239.0,416.0,242.0,376.0,176.0,366.0,167.0,389.0,177.0
10,118,2.0,0.0,4.0,[ 9 11 50 52],389.0,177.0,376.0,176.0,311.0,239.0,384.0,196.0,366.0,167.0
10,119,2.0,0.0,4.0,[ 9 11 50 52],366.0,167.0,311.0,239.0,389.0,177.0,438.0,125.0,384.0,196.0
10,120,2.0,0.0,4.0,[ 9 11 50 52],384.0,196.0,389.0,177.0,366.0,167.0,356.0,123.0,438.0,125.0
10,121,2.0,0.0,4.0,[ 9 11 50 52],438.0,125.0,366.0,167.0,384.0,196.0,335.0,127.0,356.0,123.0
10,122,2.0,0.0,4.0,[ 9 11 50 52],356.0,123.0,384.0,196.0,438.0,125.0,433.0,158.0,335.0,127.0
10,123,2.0,0.0,4.0,[ 9 11 50 52],335.0,127.0,438.0,125.0,356.0,123.0,400.0,121.0,433.0,158.0
10,124,2.0,0.0,4.0,[ 9 11 50 52],433.0,158.0,356.0,123.0,335.0,127.0,441.0,132.0,400.0,121.0
10,125,2.0,0.0,4.0,[ 9 11 50 52],400.0,121.0,335.0,127.0,433.0,158.0,459.0,119.0,441.0,132.0
10,126,2.0,0.0,4.0,[ 9 11 50 52],441.0,132.0,433.0,158.0,400.0,121.0,392.0,90.0,459.0,119.0
10,127,2.0,0.0,4.0,[ 9 11 50 52],459.0,119.0,400.0,121.0,441.0,132.0,366.0,108.0,392.0,90.0
10,128,2.0,0.0,4.0,[ 9 11 50 52],392.0,90.0,441.0,132.0,459.0,119.0,333.0,78.0,366.0,108.0
10,129,2.0,0.0,4.0,[ 9 11 50 52],366.0,108.0,459.0,119.0,392.0,90.0,358.0,109.0,333.0,78.0
10,130,2.0,0.0,4.0,[ 9 11 50 52],333.0,78.0,392.0,90.0,366.0,108.0,345.0,87.0,358.0,109.0
10,131,2.0,0.0,4.0,[ 9 11 50 52],358.0,109.0,366.0,108.0,333.0,78.0,351.0,111.0,345.0,87.0
10,132,2.0,0.0,4.0,[ 9 11 50 52],345.0,87.0,333.0,78.0,358.0,109.0,257.0,67.0,351.0,111.0
10,133,2.0,0.0,4.0,[ 9 11 50 52],351.0,111.0,358.0,109.0,345.0,87.0,263.0,64.0,257.0,67.0
10,134,2.0,0.0,4.0,[ 9 11 50 52],257.0,67.0,345.0,87.0,351.0,111.0,130.0,31.0,263.0,64.0
10,135,2.0,0.0,4.0,[ 9 11 50 52],263.0,64.0,351.0,111.0,257.0,67.0,81.0,39.0,130.0,31.0
10,136,2.0,0.0,4.0,[ 9 11 50 52],130.0,31.0,257.0,67.0,263.0,64.0,75.0,44.0,81.0,39.0
10,137,2.0,0.0,4.0,[ 9 11 50 52],81.0,39.0,263.0,64.0,130.0,31.0,30.0,20.0,75.0,44.0
10,138,2.0,0.0,4.0,[ 9 11 50 52],75.0,44.0,130.0,31.0,81.0,39.0,18.0,11.0,30.0,20.0
10,139,2.0,0.0,4.0,[ 9 11 50 52],30.0,20.0,81.0,39.0,75.0,44.0,7.0,13.0,18.0,11.0
10,140,2.0,0.0,4.0,[ 9 11 50 52],18.0,11.0,75.0,44.0,30.0,20.0,0.0,12.0,7.0,13.0
10,141,2.0,0.0,4.0,[ 9 11 50 52],7.0,13.0,30.0,20.0,18.0,11.0,1.0,4.0,0.0,12.0
10,142,2.0,0.0,4.0,[ 9 11 50 52],0.0,12.0,18.0,11.0,7.0,13.0,0.0,0.0,1.0,4.0
10,143,2.0,0.0,4.0,[ 9 11 50 52],1.0,4.0,7.0,13.0,0.0,12.0,0.0,0.0,0.0,0.0
11,0,2.0,0.0,3.0,[10 12 51],1.0,1.0,0.0,0.0,0.0,0.0,0.0,0.0,0.0,0.0
11,1,2.0,0.0,3.0,[10 12 51],0.0,0.0,0.0,0.0,1.0,1.0,0.0,0.0,0.0,0.0
11,2,2.0,0.0,3.0,[10 12 51],0.0,0.0,1.0,1.0,0.0,0.0,0.0,0.0,0.0,0.0
11,3,2.0,0.0,3.0,[10 12 51],0.0,0.0,0.0,0.0,0.0,0.0,0.0,0.0,0.0,0.0
11,4,2.0,0.0,3.0,[10 12 51],0.0,0.0,0.0,0.0,0.0,0.0,0.0,0.0,0.0,0.0
11,5,2.0,0.0,3.0,[10 12 51],0.0,0.0,0.0,0.0,0.0,0.0,0.0,0.0,0.0,0.0
11,6,2.0,0.0,3.0,[10 12 51],0.0,0.0,0.0,0.0,0.0,0.0,0.0,0.0,0.0,0.0
11,7,2.0,0.0,3.0,[10 12 51],0.0,0.0,0.0,0.0,0.0,0.0,0.0,0.0,0.0,0.0
11,8,2.0,0.0,3.0,[10 12 51],0.0,0.0,0.0,0.0,0.0,0.0,0.0,0.0,0.0,0.0
11,9,2.0,0.0,3.0,[10 12 51],0.0,0.0,0.0,0.0,0.0,0.0,0.0,0.0,0.0,0.0
11,10,2.0,0.0,3.0,[10 12 51],0.0,0.0,0.0,0.0,0.0,0.0,0.0,0.0,0.0,0.0
11,11,2.0,0.0,3.0,[10 12 51],0.0,0.0,0.0,0.0,0.0,0.0,0.0,0.0,0.0,0.0
11,12,2.0,0.0,3.0,[10 12 51],0.0,0.0,0.0,0.0,0.0,0.0,0.0,0.0,0.0,0.0
11,13,2.0,0.0,3.0,[10 12 51],0.0,0.0,0.0,0.0,0.0,0.0,0.0,0.0,0.0,0.0
11,14,2.0,0.0,3.0,[10 12 51],0.0,0.0,0.0,0.0,0.0,0.0,0.0,0.0,0.0,0.0
11,15,2.0,0.0,3.0,[10 12 51],0.0,0.0,0.0,0.0,0.0,0.0,0.0,0.0,0.0,0.0
11,16,2.0,0.0,3.0,[10 12 51],0.0,0.0,0.0,0.0,0.0,0.0,0.0,0.0,0.0,0.0
11,17,2.0,0.0,3.0,[10 12 51],0.0,0.0,0.0,0.0,0.0,0.0,0.0,0.0,0.0,0.0
11,18,2.0,0.0,3.0,[10 12 51],0.0,0.0,0.0,0.0,0.0,0.0,0.0,0.0,0.0,0.0
11,19,2.0,0.0,3.0,[10 12 51],0.0,0.0,0.0,0.0,0.0,0.0,0.0,0.0,0.0,0.0
11,20,2.0,0.0,3.0,[10 12 51],0.0,0.0,0.0,0.0,0.0,0.0,0.0,0.0,0.0,0.0
11,21,2.0,0.0,3.0,[10 12 51],0.0,0.0,0.0,0.0,0.0,0.0,0.0,0.0,0.0,0.0
11,22,2.0,0.0,3.0,[10 12 51],0.0,0.0,0.0,0.0,0.0,0.0,0.0,0.0,0.0,0.0
11,23,2.0,0.0,3.0,[10 12 51],0.0,0.0,0.0,0.0,0.0,0.0,0.0,0.0,0.0,0.0
11,24,2.0,0.0,3.0,[10 12 51],0.0,0.0,0.0,0.0,0.0,0.0,0.0,0.0,0.0,0.0
11,25,2.0,0.0,3.0,[10 12 51],0.0,0.0,0.0,0.0,0.0,0.0,0.0,0.0,0.0,0.0
11,26,2.0,0.0,3.0,[10 12 51],0.0,0.0,0.0,0.0,0.0,0.0,0.0,0.0,0.0,0.0
11,27,2.0,0.0,3.0,[10 12 51],0.0,0.0,0.0,0.0,0.0,0.0,0.0,0.0,0.0,0.0
11,28,2.0,0.0,3.0,[10 12 51],0.0,0.0,0.0,0.0,0.0,0.0,0.0,0.0,0.0,0.0
11,29,2.0,0.0,3.0,[10 12 51],0.0,0.0,0.0,0.0,0.0,0.0,0.0,0.0,0.0,0.0
11,30,2.0,0.0,3.0,[10 12 51],0.0,0.0,0.0,0.0,0.0,0.0,0.0,0.0,0.0,0.0
11,31,2.0,0.0,3.0,[10 12 51],0.0,0.0,0.0,0.0,0.0,0.0,0.0,0.0,0.0,0.0
11,32,2.0,0.0,3.0,[10 12 51],0.0,0.0,0.0,0.0,0.0,0.0,2.0,0.0,0.0,0.0
11,33,2.0,0.0,3.0,[10 12 51],0.0,0.0,0.0,0.0,0.0,0.0,8.0,0.0,2.0,0.0
11,34,2.0,0.0,3.0,[10 12 51],2.0,0.0,0.0,0.0,0.0,0.0,13.0,2.0,8.0,0.0
11,35,2.0,0.0,3.0,[10 12 51],8.0,0.0,0.0,0.0,2.0,0.0,17.0,16.0,13.0,2.0
11,36,2.0,0.0,3.0,[10 12 51],13.0,2.0,2.0,0.0,8.0,0.0,29.0,70.0,17.0,16.0
11,37,2.0,0.0,3.0,[10 12 51],17.0,16.0,8.0,0.0,13.0,2.0,36.0,51.0,29.0,70.0
11,38,2.0,0.0,3.0,[10 12 51],29.0,70.0,13.0,2.0,17.0,16.0,56.0,52.0,36.0,51.0
11,39,2.0,0.0,3.0,[10 12 51],36.0,51.0,17.0,16.0,29.0,70.0,67.0,78.0,56.0,52.0
11,40,2.0,0.0,3.0,[10 12 51],56.0,52.0,29.0,70.0,36.0,51.0,104.0,118.0,67.0,78.0
11,41,2.0,0.0,3.0,[10 12 51],67.0,78.0,36.0,51.0,56.0,52.0,133.0,120.0,104.0,118.0
11,42,2.0,0.0,3.0,[10 12 51],104.0,118.0,56.0,52.0,67.0,78.0,177.0,159.0,133.0,120.0
11,43,2.0,0.0,3.0,[10 12 51],133.0,120.0,67.0,78.0,104.0,118.0,209.0,205.0,177.0,159.0
11,44,2.0,0.0,3.0,[10 12 51],177.0,159.0,104.0,118.0,133.0,120.0,251.0,450.0,209.0,205.0
11,45,2.0,0.0,3.0,[10 12 51],209.0,205.0,133.0,120.0,177.0,159.0,248.0,461.0,251.0,450.0
11,46,2.0,0.0,3.0,[10 12 51],251.0,450.0,177.0,159.0,209.0,205.0,354.0,728.0,248.0,461.0
11,47,2.0,0.0,3.0,[10 12 51],248.0,461.0,209.0,205.0,251.0,450.0,284.0,907.0,354.0,728.0
11,48,2.0,0.0,3.0,[10 12 51],354.0,728.0,251.0,450.0,248.0,461.0,249.0,833.0,284.0,907.0
11,49,2.0,0.0,3.0,[10 12 51],284.0,907.0,248.0,461.0,354.0,728.0,370.0,691.0,249.0,833.0
11,50,2.0,0.0,3.0,[10 12 51],249.0,833.0,354.0,728.0,284.0,907.0,254.0,723.0,370.0,691.0
11,51,2.0,0.0,3.0,[10 12 51],370.0,691.0,284.0,907.0,249.0,833.0,255.0,701.0,254.0,723.0
11,52,2.0,0.0,3.0,[10 12 51],254.0,723.0,249.0,833.0,370.0,691.0,180.0,356.0,255.0,701.0
11,53,2.0,0.0,3.0,[10 12 51],255.0,701.0,370.0,691.0,254.0,723.0,158.0,765.0,180.0,356.0
11,54,2.0,0.0,3.0,[10 12 51],180.0,356.0,254.0,723.0,255.0,701.0,163.0,495.0,158.0,765.0
11,55,2.0,0.0,3.0,[10 12 51],158.0,765.0,255.0,701.0,180.0,356.0,157.0,329.0,163.0,495.0
11,56,2.0,0.0,3.0,[10 12 51],163.0,495.0,180.0,356.0,158.0,765.0,175.0,265.0,157.0,329.0
11,57,2.0,0.0,3.0,[10 12 51],157.0,329.0,158.0,765.0,163.0,495.0,190.0,294.0,175.0,265.0
11,58,2.0,0.0,3.0,[10 12 51],175.0,265.0,163.0,495.0,157.0,329.0,176.0,334.0,190.0,294.0
11,59,2.0,0.0,3.0,[10 12 51],190.0,294.0,157.0,329.0,175.0,265.0,199.0,217.0,176.0,334.0
11,60,2.0,0.0,3.0,[10 12 51],176.0,334.0,175.0,265.0,190.0,294.0,182.0,266.0,199.0,217.0
11,61,2.0,0.0,3.0,[10 12 51],199.0,217.0,190.0,294.0,176.0,334.0,192.0,310.0,182.0,266.0
11,62,2.0,0.0,3.0,[10 12 51],182.0,266.0,176.0,334.0,199.0,217.0,159.0,225.0,192.0,310.0
11,63,2.0,0.0,3.0,[10 12 51],192.0,310.0,199.0,217.0,182.0,266.0,232.0,305.0,159.0,225.0
11,64,2.0,0.0,3.0,[10 12 51],159.0,225.0,182.0,266.0,192.0,310.0,190.0,263.0,232.0,305.0
11,65,2.0,0.0,3.0,[10 12 51],232.0,305.0,192.0,310.0,159.0,225.0,216.0,212.0,190.0,263.0
11,66,2.0,0.0,3.0,[10 12 51],190.0,263.0,159.0,225.0,232.0,305.0,202.0,214.0,216.0,212.0
11,67,2.0,0.0,3.0,[10 12 51],216.0,212.0,232.0,305.0,190.0,263.0,193.0,220.0,202.0,214.0
11,68,2.0,0.0,3.0,[10 12 51],202.0,214.0,190.0,263.0,216.0,212.0,204.0,227.0,193.0,220.0
11,69,2.0,0.0,3.0,[10 12 51],193.0,220.0,216.0,212.0,202.0,214.0,197.0,224.0,204.0,227.0
11,70,2.0,0.0,3.0,[10 12 51],204.0,227.0,202.0,214.0,193.0,220.0,169.0,248.0,197.0,224.0
11,71,2.0,0.0,3.0,[10 12 51],197.0,224.0,193.0,220.0,204.0,227.0,238.0,222.0,169.0,248.0
11,72,2.0,0.0,3.0,[10 12 51],169.0,248.0,204.0,227.0,197.0,224.0,177.0,209.0,238.0,222.0
11,73,2.0,0.0,3.0,[10 12 51],238.0,222.0,197.0,224.0,169.0,248.0,212.0,234.0,177.0,209.0
11,74,2.0,0.0,3.0,[10 12 51],177.0,209.0,169.0,248.0,238.0,222.0,242.0,233.0,212.0,234.0
11,75,2.0,0.0,3.0,[10 12 51],212.0,234.0,238.0,222.0,177.0,209.0,240.0,281.0,242.0,233.0
11,76,2.0,0.0,3.0,[10 12 51],242.0,233.0,177.0,209.0,212.0,234.0,243.0,218.0,240.0,281.0
11,77,2.0,0.0,3.0,[10 12 51],240.0,281.0,212.0,234.0,242.0,233.0,324.0,260.0,243.0,218.0
11,78,2.0,0.0,3.0,[10 12 51],243.0,218.0,242.0,233.0,240.0,281.0,235.0,213.0,324.0,260.0
11,79,2.0,0.0,3.0,[10 12 51],324.0,260.0,240.0,281.0,243.0,218.0,241.0,235.0,235.0,213.0
11,80,2.0,0.0,3.0,[10 12 51],235.0,213.0,243.0,218.0,324.0,260.0,274.0,271.0,241.0,235.0
11,81,2.0,0.0,3.0,[10 12 51],241.0,235.0,324.0,260.0,235.0,213.0,269.0,268.0,274.0,271.0
11,82,2.0,0.0,3.0,[10 12 51],274.0,271.0,235.0,213.0,241.0,235.0,187.0,208.0,269.0,268.0
11,83,2.0,0.0,3.0,[10 12 51],269.0,268.0,241.0,235.0,274.0,271.0,252.0,260.0,187.0,208.0
11,84,2.0,0.0,3.0,[10 12 51],187.0,208.0,274.0,271.0,269.0,268.0,270.0,227.0,252.0,260.0
11,85,2.0,0.0,3.0,[10 12 51],252.0,260.0,269.0,268.0,187.0,208.0,226.0,251.0,270.0,227.0
11,86,2.0,0.0,3.0,[10 12 51],270.0,227.0,187.0,208.0,252.0,260.0,262.0,208.0,226.0,251.0
11,87,2.0,0.0,3.0,[10 12 51],226.0,251.0,252.0,260.0,270.0,227.0,196.0,219.0,262.0,208.0
11,88,2.0,0.0,3.0,[10 12 51],262.0,208.0,270.0,227.0,226.0,251.0,239.0,308.0,196.0,219.0
11,89,2.0,0.0,3.0,[10 12 51],196.0,219.0,226.0,251.0,262.0,208.0,272.0,221.0,239.0,308.0
11,90,2.0,0.0,3.0,[10 12 51],239.0,308.0,262.0,208.0,196.0,219.0,271.0,217.0,272.0,221.0
11,91,2.0,0.0,3.0,[10 12 51],272.0,221.0,196.0,219.0,239.0,308.0,259.0,298.0,271.0,217.0
11,92,2.0,0.0,3.0,[10 12 51],271.0,217.0,239.0,308.0,272.0,221.0,250.0,232.0,259.0,298.0
11,93,2.0,0.0,3.0,[10 12 51],259.0,298.0,272.0,221.0,271.0,217.0,247.0,236.0,250.0,232.0
11,94,2.0,0.0,3.0,[10 12 51],250.0,232.0,271.0,217.0,259.0,298.0,276.0,230.0,247.0,236.0
11,95,2.0,0.0,3.0,[10 12 51],247.0,236.0,259.0,298.0,250.0,232.0,362.0,275.0,276.0,230.0
11,96,2.0,0.0,3.0,[10 12 51],276.0,230.0,250.0,232.0,247.0,236.0,341.0,192.0,362.0,275.0
11,97,2.0,0.0,3.0,[10 12 51],362.0,275.0,247.0,236.0,276.0,230.0,343.0,248.0,341.0,192.0
11,98,2.0,0.0,3.0,[10 12 51],341.0,192.0,276.0,230.0,362.0,275.0,300.0,256.0,343.0,248.0
11,99,2.0,0.0,3.0,[10 12 51],343.0,248.0,362.0,275.0,341.0,192.0,303.0,212.0,300.0,256.0
11,100,2.0,0.0,3.0,[10 12 51],300.0,256.0,341.0,192.0,343.0,248.0,358.0,285.0,303.0,212.0
11,101,2.0,0.0,3.0,[10 12 51],303.0,212.0,343.0,248.0,300.0,256.0,475.0,260.0,358.0,285.0
11,102,2.0,0.0,3.0,[10 12 51],358.0,285.0,300.0,256.0,303.0,212.0,497.0,371.0,475.0,260.0
11,103,2.0,0.0,3.0,[10 12 51],475.0,260.0,303.0,212.0,358.0,285.0,558.0,325.0,497.0,371.0
11,104,2.0,0.0,3.0,[10 12 51],497.0,371.0,358.0,285.0,475.0,260.0,679.0,374.0,558.0,325.0
11,105,2.0,0.0,3.0,[10 12 51],558.0,325.0,475.0,260.0,497.0,371.0,679.0,347.0,679.0,374.0
11,106,2.0,0.0,3.0,[10 12 51],679.0,374.0,497.0,371.0,558.0,325.0,579.0,414.0,679.0,347.0
11,107,2.0,0.0,3.0,[10 12 51],679.0,347.0,558.0,325.0,679.0,374.0,642.0,367.0,579.0,414.0
11,108,2.0,0.0,3.0,[10 12 51],579.0,414.0,679.0,374.0,679.0,347.0,583.0,360.0,642.0,367.0
11,109,2.0,0.0,3.0,[10 12 51],642.0,367.0,679.0,347.0,579.0,414.0,439.0,266.0,583.0,360.0
11,110,2.0,0.0,3.0,[10 12 51],583.0,360.0,579.0,414.0,642.0,367.0,472.0,298.0,439.0,266.0
11,111,2.0,0.0,3.0,[10 12 51],439.0,266.0,642.0,367.0,583.0,360.0,394.0,317.0,472.0,298.0
11,112,2.0,0.0,3.0,[10 12 51],472.0,298.0,583.0,360.0,439.0,266.0,305.0,253.0,394.0,317.0
11,113,2.0,0.0,3.0,[10 12 51],394.0,317.0,439.0,266.0,472.0,298.0,325.0,264.0,305.0,253.0
11,114,2.0,0.0,3.0,[10 12 51],305.0,253.0,472.0,298.0,394.0,317.0,338.0,219.0,325.0,264.0
11,115,2.0,0.0,3.0,[10 12 51],325.0,264.0,394.0,317.0,305.0,253.0,350.0,143.0,338.0,219.0
11,116,2.0,0.0,3.0,[10 12 51],338.0,219.0,305.0,253.0,325.0,264.0,297.0,179.0,350.0,143.0
11,117,2.0,0.0,3.0,[10 12 51],350.0,143.0,325.0,264.0,338.0,219.0,230.0,154.0,297.0,179.0
11,118,2.0,0.0,3.0,[10 12 51],297.0,179.0,338.0,219.0,350.0,143.0,302.0,173.0,230.0,154.0
11,119,2.0,0.0,3.0,[10 12 51],230.0,154.0,350.0,143.0,297.0,179.0,256.0,111.0,302.0,173.0
11,120,2.0,0.0,3.0,[10 12 51],302.0,173.0,297.0,179.0,230.0,154.0,304.0,158.0,256.0,111.0
11,121,2.0,0.0,3.0,[10 12 51],256.0,111.0,230.0,154.0,302.0,173.0,285.0,148.0,304.0,158.0
11,122,2.0,0.0,3.0,[10 12 51],304.0,158.0,302.0,173.0,256.0,111.0,344.0,152.0,285.0,148.0
11,123,2.0,0.0,3.0,[10 12 51],285.0,148.0,256.0,111.0,304.0,158.0,260.0,169.0,344.0,152.0
11,124,2.0,0.0,3.0,[10 12 51],344.0,152.0,304.0,158.0,285.0,148.0,280.0,128.0,260.0,169.0
11,125,2.0,0.0,3.0,[10 12 51],260.0,169.0,285.0,148.0,344.0,152.0,264.0,96.0,280.0,128.0
11,126,2.0,0.0,3.0,[10 12 51],280.0,128.0,344.0,152.0,260.0,169.0,286.0,102.0,264.0,96.0
11,127,2.0,0.0,3.0,[10 12 51],264.0,96.0,260.0,169.0,280.0,128.0,269.0,80.0,286.0,102.0
11,128,2.0,0.0,3.0,[10 12 51],286.0,102.0,280.0,128.0,264.0,96.0,319.0,104.0,269.0,80.0
11,129,2.0,0.0,3.0,[10 12 51],269.0,80.0,264.0,96.0,286.0,102.0,348.0,80.0,319.0,104.0
11,130,2.0,0.0,3.0,[10 12 51],319.0,104.0,286.0,102.0,269.0,80.0,227.0,102.0,348.0,80.0
11,131,2.0,0.0,3.0,[10 12 51],348.0,80.0,269.0,80.0,319.0,104.0,372.0,72.0,227.0,102.0
11,132,2.0,0.0,3.0,[10 12 51],227.0,102.0,319.0,104.0,348.0,80.0,178.0,102.0,372.0,72.0
11,133,2.0,0.0,3.0,[10 12 51],372.0,72.0,348.0,80.0,227.0,102.0,115.0,76.0,178.0,102.0
11,134,2.0,0.0,3.0,[10 12 51],178.0,102.0,227.0,102.0,372.0,72.0,102.0,59.0,115.0,76.0
11,135,2.0,0.0,3.0,[10 12 51],115.0,76.0,372.0,72.0,178.0,102.0,65.0,56.0,102.0,59.0
11,136,2.0,0.0,3.0,[10 12 51],102.0,59.0,178.0,102.0,115.0,76.0,49.0,41.0,65.0,56.0
11,137,2.0,0.0,3.0,[10 12 51],65.0,56.0,115.0,76.0,102.0,59.0,17.0,28.0,49.0,41.0
11,138,2.0,0.0,3.0,[10 12 51],49.0,41.0,102.0,59.0,65.0,56.0,7.0,5.0,17.0,28.0
11,139,2.0,0.0,3.0,[10 12 51],17.0,28.0,65.0,56.0,49.0,41.0,7.0,8.0,7.0,5.0
11,140,2.0,0.0,3.0,[10 12 51],7.0,5.0,49.0,41.0,17.0,28.0,2.0,9.0,7.0,8.0
11,141,2.0,0.0,3.0,[10 12 51],7.0,8.0,17.0,28.0,7.0,5.0,0.0,7.0,2.0,9.0
11,142,2.0,0.0,3.0,[10 12 51],2.0,9.0,7.0,5.0,7.0,8.0,0.0,0.0,0.0,7.0
11,143,2.0,0.0,3.0,[10 12 51],0.0,7.0,7.0,8.0,2.0,9.0,0.0,0.0,0.0,0.0
12,0,2.0,0.0,2.0,[11 13],0.0,0.0,0.0,0.0,0.0,0.0,0.0,0.0,0.0,0.0
12,1,2.0,0.0,2.0,[11 13],0.0,0.0,0.0,0.0,0.0,0.0,0.0,0.0,0.0,0.0
12,2,2.0,0.0,2.0,[11 13],0.0,0.0,0.0,0.0,0.0,0.0,0.0,0.0,0.0,0.0
12,3,2.0,0.0,2.0,[11 13],0.0,0.0,0.0,0.0,0.0,0.0,0.0,0.0,0.0,0.0
12,4,2.0,0.0,2.0,[11 13],0.0,0.0,0.0,0.0,0.0,0.0,0.0,0.0,0.0,0.0
12,5,2.0,0.0,2.0,[11 13],0.0,0.0,0.0,0.0,0.0,0.0,0.0,0.0,0.0,0.0
12,6,2.0,0.0,2.0,[11 13],0.0,0.0,0.0,0.0,0.0,0.0,0.0,0.0,0.0,0.0
12,7,2.0,0.0,2.0,[11 13],0.0,0.0,0.0,0.0,0.0,0.0,0.0,0.0,0.0,0.0
12,8,2.0,0.0,2.0,[11 13],0.0,0.0,0.0,0.0,0.0,0.0,0.0,0.0,0.0,0.0
12,9,2.0,0.0,2.0,[11 13],0.0,0.0,0.0,0.0,0.0,0.0,0.0,0.0,0.0,0.0
12,10,2.0,0.0,2.0,[11 13],0.0,0.0,0.0,0.0,0.0,0.0,0.0,0.0,0.0,0.0
12,11,2.0,0.0,2.0,[11 13],0.0,0.0,0.0,0.0,0.0,0.0,0.0,0.0,0.0,0.0
12,12,2.0,0.0,2.0,[11 13],0.0,0.0,0.0,0.0,0.0,0.0,0.0,0.0,0.0,0.0
12,13,2.0,0.0,2.0,[11 13],0.0,0.0,0.0,0.0,0.0,0.0,0.0,0.0,0.0,0.0
12,14,2.0,0.0,2.0,[11 13],0.0,0.0,0.0,0.0,0.0,0.0,0.0,0.0,0.0,0.0
12,15,2.0,0.0,2.0,[11 13],0.0,0.0,0.0,0.0,0.0,0.0,0.0,0.0,0.0,0.0
12,16,2.0,0.0,2.0,[11 13],0.0,0.0,0.0,0.0,0.0,0.0,0.0,0.0,0.0,0.0
12,17,2.0,0.0,2.0,[11 13],0.0,0.0,0.0,0.0,0.0,0.0,0.0,0.0,0.0,0.0
12,18,2.0,0.0,2.0,[11 13],0.0,0.0,0.0,0.0,0.0,0.0,0.0,0.0,0.0,0.0
12,19,2.0,0.0,2.0,[11 13],0.0,0.0,0.0,0.0,0.0,0.0,0.0,0.0,0.0,0.0
12,20,2.0,0.0,2.0,[11 13],0.0,0.0,0.0,0.0,0.0,0.0,0.0,0.0,0.0,0.0
12,21,2.0,0.0,2.0,[11 13],0.0,0.0,0.0,0.0,0.0,0.0,0.0,0.0,0.0,0.0
12,22,2.0,0.0,2.0,[11 13],0.0,0.0,0.0,0.0,0.0,0.0,0.0,0.0,0.0,0.0
12,23,2.0,0.0,2.0,[11 13],0.0,0.0,0.0,0.0,0.0,0.0,0.0,0.0,0.0,0.0
12,24,2.0,0.0,2.0,[11 13],0.0,0.0,0.0,0.0,0.0,0.0,0.0,0.0,0.0,0.0
12,25,2.0,0.0,2.0,[11 13],0.0,0.0,0.0,0.0,0.0,0.0,0.0,0.0,0.0,0.0
12,26,2.0,0.0,2.0,[11 13],0.0,0.0,0.0,0.0,0.0,0.0,0.0,0.0,0.0,0.0
12,27,2.0,0.0,2.0,[11 13],0.0,0.0,0.0,0.0,0.0,0.0,0.0,0.0,0.0,0.0
12,28,2.0,0.0,2.0,[11 13],0.0,0.0,0.0,0.0,0.0,0.0,0.0,0.0,0.0,0.0
12,29,2.0,0.0,2.0,[11 13],0.0,0.0,0.0,0.0,0.0,0.0,0.0,0.0,0.0,0.0
12,30,2.0,0.0,2.0,[11 13],0.0,0.0,0.0,0.0,0.0,0.0,0.0,0.0,0.0,0.0
12,31,2.0,0.0,2.0,[11 13],0.0,0.0,0.0,0.0,0.0,0.0,0.0,0.0,0.0,0.0
12,32,2.0,0.0,2.0,[11 13],0.0,0.0,0.0,0.0,0.0,0.0,3.0,0.0,0.0,0.0
12,33,2.0,0.0,2.0,[11 13],0.0,0.0,0.0,0.0,0.0,0.0,16.0,0.0,3.0,0.0
12,34,2.0,0.0,2.0,[11 13],3.0,0.0,0.0,0.0,0.0,0.0,36.0,1.0,16.0,0.0
12,35,2.0,0.0,2.0,[11 13],16.0,0.0,0.0,0.0,3.0,0.0,34.0,8.0,36.0,1.0
12,36,2.0,0.0,2.0,[11 13],36.0,1.0,3.0,0.0,16.0,0.0,51.0,22.0,34.0,8.0
12,37,2.0,0.0,2.0,[11 13],34.0,8.0,16.0,0.0,36.0,1.0,70.0,52.0,51.0,22.0
12,38,2.0,0.0,2.0,[11 13],51.0,22.0,36.0,1.0,34.0,8.0,73.0,51.0,70.0,52.0
12,39,2.0,0.0,2.0,[11 13],70.0,52.0,34.0,8.0,51.0,22.0,112.0,66.0,73.0,51.0
12,40,2.0,0.0,2.0,[11 13],73.0,51.0,51.0,22.0,70.0,52.0,163.0,91.0,112.0,66.0
12,41,2.0,0.0,2.0,[11 13],112.0,66.0,70.0,52.0,73.0,51.0,207.0,127.0,163.0,91.0
12,42,2.0,0.0,2.0,[11 13],163.0,91.0,73.0,51.0,112.0,66.0,284.0,280.0,207.0,127.0
12,43,2.0,0.0,2.0,[11 13],207.0,127.0,112.0,66.0,163.0,91.0,326.0,322.0,284.0,280.0
12,44,2.0,0.0,2.0,[11 13],284.0,280.0,163.0,91.0,207.0,127.0,519.0,432.0,326.0,322.0
12,45,2.0,0.0,2.0,[11 13],326.0,322.0,207.0,127.0,284.0,280.0,534.0,578.0,519.0,432.0
12,46,2.0,0.0,2.0,[11 13],519.0,432.0,284.0,280.0,326.0,322.0,631.0,658.0,534.0,578.0
12,47,2.0,0.0,2.0,[11 13],534.0,578.0,326.0,322.0,519.0,432.0,600.0,851.0,631.0,658.0
12,48,2.0,0.0,2.0,[11 13],631.0,658.0,519.0,432.0,534.0,578.0,511.0,1002.0,600.0,851.0
12,49,2.0,0.0,2.0,[11 13],600.0,851.0,534.0,578.0,631.0,658.0,509.0,762.0,511.0,1002.0
12,50,2.0,0.0,2.0,[11 13],511.0,1002.0,631.0,658.0,600.0,851.0,413.0,998.0,509.0,762.0
12,51,2.0,0.0,2.0,[11 13],509.0,762.0,600.0,851.0,511.0,1002.0,357.0,909.0,413.0,998.0
12,52,2.0,0.0,2.0,[11 13],413.0,998.0,511.0,1002.0,509.0,762.0,320.0,450.0,357.0,909.0
12,53,2.0,0.0,2.0,[11 13],357.0,909.0,509.0,762.0,413.0,998.0,252.0,532.0,320.0,450.0
12,54,2.0,0.0,2.0,[11 13],320.0,450.0,413.0,998.0,357.0,909.0,248.0,381.0,252.0,532.0
12,55,2.0,0.0,2.0,[11 13],252.0,532.0,357.0,909.0,320.0,450.0,219.0,363.0,248.0,381.0
12,56,2.0,0.0,2.0,[11 13],248.0,381.0,320.0,450.0,252.0,532.0,247.0,293.0,219.0,363.0
12,57,2.0,0.0,2.0,[11 13],219.0,363.0,252.0,532.0,248.0,381.0,175.0,301.0,247.0,293.0
12,58,2.0,0.0,2.0,[11 13],247.0,293.0,248.0,381.0,219.0,363.0,182.0,214.0,175.0,301.0
12,59,2.0,0.0,2.0,[11 13],175.0,301.0,219.0,363.0,247.0,293.0,173.0,263.0,182.0,214.0
12,60,2.0,0.0,2.0,[11 13],182.0,214.0,247.0,293.0,175.0,301.0,203.0,203.0,173.0,263.0
12,61,2.0,0.0,2.0,[11 13],173.0,263.0,175.0,301.0,182.0,214.0,199.0,203.0,203.0,203.0
12,62,2.0,0.0,2.0,[11 13],203.0,203.0,182.0,214.0,173.0,263.0,163.0,204.0,199.0,203.0
12,63,2.0,0.0,2.0,[11 13],199.0,203.0,173.0,263.0,203.0,203.0,188.0,221.0,163.0,204.0
12,64,2.0,0.0,2.0,[11 13],163.0,204.0,203.0,203.0,199.0,203.0,193.0,239.0,188.0,221.0
12,65,2.0,0.0,2.0,[11 13],188.0,221.0,199.0,203.0,163.0,204.0,190.0,241.0,193.0,239.0
12,66,2.0,0.0,2.0,[11 13],193.0,239.0,163.0,204.0,188.0,221.0,229.0,177.0,190.0,241.0
12,67,2.0,0.0,2.0,[11 13],190.0,241.0,188.0,221.0,193.0,239.0,218.0,186.0,229.0,177.0
12,68,2.0,0.0,2.0,[11 13],229.0,177.0,193.0,239.0,190.0,241.0,212.0,223.0,218.0,186.0
12,69,2.0,0.0,2.0,[11 13],218.0,186.0,190.0,241.0,229.0,177.0,200.0,204.0,212.0,223.0
12,70,2.0,0.0,2.0,[11 13],212.0,223.0,229.0,177.0,218.0,186.0,246.0,253.0,200.0,204.0
12,71,2.0,0.0,2.0,[11 13],200.0,204.0,218.0,186.0,212.0,223.0,237.0,234.0,246.0,253.0
12,72,2.0,0.0,2.0,[11 13],246.0,253.0,212.0,223.0,200.0,204.0,191.0,249.0,237.0,234.0
12,73,2.0,0.0,2.0,[11 13],237.0,234.0,200.0,204.0,246.0,253.0,234.0,228.0,191.0,249.0
12,74,2.0,0.0,2.0,[11 13],191.0,249.0,246.0,253.0,237.0,234.0,224.0,276.0,234.0,228.0
12,75,2.0,0.0,2.0,[11 13],234.0,228.0,237.0,234.0,191.0,249.0,201.0,203.0,224.0,276.0
12,76,2.0,0.0,2.0,[11 13],224.0,276.0,191.0,249.0,234.0,228.0,227.0,183.0,201.0,203.0
12,77,2.0,0.0,2.0,[11 13],201.0,203.0,234.0,228.0,224.0,276.0,202.0,236.0,227.0,183.0
12,78,2.0,0.0,2.0,[11 13],227.0,183.0,224.0,276.0,201.0,203.0,189.0,248.0,202.0,236.0
12,79,2.0,0.0,2.0,[11 13],202.0,236.0,201.0,203.0,227.0,183.0,204.0,238.0,189.0,248.0
12,80,2.0,0.0,2.0,[11 13],189.0,248.0,227.0,183.0,202.0,236.0,200.0,231.0,204.0,238.0
12,81,2.0,0.0,2.0,[11 13],204.0,238.0,202.0,236.0,189.0,248.0,232.0,222.0,200.0,231.0
12,82,2.0,0.0,2.0,[11 13],200.0,231.0,189.0,248.0,204.0,238.0,179.0,183.0,232.0,222.0
12,83,2.0,0.0,2.0,[11 13],232.0,222.0,204.0,238.0,200.0,231.0,189.0,219.0,179.0,183.0
12,84,2.0,0.0,2.0,[11 13],179.0,183.0,200.0,231.0,232.0,222.0,248.0,210.0,189.0,219.0
12,85,2.0,0.0,2.0,[11 13],189.0,219.0,232.0,222.0,179.0,183.0,220.0,211.0,248.0,210.0
12,86,2.0,0.0,2.0,[11 13],248.0,210.0,179.0,183.0,189.0,219.0,192.0,182.0,220.0,211.0
12,87,2.0,0.0,2.0,[11 13],220.0,211.0,189.0,219.0,248.0,210.0,156.0,199.0,192.0,182.0
12,88,2.0,0.0,2.0,[11 13],192.0,182.0,248.0,210.0,220.0,211.0,211.0,161.0,156.0,199.0
12,89,2.0,0.0,2.0,[11 13],156.0,199.0,220.0,211.0,192.0,182.0,237.0,194.0,211.0,161.0
12,90,2.0,0.0,2.0,[11 13],211.0,161.0,192.0,182.0,156.0,199.0,218.0,191.0,237.0,194.0
12,91,2.0,0.0,2.0,[11 13],237.0,194.0,156.0,199.0,211.0,161.0,316.0,170.0,218.0,191.0
12,92,2.0,0.0,2.0,[11 13],218.0,191.0,211.0,161.0,237.0,194.0,290.0,249.0,316.0,170.0
12,93,2.0,0.0,2.0,[11 13],316.0,170.0,237.0,194.0,218.0,191.0,244.0,183.0,290.0,249.0
12,94,2.0,0.0,2.0,[11 13],290.0,249.0,218.0,191.0,316.0,170.0,287.0,247.0,244.0,183.0
12,95,2.0,0.0,2.0,[11 13],244.0,183.0,316.0,170.0,290.0,249.0,265.0,185.0,287.0,247.0
12,96,2.0,0.0,2.0,[11 13],287.0,247.0,290.0,249.0,244.0,183.0,277.0,166.0,265.0,185.0
12,97,2.0,0.0,2.0,[11 13],265.0,185.0,244.0,183.0,287.0,247.0,271.0,236.0,277.0,166.0
12,98,2.0,0.0,2.0,[11 13],277.0,166.0,287.0,247.0,265.0,185.0,310.0,249.0,271.0,236.0
12,99,2.0,0.0,2.0,[11 13],271.0,236.0,265.0,185.0,277.0,166.0,311.0,208.0,310.0,249.0
12,100,2.0,0.0,2.0,[11 13],310.0,249.0,277.0,166.0,271.0,236.0,393.0,264.0,311.0,208.0
12,101,2.0,0.0,2.0,[11 13],311.0,208.0,271.0,236.0,310.0,249.0,549.0,286.0,393.0,264.0
12,102,2.0,0.0,2.0,[11 13],393.0,264.0,310.0,249.0,311.0,208.0,499.0,366.0,549.0,286.0
12,103,2.0,0.0,2.0,[11 13],549.0,286.0,311.0,208.0,393.0,264.0,605.0,446.0,499.0,366.0
12,104,2.0,0.0,2.0,[11 13],499.0,366.0,393.0,264.0,549.0,286.0,774.0,415.0,605.0,446.0
12,105,2.0,0.0,2.0,[11 13],605.0,446.0,549.0,286.0,499.0,366.0,632.0,544.0,774.0,415.0
12,106,2.0,0.0,2.0,[11 13],774.0,415.0,499.0,366.0,605.0,446.0,537.0,526.0,632.0,544.0
12,107,2.0,0.0,2.0,[11 13],632.0,544.0,605.0,446.0,774.0,415.0,569.0,486.0,537.0,526.0
12,108,2.0,0.0,2.0,[11 13],537.0,526.0,774.0,415.0,632.0,544.0,461.0,424.0,569.0,486.0
12,109,2.0,0.0,2.0,[11 13],569.0,486.0,632.0,544.0,537.0,526.0,389.0,393.0,461.0,424.0
12,110,2.0,0.0,2.0,[11 13],461.0,424.0,537.0,526.0,569.0,486.0,368.0,354.0,389.0,393.0
12,111,2.0,0.0,2.0,[11 13],389.0,393.0,569.0,486.0,461.0,424.0,333.0,269.0,368.0,354.0
12,112,2.0,0.0,2.0,[11 13],368.0,354.0,461.0,424.0,389.0,393.0,249.0,364.0,333.0,269.0
12,113,2.0,0.0,2.0,[11 13],333.0,269.0,389.0,393.0,368.0,354.0,261.0,299.0,249.0,364.0
12,114,2.0,0.0,2.0,[11 13],249.0,364.0,368.0,354.0,333.0,269.0,205.0,238.0,261.0,299.0
12,115,2.0,0.0,2.0,[11 13],261.0,299.0,333.0,269.0,249.0,364.0,245.0,245.0,205.0,238.0
12,116,2.0,0.0,2.0,[11 13],205.0,238.0,249.0,364.0,261.0,299.0,256.0,202.0,245.0,245.0
12,117,2.0,0.0,2.0,[11 13],245.0,245.0,261.0,299.0,205.0,238.0,218.0,233.0,256.0,202.0
12,118,2.0,0.0,2.0,[11 13],256.0,202.0,205.0,238.0,245.0,245.0,219.0,244.0,218.0,233.0
12,119,2.0,0.0,2.0,[11 13],218.0,233.0,245.0,245.0,256.0,202.0,258.0,208.0,219.0,244.0
12,120,2.0,0.0,2.0,[11 13],219.0,244.0,256.0,202.0,218.0,233.0,229.0,197.0,258.0,208.0
12,121,2.0,0.0,2.0,[11 13],258.0,208.0,218.0,233.0,219.0,244.0,217.0,167.0,229.0,197.0
12,122,2.0,0.0,2.0,[11 13],229.0,197.0,219.0,244.0,258.0,208.0,229.0,226.0,217.0,167.0
12,123,2.0,0.0,2.0,[11 13],217.0,167.0,258.0,208.0,229.0,197.0,206.0,169.0,229.0,226.0
12,124,2.0,0.0,2.0,[11 13],229.0,226.0,229.0,197.0,217.0,167.0,238.0,207.0,206.0,169.0
12,125,2.0,0.0,2.0,[11 13],206.0,169.0,217.0,167.0,229.0,226.0,224.0,234.0,238.0,207.0
12,126,2.0,0.0,2.0,[11 13],238.0,207.0,229.0,226.0,206.0,169.0,192.0,190.0,224.0,234.0
12,127,2.0,0.0,2.0,[11 13],224.0,234.0,206.0,169.0,238.0,207.0,194.0,222.0,192.0,190.0
12,128,2.0,0.0,2.0,[11 13],192.0,190.0,238.0,207.0,224.0,234.0,164.0,187.0,194.0,222.0
12,129,2.0,0.0,2.0,[11 13],194.0,222.0,224.0,234.0,192.0,190.0,133.0,134.0,164.0,187.0
12,130,2.0,0.0,2.0,[11 13],164.0,187.0,192.0,190.0,194.0,222.0,165.0,165.0,133.0,134.0
12,131,2.0,0.0,2.0,[11 13],133.0,134.0,194.0,222.0,164.0,187.0,200.0,150.0,165.0,165.0
12,132,2.0,0.0,2.0,[11 13],165.0,165.0,164.0,187.0,133.0,134.0,147.0,146.0,200.0,150.0
12,133,2.0,0.0,2.0,[11 13],200.0,150.0,133.0,134.0,165.0,165.0,80.0,113.0,147.0,146.0
12,134,2.0,0.0,2.0,[11 13],147.0,146.0,165.0,165.0,200.0,150.0,70.0,117.0,80.0,113.0
12,135,2.0,0.0,2.0,[11 13],80.0,113.0,200.0,150.0,147.0,146.0,39.0,61.0,70.0,117.0
12,136,2.0,0.0,2.0,[11 13],70.0,117.0,147.0,146.0,80.0,113.0,35.0,43.0,39.0,61.0
12,137,2.0,0.0,2.0,[11 13],39.0,61.0,80.0,113.0,70.0,117.0,13.0,58.0,35.0,43.0
12,138,2.0,0.0,2.0,[11 13],35.0,43.0,70.0,117.0,39.0,61.0,5.0,25.0,13.0,58.0
12,139,2.0,0.0,2.0,[11 13],13.0,58.0,39.0,61.0,35.0,43.0,3.0,12.0,5.0,25.0
12,140,2.0,0.0,2.0,[11 13],5.0,25.0,35.0,43.0,13.0,58.0,0.0,5.0,3.0,12.0
12,141,2.0,0.0,2.0,[11 13],3.0,12.0,13.0,58.0,5.0,25.0,0.0,1.0,0.0,5.0
12,142,2.0,0.0,2.0,[11 13],0.0,5.0,5.0,25.0,3.0,12.0,0.0,0.0,0.0,1.0
12,143,2.0,0.0,2.0,[11 13],0.0,1.0,3.0,12.0,0.0,5.0,0.0,0.0,0.0,0.0
13,0,2.0,0.0,2.0,[12 14],0.0,0.0,0.0,0.0,0.0,0.0,1.0,0.0,0.0,0.0
13,1,2.0,0.0,2.0,[12 14],0.0,0.0,0.0,0.0,0.0,0.0,1.0,0.0,1.0,0.0
13,2,2.0,0.0,2.0,[12 14],1.0,0.0,0.0,0.0,0.0,0.0,0.0,0.0,1.0,0.0
13,3,2.0,0.0,2.0,[12 14],1.0,0.0,0.0,0.0,1.0,0.0,0.0,0.0,0.0,0.0
13,4,2.0,0.0,2.0,[12 14],0.0,0.0,1.0,0.0,1.0,0.0,0.0,0.0,0.0,0.0
13,5,2.0,0.0,2.0,[12 14],0.0,0.0,1.0,0.0,0.0,0.0,0.0,0.0,0.0,0.0
13,6,2.0,0.0,2.0,[12 14],0.0,0.0,0.0,0.0,0.0,0.0,1.0,1.0,0.0,0.0
13,7,2.0,0.0,2.0,[12 14],0.0,0.0,0.0,0.0,0.0,0.0,0.0,0.0,1.0,1.0
13,8,2.0,0.0,2.0,[12 14],1.0,1.0,0.0,0.0,0.0,0.0,0.0,0.0,0.0,0.0
13,9,2.0,0.0,2.0,[12 14],0.0,0.0,0.0,0.0,1.0,1.0,0.0,0.0,0.0,0.0
13,10,2.0,0.0,2.0,[12 14],0.0,0.0,1.0,1.0,0.0,0.0,0.0,0.0,0.0,0.0
13,11,2.0,0.0,2.0,[12 14],0.0,0.0,0.0,0.0,0.0,0.0,0.0,0.0,0.0,0.0
13,12,2.0,0.0,2.0,[12 14],0.0,0.0,0.0,0.0,0.0,0.0,0.0,0.0,0.0,0.0
13,13,2.0,0.0,2.0,[12 14],0.0,0.0,0.0,0.0,0.0,0.0,0.0,0.0,0.0,0.0
13,14,2.0,0.0,2.0,[12 14],0.0,0.0,0.0,0.0,0.0,0.0,0.0,0.0,0.0,0.0
13,15,2.0,0.0,2.0,[12 14],0.0,0.0,0.0,0.0,0.0,0.0,0.0,0.0,0.0,0.0
13,16,2.0,0.0,2.0,[12 14],0.0,0.0,0.0,0.0,0.0,0.0,0.0,0.0,0.0,0.0
13,17,2.0,0.0,2.0,[12 14],0.0,0.0,0.0,0.0,0.0,0.0,0.0,0.0,0.0,0.0
13,18,2.0,0.0,2.0,[12 14],0.0,0.0,0.0,0.0,0.0,0.0,0.0,0.0,0.0,0.0
13,19,2.0,0.0,2.0,[12 14],0.0,0.0,0.0,0.0,0.0,0.0,0.0,0.0,0.0,0.0
13,20,2.0,0.0,2.0,[12 14],0.0,0.0,0.0,0.0,0.0,0.0,0.0,0.0,0.0,0.0
13,21,2.0,0.0,2.0,[12 14],0.0,0.0,0.0,0.0,0.0,0.0,0.0,0.0,0.0,0.0
13,22,2.0,0.0,2.0,[12 14],0.0,0.0,0.0,0.0,0.0,0.0,0.0,0.0,0.0,0.0
13,23,2.0,0.0,2.0,[12 14],0.0,0.0,0.0,0.0,0.0,0.0,0.0,0.0,0.0,0.0
13,24,2.0,0.0,2.0,[12 14],0.0,0.0,0.0,0.0,0.0,0.0,0.0,0.0,0.0,0.0
13,25,2.0,0.0,2.0,[12 14],0.0,0.0,0.0,0.0,0.0,0.0,0.0,0.0,0.0,0.0
13,26,2.0,0.0,2.0,[12 14],0.0,0.0,0.0,0.0,0.0,0.0,1.0,0.0,0.0,0.0
13,27,2.0,0.0,2.0,[12 14],0.0,0.0,0.0,0.0,0.0,0.0,0.0,0.0,1.0,0.0
13,28,2.0,0.0,2.0,[12 14],1.0,0.0,0.0,0.0,0.0,0.0,0.0,0.0,0.0,0.0
13,29,2.0,0.0,2.0,[12 14],0.0,0.0,0.0,0.0,1.0,0.0,0.0,1.0,0.0,0.0
13,30,2.0,0.0,2.0,[12 14],0.0,0.0,1.0,0.0,0.0,0.0,1.0,0.0,0.0,1.0
13,31,2.0,0.0,2.0,[12 14],0.0,1.0,0.0,0.0,0.0,0.0,0.0,0.0,1.0,0.0
13,32,2.0,0.0,2.0,[12 14],1.0,0.0,0.0,0.0,0.0,1.0,4.0,1.0,0.0,0.0
13,33,2.0,0.0,2.0,[12 14],0.0,0.0,0.0,1.0,1.0,0.0,11.0,0.0,4.0,1.0
13,34,2.0,0.0,2.0,[12 14],4.0,1.0,1.0,0.0,0.0,0.0,26.0,3.0,11.0,0.0
13,35,2.0,0.0,2.0,[12 14],11.0,0.0,0.0,0.0,4.0,1.0,49.0,4.0,26.0,3.0
13,36,2.0,0.0,2.0,[12 14],26.0,3.0,4.0,1.0,11.0,0.0,51.0,18.0,49.0,4.0
13,37,2.0,0.0,2.0,[12 14],49.0,4.0,11.0,0.0,26.0,3.0,80.0,41.0,51.0,18.0
13,38,2.0,0.0,2.0,[12 14],51.0,18.0,26.0,3.0,49.0,4.0,100.0,50.0,80.0,41.0
13,39,2.0,0.0,2.0,[12 14],80.0,41.0,49.0,4.0,51.0,18.0,124.0,62.0,100.0,50.0
13,40,2.0,0.0,2.0,[12 14],100.0,50.0,51.0,18.0,80.0,41.0,182.0,84.0,124.0,62.0
13,41,2.0,0.0,2.0,[12 14],124.0,62.0,80.0,41.0,100.0,50.0,263.0,94.0,182.0,84.0
13,42,2.0,0.0,2.0,[12 14],182.0,84.0,100.0,50.0,124.0,62.0,356.0,122.0,263.0,94.0
13,43,2.0,0.0,2.0,[12 14],263.0,94.0,124.0,62.0,182.0,84.0,467.0,207.0,356.0,122.0
13,44,2.0,0.0,2.0,[12 14],356.0,122.0,182.0,84.0,263.0,94.0,571.0,283.0,467.0,207.0
13,45,2.0,0.0,2.0,[12 14],467.0,207.0,263.0,94.0,356.0,122.0,757.0,318.0,571.0,283.0
13,46,2.0,0.0,2.0,[12 14],571.0,283.0,356.0,122.0,467.0,207.0,778.0,374.0,757.0,318.0
13,47,2.0,0.0,2.0,[12 14],757.0,318.0,467.0,207.0,571.0,283.0,726.0,615.0,778.0,374.0
13,48,2.0,0.0,2.0,[12 14],778.0,374.0,571.0,283.0,757.0,318.0,769.0,581.0,726.0,615.0
13,49,2.0,0.0,2.0,[12 14],726.0,615.0,757.0,318.0,778.0,374.0,665.0,520.0,769.0,581.0
13,50,2.0,0.0,2.0,[12 14],769.0,581.0,778.0,374.0,726.0,615.0,553.0,579.0,665.0,520.0
13,51,2.0,0.0,2.0,[12 14],665.0,520.0,726.0,615.0,769.0,581.0,379.0,434.0,553.0,579.0
13,52,2.0,0.0,2.0,[12 14],553.0,579.0,769.0,581.0,665.0,520.0,307.0,346.0,379.0,434.0
13,53,2.0,0.0,2.0,[12 14],379.0,434.0,665.0,520.0,553.0,579.0,327.0,397.0,307.0,346.0
13,54,2.0,0.0,2.0,[12 14],307.0,346.0,553.0,579.0,379.0,434.0,223.0,240.0,327.0,397.0
13,55,2.0,0.0,2.0,[12 14],327.0,397.0,379.0,434.0,307.0,346.0,212.0,203.0,223.0,240.0
13,56,2.0,0.0,2.0,[12 14],223.0,240.0,307.0,346.0,327.0,397.0,224.0,211.0,212.0,203.0
13,57,2.0,0.0,2.0,[12 14],212.0,203.0,327.0,397.0,223.0,240.0,192.0,193.0,224.0,211.0
13,58,2.0,0.0,2.0,[12 14],224.0,211.0,223.0,240.0,212.0,203.0,181.0,229.0,192.0,193.0
13,59,2.0,0.0,2.0,[12 14],192.0,193.0,212.0,203.0,224.0,211.0,222.0,175.0,181.0,229.0
13,60,2.0,0.0,2.0,[12 14],181.0,229.0,224.0,211.0,192.0,193.0,174.0,159.0,222.0,175.0
13,61,2.0,0.0,2.0,[12 14],222.0,175.0,192.0,193.0,181.0,229.0,227.0,171.0,174.0,159.0
13,62,2.0,0.0,2.0,[12 14],174.0,159.0,181.0,229.0,222.0,175.0,245.0,135.0,227.0,171.0
13,63,2.0,0.0,2.0,[12 14],227.0,171.0,222.0,175.0,174.0,159.0,185.0,135.0,245.0,135.0
13,64,2.0,0.0,2.0,[12 14],245.0,135.0,174.0,159.0,227.0,171.0,233.0,147.0,185.0,135.0
13,65,2.0,0.0,2.0,[12 14],185.0,135.0,227.0,171.0,245.0,135.0,213.0,142.0,233.0,147.0
13,66,2.0,0.0,2.0,[12 14],233.0,147.0,245.0,135.0,185.0,135.0,205.0,138.0,213.0,142.0
13,67,2.0,0.0,2.0,[12 14],213.0,142.0,185.0,135.0,233.0,147.0,221.0,195.0,205.0,138.0
13,68,2.0,0.0,2.0,[12 14],205.0,138.0,233.0,147.0,213.0,142.0,194.0,128.0,221.0,195.0
13,69,2.0,0.0,2.0,[12 14],221.0,195.0,213.0,142.0,205.0,138.0,211.0,176.0,194.0,128.0
13,70,2.0,0.0,2.0,[12 14],194.0,128.0,205.0,138.0,221.0,195.0,213.0,145.0,211.0,176.0
13,71,2.0,0.0,2.0,[12 14],211.0,176.0,221.0,195.0,194.0,128.0,193.0,140.0,213.0,145.0
13,72,2.0,0.0,2.0,[12 14],213.0,145.0,194.0,128.0,211.0,176.0,186.0,144.0,193.0,140.0
13,73,2.0,0.0,2.0,[12 14],193.0,140.0,211.0,176.0,213.0,145.0,222.0,176.0,186.0,144.0
13,74,2.0,0.0,2.0,[12 14],186.0,144.0,213.0,145.0,193.0,140.0,219.0,119.0,222.0,176.0
13,75,2.0,0.0,2.0,[12 14],222.0,176.0,193.0,140.0,186.0,144.0,183.0,166.0,219.0,119.0
13,76,2.0,0.0,2.0,[12 14],219.0,119.0,186.0,144.0,222.0,176.0,186.0,171.0,183.0,166.0
13,77,2.0,0.0,2.0,[12 14],183.0,166.0,222.0,176.0,219.0,119.0,213.0,134.0,186.0,171.0
13,78,2.0,0.0,2.0,[12 14],186.0,171.0,219.0,119.0,183.0,166.0,209.0,177.0,213.0,134.0
13,79,2.0,0.0,2.0,[12 14],213.0,134.0,183.0,166.0,186.0,171.0,217.0,159.0,209.0,177.0
13,80,2.0,0.0,2.0,[12 14],209.0,177.0,186.0,171.0,213.0,134.0,220.0,128.0,217.0,159.0
13,81,2.0,0.0,2.0,[12 14],217.0,159.0,213.0,134.0,209.0,177.0,171.0,164.0,220.0,128.0
13,82,2.0,0.0,2.0,[12 14],220.0,128.0,209.0,177.0,217.0,159.0,210.0,209.0,171.0,164.0
13,83,2.0,0.0,2.0,[12 14],171.0,164.0,217.0,159.0,220.0,128.0,184.0,170.0,210.0,209.0
13,84,2.0,0.0,2.0,[12 14],210.0,209.0,220.0,128.0,171.0,164.0,178.0,103.0,184.0,170.0
13,85,2.0,0.0,2.0,[12 14],184.0,170.0,171.0,164.0,210.0,209.0,175.0,184.0,178.0,103.0
13,86,2.0,0.0,2.0,[12 14],178.0,103.0,210.0,209.0,184.0,170.0,156.0,125.0,175.0,184.0
13,87,2.0,0.0,2.0,[12 14],175.0,184.0,184.0,170.0,178.0,103.0,182.0,145.0,156.0,125.0
13,88,2.0,0.0,2.0,[12 14],156.0,125.0,178.0,103.0,175.0,184.0,220.0,169.0,182.0,145.0
13,89,2.0,0.0,2.0,[12 14],182.0,145.0,175.0,184.0,156.0,125.0,225.0,171.0,220.0,169.0
13,90,2.0,0.0,2.0,[12 14],220.0,169.0,156.0,125.0,182.0,145.0,175.0,157.0,225.0,171.0
13,91,2.0,0.0,2.0,[12 14],225.0,171.0,182.0,145.0,220.0,169.0,154.0,217.0,175.0,157.0
13,92,2.0,0.0,2.0,[12 14],175.0,157.0,220.0,169.0,225.0,171.0,176.0,159.0,154.0,217.0
13,93,2.0,0.0,2.0,[12 14],154.0,217.0,225.0,171.0,175.0,157.0,184.0,206.0,176.0,159.0
13,94,2.0,0.0,2.0,[12 14],176.0,159.0,175.0,157.0,154.0,217.0,184.0,253.0,184.0,206.0
13,95,2.0,0.0,2.0,[12 14],184.0,206.0,154.0,217.0,176.0,159.0,185.0,143.0,184.0,253.0
13,96,2.0,0.0,2.0,[12 14],184.0,253.0,176.0,159.0,184.0,206.0,163.0,208.0,185.0,143.0
13,97,2.0,0.0,2.0,[12 14],185.0,143.0,184.0,206.0,184.0,253.0,201.0,247.0,163.0,208.0
13,98,2.0,0.0,2.0,[12 14],163.0,208.0,184.0,253.0,185.0,143.0,224.0,179.0,201.0,247.0
13,99,2.0,0.0,2.0,[12 14],201.0,247.0,185.0,143.0,163.0,208.0,247.0,277.0,224.0,179.0
13,100,2.0,0.0,2.0,[12 14],224.0,179.0,163.0,208.0,201.0,247.0,271.0,292.0,247.0,277.0
13,101,2.0,0.0,2.0,[12 14],247.0,277.0,201.0,247.0,224.0,179.0,379.0,266.0,271.0,292.0
13,102,2.0,0.0,2.0,[12 14],271.0,292.0,224.0,179.0,247.0,277.0,338.0,397.0,379.0,266.0
13,103,2.0,0.0,2.0,[12 14],379.0,266.0,247.0,277.0,271.0,292.0,317.0,421.0,338.0,397.0
13,104,2.0,0.0,2.0,[12 14],338.0,397.0,271.0,292.0,379.0,266.0,427.0,451.0,317.0,421.0
13,105,2.0,0.0,2.0,[12 14],317.0,421.0,379.0,266.0,338.0,397.0,454.0,525.0,427.0,451.0
13,106,2.0,0.0,2.0,[12 14],427.0,451.0,338.0,397.0,317.0,421.0,387.0,526.0,454.0,525.0
13,107,2.0,0.0,2.0,[12 14],454.0,525.0,317.0,421.0,427.0,451.0,377.0,449.0,387.0,526.0
13,108,2.0,0.0,2.0,[12 14],387.0,526.0,427.0,451.0,454.0,525.0,344.0,439.0,377.0,449.0
13,109,2.0,0.0,2.0,[12 14],377.0,449.0,454.0,525.0,387.0,526.0,315.0,369.0,344.0,439.0
13,110,2.0,0.0,2.0,[12 14],344.0,439.0,387.0,526.0,377.0,449.0,231.0,392.0,315.0,369.0
13,111,2.0,0.0,2.0,[12 14],315.0,369.0,377.0,449.0,344.0,439.0,201.0,334.0,231.0,392.0
13,112,2.0,0.0,2.0,[12 14],231.0,392.0,344.0,439.0,315.0,369.0,224.0,266.0,201.0,334.0
13,113,2.0,0.0,2.0,[12 14],201.0,334.0,315.0,369.0,231.0,392.0,146.0,339.0,224.0,266.0
13,114,2.0,0.0,2.0,[12 14],224.0,266.0,231.0,392.0,201.0,334.0,154.0,238.0,146.0,339.0
13,115,2.0,0.0,2.0,[12 14],146.0,339.0,201.0,334.0,224.0,266.0,142.0,221.0,154.0,238.0
13,116,2.0,0.0,2.0,[12 14],154.0,238.0,224.0,266.0,146.0,339.0,149.0,251.0,142.0,221.0
13,117,2.0,0.0,2.0,[12 14],142.0,221.0,146.0,339.0,154.0,238.0,118.0,192.0,149.0,251.0
13,118,2.0,0.0,2.0,[12 14],149.0,251.0,154.0,238.0,142.0,221.0,117.0,203.0,118.0,192.0
13,119,2.0,0.0,2.0,[12 14],118.0,192.0,142.0,221.0,149.0,251.0,121.0,213.0,117.0,203.0
13,120,2.0,0.0,2.0,[12 14],117.0,203.0,149.0,251.0,118.0,192.0,120.0,256.0,121.0,213.0
13,121,2.0,0.0,2.0,[12 14],121.0,213.0,118.0,192.0,117.0,203.0,142.0,190.0,120.0,256.0
13,122,2.0,0.0,2.0,[12 14],120.0,256.0,117.0,203.0,121.0,213.0,131.0,205.0,142.0,190.0
13,123,2.0,0.0,2.0,[12 14],142.0,190.0,121.0,213.0,120.0,256.0,102.0,204.0,131.0,205.0
13,124,2.0,0.0,2.0,[12 14],131.0,205.0,120.0,256.0,142.0,190.0,87.0,254.0,102.0,204.0
13,125,2.0,0.0,2.0,[12 14],102.0,204.0,142.0,190.0,131.0,205.0,109.0,230.0,87.0,254.0
13,126,2.0,0.0,2.0,[12 14],87.0,254.0,131.0,205.0,102.0,204.0,103.0,168.0,109.0,230.0
13,127,2.0,0.0,2.0,[12 14],109.0,230.0,102.0,204.0,87.0,254.0,94.0,191.0,103.0,168.0
13,128,2.0,0.0,2.0,[12 14],103.0,168.0,87.0,254.0,109.0,230.0,91.0,261.0,94.0,191.0
13,129,2.0,0.0,2.0,[12 14],94.0,191.0,109.0,230.0,103.0,168.0,60.0,164.0,91.0,261.0
13,130,2.0,0.0,2.0,[12 14],91.0,261.0,103.0,168.0,94.0,191.0,51.0,178.0,60.0,164.0
13,131,2.0,0.0,2.0,[12 14],60.0,164.0,94.0,191.0,91.0,261.0,69.0,191.0,51.0,178.0
13,132,2.0,0.0,2.0,[12 14],51.0,178.0,91.0,261.0,60.0,164.0,39.0,189.0,69.0,191.0
13,133,2.0,0.0,2.0,[12 14],69.0,191.0,60.0,164.0,51.0,178.0,41.0,110.0,39.0,189.0
13,134,2.0,0.0,2.0,[12 14],39.0,189.0,51.0,178.0,69.0,191.0,32.0,109.0,41.0,110.0
13,135,2.0,0.0,2.0,[12 14],41.0,110.0,69.0,191.0,39.0,189.0,25.0,117.0,32.0,109.0
13,136,2.0,0.0,2.0,[12 14],32.0,109.0,39.0,189.0,41.0,110.0,17.0,78.0,25.0,117.0
13,137,2.0,0.0,2.0,[12 14],25.0,117.0,41.0,110.0,32.0,109.0,11.0,33.0,17.0,78.0
13,138,2.0,0.0,2.0,[12 14],17.0,78.0,32.0,109.0,25.0,117.0,5.0,40.0,11.0,33.0
13,139,2.0,0.0,2.0,[12 14],11.0,33.0,25.0,117.0,17.0,78.0,2.0,1.0,5.0,40.0
13,140,2.0,0.0,2.0,[12 14],5.0,40.0,17.0,78.0,11.0,33.0,0.0,4.0,2.0,1.0
13,141,2.0,0.0,2.0,[12 14],2.0,1.0,11.0,33.0,5.0,40.0,0.0,3.0,0.0,4.0
13,142,2.0,0.0,2.0,[12 14],0.0,4.0,5.0,40.0,2.0,1.0,0.0,0.0,0.0,3.0
13,143,2.0,0.0,2.0,[12 14],0.0,3.0,2.0,1.0,0.0,4.0,0.0,0.0,0.0,0.0
14,0,2.0,0.0,2.0,[13 15],0.0,1.0,0.0,0.0,0.0,0.0,0.0,0.0,0.0,0.0
14,1,2.0,0.0,2.0,[13 15],0.0,0.0,0.0,0.0,0.0,1.0,0.0,0.0,0.0,0.0
14,2,2.0,0.0,2.0,[13 15],0.0,0.0,0.0,1.0,0.0,0.0,0.0,0.0,0.0,0.0
14,3,2.0,0.0,2.0,[13 15],0.0,0.0,0.0,0.0,0.0,0.0,2.0,0.0,0.0,0.0
14,4,2.0,0.0,2.0,[13 15],0.0,0.0,0.0,0.0,0.0,0.0,0.0,0.0,2.0,0.0
14,5,2.0,0.0,2.0,[13 15],2.0,0.0,0.0,0.0,0.0,0.0,0.0,0.0,0.0,0.0
14,6,2.0,0.0,2.0,[13 15],0.0,0.0,0.0,0.0,2.0,0.0,0.0,0.0,0.0,0.0
14,7,2.0,0.0,2.0,[13 15],0.0,0.0,2.0,0.0,0.0,0.0,0.0,1.0,0.0,0.0
14,8,2.0,0.0,2.0,[13 15],0.0,0.0,0.0,0.0,0.0,0.0,0.0,1.0,0.0,1.0
14,9,2.0,0.0,2.0,[13 15],0.0,1.0,0.0,0.0,0.0,0.0,0.0,0.0,0.0,1.0
14,10,2.0,0.0,2.0,[13 15],0.0,1.0,0.0,0.0,0.0,1.0,2.0,0.0,0.0,0.0
14,11,2.0,0.0,2.0,[13 15],0.0,0.0,0.0,1.0,0.0,1.0,0.0,0.0,2.0,0.0
14,12,2.0,0.0,2.0,[13 15],2.0,0.0,0.0,1.0,0.0,0.0,0.0,0.0,0.0,0.0
14,13,2.0,0.0,2.0,[13 15],0.0,0.0,0.0,0.0,2.0,0.0,0.0,0.0,0.0,0.0
14,14,2.0,0.0,2.0,[13 15],0.0,0.0,2.0,0.0,0.0,0.0,0.0,0.0,0.0,0.0
14,15,2.0,0.0,2.0,[13 15],0.0,0.0,0.0,0.0,0.0,0.0,0.0,0.0,0.0,0.0
14,16,2.0,0.0,2.0,[13 15],0.0,0.0,0.0,0.0,0.0,0.0,0.0,0.0,0.0,0.0
14,17,2.0,0.0,2.0,[13 15],0.0,0.0,0.0,0.0,0.0,0.0,0.0,0.0,0.0,0.0
14,18,2.0,0.0,2.0,[13 15],0.0,0.0,0.0,0.0,0.0,0.0,0.0,0.0,0.0,0.0
14,19,2.0,0.0,2.0,[13 15],0.0,0.0,0.0,0.0,0.0,0.0,0.0,2.0,0.0,0.0
14,20,2.0,0.0,2.0,[13 15],0.0,0.0,0.0,0.0,0.0,0.0,0.0,0.0,0.0,2.0
14,21,2.0,0.0,2.0,[13 15],0.0,2.0,0.0,0.0,0.0,0.0,0.0,0.0,0.0,0.0
14,22,2.0,0.0,2.0,[13 15],0.0,0.0,0.0,0.0,0.0,2.0,0.0,0.0,0.0,0.0
14,23,2.0,0.0,2.0,[13 15],0.0,0.0,0.0,2.0,0.0,0.0,0.0,0.0,0.0,0.0
14,24,2.0,0.0,2.0,[13 15],0.0,0.0,0.0,0.0,0.0,0.0,0.0,0.0,0.0,0.0
14,25,2.0,0.0,2.0,[13 15],0.0,0.0,0.0,0.0,0.0,0.0,0.0,0.0,0.0,0.0
14,26,2.0,0.0,2.0,[13 15],0.0,0.0,0.0,0.0,0.0,0.0,0.0,0.0,0.0,0.0
14,27,2.0,0.0,2.0,[13 15],0.0,0.0,0.0,0.0,0.0,0.0,0.0,0.0,0.0,0.0
14,28,2.0,0.0,2.0,[13 15],0.0,0.0,0.0,0.0,0.0,0.0,0.0,0.0,0.0,0.0
14,29,2.0,0.0,2.0,[13 15],0.0,0.0,0.0,0.0,0.0,0.0,0.0,0.0,0.0,0.0
14,30,2.0,0.0,2.0,[13 15],0.0,0.0,0.0,0.0,0.0,0.0,0.0,0.0,0.0,0.0
14,31,2.0,0.0,2.0,[13 15],0.0,0.0,0.0,0.0,0.0,0.0,0.0,0.0,0.0,0.0
14,32,2.0,0.0,2.0,[13 15],0.0,0.0,0.0,0.0,0.0,0.0,8.0,0.0,0.0,0.0
14,33,2.0,0.0,2.0,[13 15],0.0,0.0,0.0,0.0,0.0,0.0,28.0,0.0,8.0,0.0
14,34,2.0,0.0,2.0,[13 15],8.0,0.0,0.0,0.0,0.0,0.0,58.0,4.0,28.0,0.0
14,35,2.0,0.0,2.0,[13 15],28.0,0.0,0.0,0.0,8.0,0.0,62.0,2.0,58.0,4.0
14,36,2.0,0.0,2.0,[13 15],58.0,4.0,8.0,0.0,28.0,0.0,65.0,31.0,62.0,2.0
14,37,2.0,0.0,2.0,[13 15],62.0,2.0,28.0,0.0,58.0,4.0,118.0,30.0,65.0,31.0
14,38,2.0,0.0,2.0,[13 15],65.0,31.0,58.0,4.0,62.0,2.0,135.0,42.0,118.0,30.0
14,39,2.0,0.0,2.0,[13 15],118.0,30.0,62.0,2.0,65.0,31.0,204.0,64.0,135.0,42.0
14,40,2.0,0.0,2.0,[13 15],135.0,42.0,65.0,31.0,118.0,30.0,206.0,98.0,204.0,64.0
14,41,2.0,0.0,2.0,[13 15],204.0,64.0,118.0,30.0,135.0,42.0,357.0,79.0,206.0,98.0
14,42,2.0,0.0,2.0,[13 15],206.0,98.0,135.0,42.0,204.0,64.0,420.0,129.0,357.0,79.0
14,43,2.0,0.0,2.0,[13 15],357.0,79.0,204.0,64.0,206.0,98.0,610.0,144.0,420.0,129.0
14,44,2.0,0.0,2.0,[13 15],420.0,129.0,206.0,98.0,357.0,79.0,652.0,255.0,610.0,144.0
14,45,2.0,0.0,2.0,[13 15],610.0,144.0,357.0,79.0,420.0,129.0,745.0,244.0,652.0,255.0
14,46,2.0,0.0,2.0,[13 15],652.0,255.0,420.0,129.0,610.0,144.0,852.0,294.0,745.0,244.0
14,47,2.0,0.0,2.0,[13 15],745.0,244.0,610.0,144.0,652.0,255.0,833.0,368.0,852.0,294.0
14,48,2.0,0.0,2.0,[13 15],852.0,294.0,652.0,255.0,745.0,244.0,755.0,337.0,833.0,368.0
14,49,2.0,0.0,2.0,[13 15],833.0,368.0,745.0,244.0,852.0,294.0,729.0,288.0,755.0,337.0
14,50,2.0,0.0,2.0,[13 15],755.0,337.0,852.0,294.0,833.0,368.0,567.0,393.0,729.0,288.0
14,51,2.0,0.0,2.0,[13 15],729.0,288.0,833.0,368.0,755.0,337.0,471.0,227.0,567.0,393.0
14,52,2.0,0.0,2.0,[13 15],567.0,393.0,755.0,337.0,729.0,288.0,435.0,296.0,471.0,227.0
14,53,2.0,0.0,2.0,[13 15],471.0,227.0,729.0,288.0,567.0,393.0,334.0,169.0,435.0,296.0
14,54,2.0,0.0,2.0,[13 15],435.0,296.0,567.0,393.0,471.0,227.0,255.0,195.0,334.0,169.0
14,55,2.0,0.0,2.0,[13 15],334.0,169.0,471.0,227.0,435.0,296.0,267.0,177.0,255.0,195.0
14,56,2.0,0.0,2.0,[13 15],255.0,195.0,435.0,296.0,334.0,169.0,226.0,133.0,267.0,177.0
14,57,2.0,0.0,2.0,[13 15],267.0,177.0,334.0,169.0,255.0,195.0,190.0,142.0,226.0,133.0
14,58,2.0,0.0,2.0,[13 15],226.0,133.0,255.0,195.0,267.0,177.0,195.0,127.0,190.0,142.0
14,59,2.0,0.0,2.0,[13 15],190.0,142.0,267.0,177.0,226.0,133.0,197.0,110.0,195.0,127.0
14,60,2.0,0.0,2.0,[13 15],195.0,127.0,226.0,133.0,190.0,142.0,187.0,126.0,197.0,110.0
14,61,2.0,0.0,2.0,[13 15],197.0,110.0,190.0,142.0,195.0,127.0,193.0,143.0,187.0,126.0
14,62,2.0,0.0,2.0,[13 15],187.0,126.0,195.0,127.0,197.0,110.0,175.0,128.0,193.0,143.0
14,63,2.0,0.0,2.0,[13 15],193.0,143.0,197.0,110.0,187.0,126.0,166.0,114.0,175.0,128.0
14,64,2.0,0.0,2.0,[13 15],175.0,128.0,187.0,126.0,193.0,143.0,165.0,126.0,166.0,114.0
14,65,2.0,0.0,2.0,[13 15],166.0,114.0,193.0,143.0,175.0,128.0,159.0,112.0,165.0,126.0
14,66,2.0,0.0,2.0,[13 15],165.0,126.0,175.0,128.0,166.0,114.0,154.0,93.0,159.0,112.0
14,67,2.0,0.0,2.0,[13 15],159.0,112.0,166.0,114.0,165.0,126.0,180.0,151.0,154.0,93.0
14,68,2.0,0.0,2.0,[13 15],154.0,93.0,165.0,126.0,159.0,112.0,148.0,154.0,180.0,151.0
14,69,2.0,0.0,2.0,[13 15],180.0,151.0,159.0,112.0,154.0,93.0,171.0,116.0,148.0,154.0
14,70,2.0,0.0,2.0,[13 15],148.0,154.0,154.0,93.0,180.0,151.0,139.0,125.0,171.0,116.0
14,71,2.0,0.0,2.0,[13 15],171.0,116.0,180.0,151.0,148.0,154.0,119.0,115.0,139.0,125.0
14,72,2.0,0.0,2.0,[13 15],139.0,125.0,148.0,154.0,171.0,116.0,139.0,112.0,119.0,115.0
14,73,2.0,0.0,2.0,[13 15],119.0,115.0,171.0,116.0,139.0,125.0,147.0,110.0,139.0,112.0
14,74,2.0,0.0,2.0,[13 15],139.0,112.0,139.0,125.0,119.0,115.0,147.0,138.0,147.0,110.0
14,75,2.0,0.0,2.0,[13 15],147.0,110.0,119.0,115.0,139.0,112.0,144.0,100.0,147.0,138.0
14,76,2.0,0.0,2.0,[13 15],147.0,138.0,139.0,112.0,147.0,110.0,155.0,118.0,144.0,100.0
14,77,2.0,0.0,2.0,[13 15],144.0,100.0,147.0,110.0,147.0,138.0,191.0,145.0,155.0,118.0
14,78,2.0,0.0,2.0,[13 15],155.0,118.0,147.0,138.0,144.0,100.0,195.0,144.0,191.0,145.0
14,79,2.0,0.0,2.0,[13 15],191.0,145.0,144.0,100.0,155.0,118.0,157.0,166.0,195.0,144.0
14,80,2.0,0.0,2.0,[13 15],195.0,144.0,155.0,118.0,191.0,145.0,146.0,109.0,157.0,166.0
14,81,2.0,0.0,2.0,[13 15],157.0,166.0,191.0,145.0,195.0,144.0,146.0,115.0,146.0,109.0
14,82,2.0,0.0,2.0,[13 15],146.0,109.0,195.0,144.0,157.0,166.0,151.0,148.0,146.0,115.0
14,83,2.0,0.0,2.0,[13 15],146.0,115.0,157.0,166.0,146.0,109.0,176.0,154.0,151.0,148.0
14,84,2.0,0.0,2.0,[13 15],151.0,148.0,146.0,109.0,146.0,115.0,159.0,147.0,176.0,154.0
14,85,2.0,0.0,2.0,[13 15],176.0,154.0,146.0,115.0,151.0,148.0,153.0,150.0,159.0,147.0
14,86,2.0,0.0,2.0,[13 15],159.0,147.0,151.0,148.0,176.0,154.0,149.0,138.0,153.0,150.0
14,87,2.0,0.0,2.0,[13 15],153.0,150.0,176.0,154.0,159.0,147.0,140.0,146.0,149.0,138.0
14,88,2.0,0.0,2.0,[13 15],149.0,138.0,159.0,147.0,153.0,150.0,120.0,145.0,140.0,146.0
14,89,2.0,0.0,2.0,[13 15],140.0,146.0,153.0,150.0,149.0,138.0,158.0,194.0,120.0,145.0
14,90,2.0,0.0,2.0,[13 15],120.0,145.0,149.0,138.0,140.0,146.0,159.0,139.0,158.0,194.0
14,91,2.0,0.0,2.0,[13 15],158.0,194.0,140.0,146.0,120.0,145.0,119.0,164.0,159.0,139.0
14,92,2.0,0.0,2.0,[13 15],159.0,139.0,120.0,145.0,158.0,194.0,134.0,186.0,119.0,164.0
14,93,2.0,0.0,2.0,[13 15],119.0,164.0,158.0,194.0,159.0,139.0,147.0,169.0,134.0,186.0
14,94,2.0,0.0,2.0,[13 15],134.0,186.0,159.0,139.0,119.0,164.0,133.0,224.0,147.0,169.0
14,95,2.0,0.0,2.0,[13 15],147.0,169.0,119.0,164.0,134.0,186.0,199.0,188.0,133.0,224.0
14,96,2.0,0.0,2.0,[13 15],133.0,224.0,134.0,186.0,147.0,169.0,151.0,183.0,199.0,188.0
14,97,2.0,0.0,2.0,[13 15],199.0,188.0,147.0,169.0,133.0,224.0,165.0,199.0,151.0,183.0
14,98,2.0,0.0,2.0,[13 15],151.0,183.0,133.0,224.0,199.0,188.0,148.0,212.0,165.0,199.0
14,99,2.0,0.0,2.0,[13 15],165.0,199.0,199.0,188.0,151.0,183.0,188.0,213.0,148.0,212.0
14,100,2.0,0.0,2.0,[13 15],148.0,212.0,151.0,183.0,165.0,199.0,243.0,279.0,188.0,213.0
14,101,2.0,0.0,2.0,[13 15],188.0,213.0,165.0,199.0,148.0,212.0,290.0,317.0,243.0,279.0
14,102,2.0,0.0,2.0,[13 15],243.0,279.0,148.0,212.0,188.0,213.0,271.0,384.0,290.0,317.0
14,103,2.0,0.0,2.0,[13 15],290.0,317.0,188.0,213.0,243.0,279.0,274.0,479.0,271.0,384.0
14,104,2.0,0.0,2.0,[13 15],271.0,384.0,243.0,279.0,290.0,317.0,347.0,496.0,274.0,479.0
14,105,2.0,0.0,2.0,[13 15],274.0,479.0,290.0,317.0,271.0,384.0,309.0,536.0,347.0,496.0
14,106,2.0,0.0,2.0,[13 15],347.0,496.0,271.0,384.0,274.0,479.0,291.0,535.0,309.0,536.0
14,107,2.0,0.0,2.0,[13 15],309.0,536.0,274.0,479.0,347.0,496.0,280.0,539.0,291.0,535.0
14,108,2.0,0.0,2.0,[13 15],291.0,535.0,347.0,496.0,309.0,536.0,247.0,438.0,280.0,539.0
14,109,2.0,0.0,2.0,[13 15],280.0,539.0,309.0,536.0,291.0,535.0,221.0,532.0,247.0,438.0
14,110,2.0,0.0,2.0,[13 15],247.0,438.0,291.0,535.0,280.0,539.0,168.0,346.0,221.0,532.0
14,111,2.0,0.0,2.0,[13 15],221.0,532.0,280.0,539.0,247.0,438.0,184.0,485.0,168.0,346.0
14,112,2.0,0.0,2.0,[13 15],168.0,346.0,247.0,438.0,221.0,532.0,165.0,318.0,184.0,485.0
14,113,2.0,0.0,2.0,[13 15],184.0,485.0,221.0,532.0,168.0,346.0,141.0,261.0,165.0,318.0
14,114,2.0,0.0,2.0,[13 15],165.0,318.0,168.0,346.0,184.0,485.0,126.0,348.0,141.0,261.0
14,115,2.0,0.0,2.0,[13 15],141.0,261.0,184.0,485.0,165.0,318.0,126.0,265.0,126.0,348.0
14,116,2.0,0.0,2.0,[13 15],126.0,348.0,165.0,318.0,141.0,261.0,132.0,248.0,126.0,265.0
14,117,2.0,0.0,2.0,[13 15],126.0,265.0,141.0,261.0,126.0,348.0,123.0,258.0,132.0,248.0
14,118,2.0,0.0,2.0,[13 15],132.0,248.0,126.0,348.0,126.0,265.0,102.0,244.0,123.0,258.0
14,119,2.0,0.0,2.0,[13 15],123.0,258.0,126.0,265.0,132.0,248.0,147.0,231.0,102.0,244.0
14,120,2.0,0.0,2.0,[13 15],102.0,244.0,132.0,248.0,123.0,258.0,128.0,233.0,147.0,231.0
14,121,2.0,0.0,2.0,[13 15],147.0,231.0,123.0,258.0,102.0,244.0,92.0,238.0,128.0,233.0
14,122,2.0,0.0,2.0,[13 15],128.0,233.0,102.0,244.0,147.0,231.0,154.0,302.0,92.0,238.0
14,123,2.0,0.0,2.0,[13 15],92.0,238.0,147.0,231.0,128.0,233.0,119.0,267.0,154.0,302.0
14,124,2.0,0.0,2.0,[13 15],154.0,302.0,128.0,233.0,92.0,238.0,93.0,184.0,119.0,267.0
14,125,2.0,0.0,2.0,[13 15],119.0,267.0,92.0,238.0,154.0,302.0,119.0,227.0,93.0,184.0
14,126,2.0,0.0,2.0,[13 15],93.0,184.0,154.0,302.0,119.0,267.0,84.0,221.0,119.0,227.0
14,127,2.0,0.0,2.0,[13 15],119.0,227.0,119.0,267.0,93.0,184.0,83.0,271.0,84.0,221.0
14,128,2.0,0.0,2.0,[13 15],84.0,221.0,93.0,184.0,119.0,227.0,68.0,268.0,83.0,271.0
14,129,2.0,0.0,2.0,[13 15],83.0,271.0,119.0,227.0,84.0,221.0,71.0,211.0,68.0,268.0
14,130,2.0,0.0,2.0,[13 15],68.0,268.0,84.0,221.0,83.0,271.0,77.0,245.0,71.0,211.0
14,131,2.0,0.0,2.0,[13 15],71.0,211.0,83.0,271.0,68.0,268.0,88.0,227.0,77.0,245.0
14,132,2.0,0.0,2.0,[13 15],77.0,245.0,68.0,268.0,71.0,211.0,36.0,288.0,88.0,227.0
14,133,2.0,0.0,2.0,[13 15],88.0,227.0,71.0,211.0,77.0,245.0,44.0,219.0,36.0,288.0
14,134,2.0,0.0,2.0,[13 15],36.0,288.0,77.0,245.0,88.0,227.0,37.0,167.0,44.0,219.0
14,135,2.0,0.0,2.0,[13 15],44.0,219.0,88.0,227.0,36.0,288.0,20.0,126.0,37.0,167.0
14,136,2.0,0.0,2.0,[13 15],37.0,167.0,36.0,288.0,44.0,219.0,9.0,72.0,20.0,126.0
14,137,2.0,0.0,2.0,[13 15],20.0,126.0,44.0,219.0,37.0,167.0,15.0,86.0,9.0,72.0
14,138,2.0,0.0,2.0,[13 15],9.0,72.0,37.0,167.0,20.0,126.0,4.0,34.0,15.0,86.0
14,139,2.0,0.0,2.0,[13 15],15.0,86.0,20.0,126.0,9.0,72.0,2.0,20.0,4.0,34.0
14,140,2.0,0.0,2.0,[13 15],4.0,34.0,9.0,72.0,15.0,86.0,1.0,3.0,2.0,20.0
14,141,2.0,0.0,2.0,[13 15],2.0,20.0,15.0,86.0,4.0,34.0,0.0,2.0,1.0,3.0
14,142,2.0,0.0,2.0,[13 15],1.0,3.0,4.0,34.0,2.0,20.0,0.0,0.0,0.0,2.0
14,143,2.0,0.0,2.0,[13 15],0.0,2.0,2.0,20.0,1.0,3.0,0.0,0.0,0.0,0.0
15,0,2.0,0.0,3.0,[14 16 80],2.0,0.0,0.0,0.0,0.0,0.0,0.0,0.0,1.0,1.0
15,1,2.0,0.0,3.0,[14 16 80],1.0,1.0,0.0,0.0,2.0,0.0,0.0,0.0,0.0,0.0
15,2,2.0,0.0,3.0,[14 16 80],0.0,0.0,2.0,0.0,1.0,1.0,0.0,0.0,0.0,0.0
15,3,2.0,0.0,3.0,[14 16 80],0.0,0.0,1.0,1.0,0.0,0.0,0.0,0.0,0.0,0.0
15,4,2.0,0.0,3.0,[14 16 80],0.0,0.0,0.0,0.0,0.0,0.0,0.0,1.0,0.0,0.0
15,5,2.0,0.0,3.0,[14 16 80],0.0,0.0,0.0,0.0,0.0,0.0,1.0,0.0,0.0,1.0
15,6,2.0,0.0,3.0,[14 16 80],0.0,1.0,0.0,0.0,0.0,0.0,0.0,0.0,1.0,0.0
15,7,2.0,0.0,3.0,[14 16 80],1.0,0.0,0.0,0.0,0.0,1.0,0.0,0.0,0.0,0.0
15,8,2.0,0.0,3.0,[14 16 80],0.0,0.0,0.0,1.0,1.0,0.0,0.0,0.0,0.0,0.0
15,9,2.0,0.0,3.0,[14 16 80],0.0,0.0,1.0,0.0,0.0,0.0,0.0,0.0,0.0,0.0
15,10,2.0,0.0,3.0,[14 16 80],0.0,0.0,0.0,0.0,0.0,0.0,0.0,0.0,0.0,0.0
15,11,2.0,0.0,3.0,[14 16 80],0.0,0.0,0.0,0.0,0.0,0.0,0.0,0.0,0.0,0.0
15,12,2.0,0.0,3.0,[14 16 80],0.0,0.0,0.0,0.0,0.0,0.0,0.0,0.0,0.0,0.0
15,13,2.0,0.0,3.0,[14 16 80],0.0,0.0,0.0,0.0,0.0,0.0,0.0,0.0,0.0,0.0
15,14,2.0,0.0,3.0,[14 16 80],0.0,0.0,0.0,0.0,0.0,0.0,0.0,0.0,0.0,0.0
15,15,2.0,0.0,3.0,[14 16 80],0.0,0.0,0.0,0.0,0.0,0.0,0.0,0.0,0.0,0.0
15,16,2.0,0.0,3.0,[14 16 80],0.0,0.0,0.0,0.0,0.0,0.0,0.0,0.0,0.0,0.0
15,17,2.0,0.0,3.0,[14 16 80],0.0,0.0,0.0,0.0,0.0,0.0,0.0,0.0,0.0,0.0
15,18,2.0,0.0,3.0,[14 16 80],0.0,0.0,0.0,0.0,0.0,0.0,0.0,0.0,0.0,0.0
15,19,2.0,0.0,3.0,[14 16 80],0.0,0.0,0.0,0.0,0.0,0.0,0.0,0.0,0.0,0.0
15,20,2.0,0.0,3.0,[14 16 80],0.0,0.0,0.0,0.0,0.0,0.0,0.0,0.0,0.0,0.0
15,21,2.0,0.0,3.0,[14 16 80],0.0,0.0,0.0,0.0,0.0,0.0,0.0,0.0,0.0,0.0
15,22,2.0,0.0,3.0,[14 16 80],0.0,0.0,0.0,0.0,0.0,0.0,0.0,0.0,0.0,0.0
15,23,2.0,0.0,3.0,[14 16 80],0.0,0.0,0.0,0.0,0.0,0.0,0.0,0.0,0.0,0.0
15,24,2.0,0.0,3.0,[14 16 80],0.0,0.0,0.0,0.0,0.0,0.0,0.0,0.0,0.0,0.0
15,25,2.0,0.0,3.0,[14 16 80],0.0,0.0,0.0,0.0,0.0,0.0,0.0,0.0,0.0,0.0
15,26,2.0,0.0,3.0,[14 16 80],0.0,0.0,0.0,0.0,0.0,0.0,0.0,0.0,0.0,0.0
15,27,2.0,0.0,3.0,[14 16 80],0.0,0.0,0.0,0.0,0.0,0.0,0.0,0.0,0.0,0.0
15,28,2.0,0.0,3.0,[14 16 80],0.0,0.0,0.0,0.0,0.0,0.0,0.0,1.0,0.0,0.0
15,29,2.0,0.0,3.0,[14 16 80],0.0,0.0,0.0,0.0,0.0,0.0,0.0,0.0,0.0,1.0
15,30,2.0,0.0,3.0,[14 16 80],0.0,1.0,0.0,0.0,0.0,0.0,2.0,1.0,0.0,0.0
15,31,2.0,0.0,3.0,[14 16 80],0.0,0.0,0.0,0.0,0.0,1.0,0.0,0.0,2.0,1.0
15,32,2.0,0.0,3.0,[14 16 80],2.0,1.0,0.0,1.0,0.0,0.0,110.0,1.0,0.0,0.0
15,33,2.0,0.0,3.0,[14 16 80],0.0,0.0,0.0,0.0,2.0,1.0,108.0,0.0,110.0,1.0
15,34,2.0,0.0,3.0,[14 16 80],110.0,1.0,2.0,1.0,0.0,0.0,83.0,1.0,108.0,0.0
15,35,2.0,0.0,3.0,[14 16 80],108.0,0.0,0.0,0.0,110.0,1.0,55.0,100.0,83.0,1.0
15,36,2.0,0.0,3.0,[14 16 80],83.0,1.0,110.0,1.0,108.0,0.0,66.0,375.0,55.0,100.0
15,37,2.0,0.0,3.0,[14 16 80],55.0,100.0,108.0,0.0,83.0,1.0,107.0,903.0,66.0,375.0
15,38,2.0,0.0,3.0,[14 16 80],66.0,375.0,83.0,1.0,55.0,100.0,116.0,694.0,107.0,903.0
15,39,2.0,0.0,3.0,[14 16 80],107.0,903.0,55.0,100.0,66.0,375.0,227.0,731.0,116.0,694.0
15,40,2.0,0.0,3.0,[14 16 80],116.0,694.0,66.0,375.0,107.0,903.0,246.0,843.0,227.0,731.0
15,41,2.0,0.0,3.0,[14 16 80],227.0,731.0,107.0,903.0,116.0,694.0,331.0,920.0,246.0,843.0
15,42,2.0,0.0,3.0,[14 16 80],246.0,843.0,116.0,694.0,227.0,731.0,322.0,1022.0,331.0,920.0
15,43,2.0,0.0,3.0,[14 16 80],331.0,920.0,227.0,731.0,246.0,843.0,471.0,1329.0,322.0,1022.0
15,44,2.0,0.0,3.0,[14 16 80],322.0,1022.0,246.0,843.0,331.0,920.0,639.0,1210.0,471.0,1329.0
15,45,2.0,0.0,3.0,[14 16 80],471.0,1329.0,331.0,920.0,322.0,1022.0,468.0,1131.0,639.0,1210.0
15,46,2.0,0.0,3.0,[14 16 80],639.0,1210.0,322.0,1022.0,471.0,1329.0,988.0,1470.0,468.0,1131.0
15,47,2.0,0.0,3.0,[14 16 80],468.0,1131.0,471.0,1329.0,639.0,1210.0,697.0,1543.0,988.0,1470.0
15,48,2.0,0.0,3.0,[14 16 80],988.0,1470.0,639.0,1210.0,468.0,1131.0,676.0,1754.0,697.0,1543.0
15,49,2.0,0.0,3.0,[14 16 80],697.0,1543.0,468.0,1131.0,988.0,1470.0,930.0,1620.0,676.0,1754.0
15,50,2.0,0.0,3.0,[14 16 80],676.0,1754.0,988.0,1470.0,697.0,1543.0,940.0,1581.0,930.0,1620.0
15,51,2.0,0.0,3.0,[14 16 80],930.0,1620.0,697.0,1543.0,676.0,1754.0,1104.0,1370.0,940.0,1581.0
15,52,2.0,0.0,3.0,[14 16 80],940.0,1581.0,676.0,1754.0,930.0,1620.0,1107.0,1313.0,1104.0,1370.0
15,53,2.0,0.0,3.0,[14 16 80],1104.0,1370.0,930.0,1620.0,940.0,1581.0,1035.0,1231.0,1107.0,1313.0
15,54,2.0,0.0,3.0,[14 16 80],1107.0,1313.0,940.0,1581.0,1104.0,1370.0,920.0,1282.0,1035.0,1231.0
15,55,2.0,0.0,3.0,[14 16 80],1035.0,1231.0,1104.0,1370.0,1107.0,1313.0,907.0,1209.0,920.0,1282.0
15,56,2.0,0.0,3.0,[14 16 80],920.0,1282.0,1107.0,1313.0,1035.0,1231.0,839.0,1241.0,907.0,1209.0
15,57,2.0,0.0,3.0,[14 16 80],907.0,1209.0,1035.0,1231.0,920.0,1282.0,893.0,1099.0,839.0,1241.0
15,58,2.0,0.0,3.0,[14 16 80],839.0,1241.0,920.0,1282.0,907.0,1209.0,1138.0,1193.0,893.0,1099.0
15,59,2.0,0.0,3.0,[14 16 80],893.0,1099.0,907.0,1209.0,839.0,1241.0,1106.0,1005.0,1138.0,1193.0
15,60,2.0,0.0,3.0,[14 16 80],1138.0,1193.0,839.0,1241.0,893.0,1099.0,1044.0,1100.0,1106.0,1005.0
15,61,2.0,0.0,3.0,[14 16 80],1106.0,1005.0,893.0,1099.0,1138.0,1193.0,892.0,1012.0,1044.0,1100.0
15,62,2.0,0.0,3.0,[14 16 80],1044.0,1100.0,1138.0,1193.0,1106.0,1005.0,1358.0,1044.0,892.0,1012.0
15,63,2.0,0.0,3.0,[14 16 80],892.0,1012.0,1106.0,1005.0,1044.0,1100.0,1104.0,1012.0,1358.0,1044.0
15,64,2.0,0.0,3.0,[14 16 80],1358.0,1044.0,1044.0,1100.0,892.0,1012.0,954.0,1072.0,1104.0,1012.0
15,65,2.0,0.0,3.0,[14 16 80],1104.0,1012.0,892.0,1012.0,1358.0,1044.0,984.0,1015.0,954.0,1072.0
15,66,2.0,0.0,3.0,[14 16 80],954.0,1072.0,1358.0,1044.0,1104.0,1012.0,913.0,1069.0,984.0,1015.0
15,67,2.0,0.0,3.0,[14 16 80],984.0,1015.0,1104.0,1012.0,954.0,1072.0,979.0,1096.0,913.0,1069.0
15,68,2.0,0.0,3.0,[14 16 80],913.0,1069.0,954.0,1072.0,984.0,1015.0,1073.0,1123.0,979.0,1096.0
15,69,2.0,0.0,3.0,[14 16 80],979.0,1096.0,984.0,1015.0,913.0,1069.0,959.0,1106.0,1073.0,1123.0
15,70,2.0,0.0,3.0,[14 16 80],1073.0,1123.0,913.0,1069.0,979.0,1096.0,1100.0,1107.0,959.0,1106.0
15,71,2.0,0.0,3.0,[14 16 80],959.0,1106.0,979.0,1096.0,1073.0,1123.0,949.0,1185.0,1100.0,1107.0
15,72,2.0,0.0,3.0,[14 16 80],1100.0,1107.0,1073.0,1123.0,959.0,1106.0,879.0,1170.0,949.0,1185.0
15,73,2.0,0.0,3.0,[14 16 80],949.0,1185.0,959.0,1106.0,1100.0,1107.0,1022.0,1267.0,879.0,1170.0
15,74,2.0,0.0,3.0,[14 16 80],879.0,1170.0,1100.0,1107.0,949.0,1185.0,973.0,1228.0,1022.0,1267.0
15,75,2.0,0.0,3.0,[14 16 80],1022.0,1267.0,949.0,1185.0,879.0,1170.0,1121.0,1232.0,973.0,1228.0
15,76,2.0,0.0,3.0,[14 16 80],973.0,1228.0,879.0,1170.0,1022.0,1267.0,1346.0,1265.0,1121.0,1232.0
15,77,2.0,0.0,3.0,[14 16 80],1121.0,1232.0,1022.0,1267.0,973.0,1228.0,1004.0,1122.0,1346.0,1265.0
15,78,2.0,0.0,3.0,[14 16 80],1346.0,1265.0,973.0,1228.0,1121.0,1232.0,859.0,1215.0,1004.0,1122.0
15,79,2.0,0.0,3.0,[14 16 80],1004.0,1122.0,1121.0,1232.0,1346.0,1265.0,1036.0,1071.0,859.0,1215.0
15,80,2.0,0.0,3.0,[14 16 80],859.0,1215.0,1346.0,1265.0,1004.0,1122.0,1035.0,967.0,1036.0,1071.0
15,81,2.0,0.0,3.0,[14 16 80],1036.0,1071.0,1004.0,1122.0,859.0,1215.0,1351.0,999.0,1035.0,967.0
15,82,2.0,0.0,3.0,[14 16 80],1035.0,967.0,859.0,1215.0,1036.0,1071.0,1157.0,913.0,1351.0,999.0
15,83,2.0,0.0,3.0,[14 16 80],1351.0,999.0,1036.0,1071.0,1035.0,967.0,977.0,1037.0,1157.0,913.0
15,84,2.0,0.0,3.0,[14 16 80],1157.0,913.0,1035.0,967.0,1351.0,999.0,799.0,1189.0,977.0,1037.0
15,85,2.0,0.0,3.0,[14 16 80],977.0,1037.0,1351.0,999.0,1157.0,913.0,617.0,1244.0,799.0,1189.0
15,86,2.0,0.0,3.0,[14 16 80],799.0,1189.0,1157.0,913.0,977.0,1037.0,709.0,1076.0,617.0,1244.0
15,87,2.0,0.0,3.0,[14 16 80],617.0,1244.0,977.0,1037.0,799.0,1189.0,765.0,1172.0,709.0,1076.0
15,88,2.0,0.0,3.0,[14 16 80],709.0,1076.0,799.0,1189.0,617.0,1244.0,925.0,1217.0,765.0,1172.0
15,89,2.0,0.0,3.0,[14 16 80],765.0,1172.0,617.0,1244.0,709.0,1076.0,921.0,1076.0,925.0,1217.0
15,90,2.0,0.0,3.0,[14 16 80],925.0,1217.0,709.0,1076.0,765.0,1172.0,1176.0,1249.0,921.0,1076.0
15,91,2.0,0.0,3.0,[14 16 80],921.0,1076.0,765.0,1172.0,925.0,1217.0,972.0,1318.0,1176.0,1249.0
15,92,2.0,0.0,3.0,[14 16 80],1176.0,1249.0,925.0,1217.0,921.0,1076.0,1462.0,1189.0,972.0,1318.0
15,93,2.0,0.0,3.0,[14 16 80],972.0,1318.0,921.0,1076.0,1176.0,1249.0,1317.0,1227.0,1462.0,1189.0
15,94,2.0,0.0,3.0,[14 16 80],1462.0,1189.0,1176.0,1249.0,972.0,1318.0,808.0,1220.0,1317.0,1227.0
15,95,2.0,0.0,3.0,[14 16 80],1317.0,1227.0,972.0,1318.0,1462.0,1189.0,849.0,1140.0,808.0,1220.0
15,96,2.0,0.0,3.0,[14 16 80],808.0,1220.0,1462.0,1189.0,1317.0,1227.0,1079.0,1244.0,849.0,1140.0
15,97,2.0,0.0,3.0,[14 16 80],849.0,1140.0,1317.0,1227.0,808.0,1220.0,1272.0,1169.0,1079.0,1244.0
15,98,2.0,0.0,3.0,[14 16 80],1079.0,1244.0,808.0,1220.0,849.0,1140.0,862.0,1121.0,1272.0,1169.0
15,99,2.0,0.0,3.0,[14 16 80],1272.0,1169.0,849.0,1140.0,1079.0,1244.0,1106.0,1074.0,862.0,1121.0
15,100,2.0,0.0,3.0,[14 16 80],862.0,1121.0,1079.0,1244.0,1272.0,1169.0,1099.0,1080.0,1106.0,1074.0
15,101,2.0,0.0,3.0,[14 16 80],1106.0,1074.0,1272.0,1169.0,862.0,1121.0,1118.0,971.0,1099.0,1080.0
15,102,2.0,0.0,3.0,[14 16 80],1099.0,1080.0,862.0,1121.0,1106.0,1074.0,1530.0,1121.0,1118.0,971.0
15,103,2.0,0.0,3.0,[14 16 80],1118.0,971.0,1106.0,1074.0,1099.0,1080.0,1347.0,1102.0,1530.0,1121.0
15,104,2.0,0.0,3.0,[14 16 80],1530.0,1121.0,1099.0,1080.0,1118.0,971.0,1380.0,983.0,1347.0,1102.0
15,105,2.0,0.0,3.0,[14 16 80],1347.0,1102.0,1118.0,971.0,1530.0,1121.0,1291.0,1165.0,1380.0,983.0
15,106,2.0,0.0,3.0,[14 16 80],1380.0,983.0,1530.0,1121.0,1347.0,1102.0,1195.0,1155.0,1291.0,1165.0
15,107,2.0,0.0,3.0,[14 16 80],1291.0,1165.0,1347.0,1102.0,1380.0,983.0,1162.0,1216.0,1195.0,1155.0
15,108,2.0,0.0,3.0,[14 16 80],1195.0,1155.0,1380.0,983.0,1291.0,1165.0,911.0,1204.0,1162.0,1216.0
15,109,2.0,0.0,3.0,[14 16 80],1162.0,1216.0,1291.0,1165.0,1195.0,1155.0,724.0,1071.0,911.0,1204.0
15,110,2.0,0.0,3.0,[14 16 80],911.0,1204.0,1195.0,1155.0,1162.0,1216.0,1032.0,1000.0,724.0,1071.0
15,111,2.0,0.0,3.0,[14 16 80],724.0,1071.0,1162.0,1216.0,911.0,1204.0,784.0,1131.0,1032.0,1000.0
15,112,2.0,0.0,3.0,[14 16 80],1032.0,1000.0,911.0,1204.0,724.0,1071.0,902.0,899.0,784.0,1131.0
15,113,2.0,0.0,3.0,[14 16 80],784.0,1131.0,724.0,1071.0,1032.0,1000.0,1044.0,726.0,902.0,899.0
15,114,2.0,0.0,3.0,[14 16 80],902.0,899.0,1032.0,1000.0,784.0,1131.0,836.0,804.0,1044.0,726.0
15,115,2.0,0.0,3.0,[14 16 80],1044.0,726.0,784.0,1131.0,902.0,899.0,1113.0,678.0,836.0,804.0
15,116,2.0,0.0,3.0,[14 16 80],836.0,804.0,902.0,899.0,1044.0,726.0,983.0,695.0,1113.0,678.0
15,117,2.0,0.0,3.0,[14 16 80],1113.0,678.0,1044.0,726.0,836.0,804.0,711.0,511.0,983.0,695.0
15,118,2.0,0.0,3.0,[14 16 80],983.0,695.0,836.0,804.0,1113.0,678.0,778.0,542.0,711.0,511.0
15,119,2.0,0.0,3.0,[14 16 80],711.0,511.0,1113.0,678.0,983.0,695.0,1023.0,471.0,778.0,542.0
15,120,2.0,0.0,3.0,[14 16 80],778.0,542.0,983.0,695.0,711.0,511.0,1069.0,413.0,1023.0,471.0
15,121,2.0,0.0,3.0,[14 16 80],1023.0,471.0,711.0,511.0,778.0,542.0,1030.0,341.0,1069.0,413.0
15,122,2.0,0.0,3.0,[14 16 80],1069.0,413.0,778.0,542.0,1023.0,471.0,661.0,429.0,1030.0,341.0
15,123,2.0,0.0,3.0,[14 16 80],1030.0,341.0,1023.0,471.0,1069.0,413.0,693.0,387.0,661.0,429.0
15,124,2.0,0.0,3.0,[14 16 80],661.0,429.0,1069.0,413.0,1030.0,341.0,616.0,297.0,693.0,387.0
15,125,2.0,0.0,3.0,[14 16 80],693.0,387.0,1030.0,341.0,661.0,429.0,574.0,319.0,616.0,297.0
15,126,2.0,0.0,3.0,[14 16 80],616.0,297.0,661.0,429.0,693.0,387.0,653.0,317.0,574.0,319.0
15,127,2.0,0.0,3.0,[14 16 80],574.0,319.0,693.0,387.0,616.0,297.0,489.0,199.0,653.0,317.0
15,128,2.0,0.0,3.0,[14 16 80],653.0,317.0,616.0,297.0,574.0,319.0,432.0,216.0,489.0,199.0
15,129,2.0,0.0,3.0,[14 16 80],489.0,199.0,574.0,319.0,653.0,317.0,436.0,188.0,432.0,216.0
15,130,2.0,0.0,3.0,[14 16 80],432.0,216.0,653.0,317.0,489.0,199.0,750.0,172.0,436.0,188.0
15,131,2.0,0.0,3.0,[14 16 80],436.0,188.0,489.0,199.0,432.0,216.0,658.0,138.0,750.0,172.0
15,132,2.0,0.0,3.0,[14 16 80],750.0,172.0,432.0,216.0,436.0,188.0,335.0,153.0,658.0,138.0
15,133,2.0,0.0,3.0,[14 16 80],658.0,138.0,436.0,188.0,750.0,172.0,358.0,116.0,335.0,153.0
15,134,2.0,0.0,3.0,[14 16 80],335.0,153.0,750.0,172.0,658.0,138.0,234.0,110.0,358.0,116.0
15,135,2.0,0.0,3.0,[14 16 80],358.0,116.0,658.0,138.0,335.0,153.0,83.0,95.0,234.0,110.0
15,136,2.0,0.0,3.0,[14 16 80],234.0,110.0,335.0,153.0,358.0,116.0,199.0,86.0,83.0,95.0
15,137,2.0,0.0,3.0,[14 16 80],83.0,95.0,358.0,116.0,234.0,110.0,83.0,30.0,199.0,86.0
15,138,2.0,0.0,3.0,[14 16 80],199.0,86.0,234.0,110.0,83.0,95.0,75.0,54.0,83.0,30.0
15,139,2.0,0.0,3.0,[14 16 80],83.0,30.0,83.0,95.0,199.0,86.0,16.0,21.0,75.0,54.0
15,140,2.0,0.0,3.0,[14 16 80],75.0,54.0,199.0,86.0,83.0,30.0,6.0,13.0,16.0,21.0
15,141,2.0,0.0,3.0,[14 16 80],16.0,21.0,83.0,30.0,75.0,54.0,2.0,7.0,6.0,13.0
15,142,2.0,0.0,3.0,[14 16 80],6.0,13.0,75.0,54.0,16.0,21.0,0.0,0.0,2.0,7.0
15,143,2.0,0.0,3.0,[14 16 80],2.0,7.0,16.0,21.0,6.0,13.0,0.0,0.0,0.0,0.0
16,0,2.0,0.0,2.0,[15 17],0.0,1.0,0.0,0.0,0.0,0.0,0.0,0.0,0.0,0.0
16,1,2.0,0.0,2.0,[15 17],0.0,0.0,0.0,0.0,0.0,1.0,0.0,0.0,0.0,0.0
16,2,2.0,0.0,2.0,[15 17],0.0,0.0,0.0,1.0,0.0,0.0,1.0,0.0,0.0,0.0
16,3,2.0,0.0,2.0,[15 17],0.0,0.0,0.0,0.0,0.0,0.0,0.0,1.0,1.0,0.0
16,4,2.0,0.0,2.0,[15 17],1.0,0.0,0.0,0.0,0.0,0.0,2.0,0.0,0.0,1.0
16,5,2.0,0.0,2.0,[15 17],0.0,1.0,0.0,0.0,1.0,0.0,0.0,0.0,2.0,0.0
16,6,2.0,0.0,2.0,[15 17],2.0,0.0,1.0,0.0,0.0,1.0,4.0,1.0,0.0,0.0
16,7,2.0,0.0,2.0,[15 17],0.0,0.0,0.0,1.0,2.0,0.0,0.0,0.0,4.0,1.0
16,8,2.0,0.0,2.0,[15 17],4.0,1.0,2.0,0.0,0.0,0.0,0.0,0.0,0.0,0.0
16,9,2.0,0.0,2.0,[15 17],0.0,0.0,0.0,0.0,4.0,1.0,0.0,3.0,0.0,0.0
16,10,2.0,0.0,2.0,[15 17],0.0,0.0,4.0,1.0,0.0,0.0,0.0,0.0,0.0,3.0
16,11,2.0,0.0,2.0,[15 17],0.0,3.0,0.0,0.0,0.0,0.0,1.0,1.0,0.0,0.0
16,12,2.0,0.0,2.0,[15 17],0.0,0.0,0.0,0.0,0.0,3.0,1.0,0.0,1.0,1.0
16,13,2.0,0.0,2.0,[15 17],1.0,1.0,0.0,3.0,0.0,0.0,0.0,0.0,1.0,0.0
16,14,2.0,0.0,2.0,[15 17],1.0,0.0,0.0,0.0,1.0,1.0,0.0,0.0,0.0,0.0
16,15,2.0,0.0,2.0,[15 17],0.0,0.0,1.0,1.0,1.0,0.0,0.0,1.0,0.0,0.0
16,16,2.0,0.0,2.0,[15 17],0.0,0.0,1.0,0.0,0.0,0.0,0.0,0.0,0.0,1.0
16,17,2.0,0.0,2.0,[15 17],0.0,1.0,0.0,0.0,0.0,0.0,0.0,0.0,0.0,0.0
16,18,2.0,0.0,2.0,[15 17],0.0,0.0,0.0,0.0,0.0,1.0,0.0,0.0,0.0,0.0
16,19,2.0,0.0,2.0,[15 17],0.0,0.0,0.0,1.0,0.0,0.0,0.0,0.0,0.0,0.0
16,20,2.0,0.0,2.0,[15 17],0.0,0.0,0.0,0.0,0.0,0.0,0.0,0.0,0.0,0.0
16,21,2.0,0.0,2.0,[15 17],0.0,0.0,0.0,0.0,0.0,0.0,0.0,0.0,0.0,0.0
16,22,2.0,0.0,2.0,[15 17],0.0,0.0,0.0,0.0,0.0,0.0,0.0,0.0,0.0,0.0
16,23,2.0,0.0,2.0,[15 17],0.0,0.0,0.0,0.0,0.0,0.0,0.0,0.0,0.0,0.0
16,24,2.0,0.0,2.0,[15 17],0.0,0.0,0.0,0.0,0.0,0.0,0.0,0.0,0.0,0.0
16,25,2.0,0.0,2.0,[15 17],0.0,0.0,0.0,0.0,0.0,0.0,0.0,0.0,0.0,0.0
16,26,2.0,0.0,2.0,[15 17],0.0,0.0,0.0,0.0,0.0,0.0,0.0,0.0,0.0,0.0
16,27,2.0,0.0,2.0,[15 17],0.0,0.0,0.0,0.0,0.0,0.0,0.0,0.0,0.0,0.0
16,28,2.0,0.0,2.0,[15 17],0.0,0.0,0.0,0.0,0.0,0.0,0.0,0.0,0.0,0.0
16,29,2.0,0.0,2.0,[15 17],0.0,0.0,0.0,0.0,0.0,0.0,0.0,0.0,0.0,0.0
16,30,2.0,0.0,2.0,[15 17],0.0,0.0,0.0,0.0,0.0,0.0,0.0,0.0,0.0,0.0
16,31,2.0,0.0,2.0,[15 17],0.0,0.0,0.0,0.0,0.0,0.0,1.0,0.0,0.0,0.0
16,32,2.0,0.0,2.0,[15 17],0.0,0.0,0.0,0.0,0.0,0.0,5.0,0.0,1.0,0.0
16,33,2.0,0.0,2.0,[15 17],1.0,0.0,0.0,0.0,0.0,0.0,29.0,1.0,5.0,0.0
16,34,2.0,0.0,2.0,[15 17],5.0,0.0,0.0,0.0,1.0,0.0,27.0,0.0,29.0,1.0
16,35,2.0,0.0,2.0,[15 17],29.0,1.0,1.0,0.0,5.0,0.0,38.0,1.0,27.0,0.0
16,36,2.0,0.0,2.0,[15 17],27.0,0.0,5.0,0.0,29.0,1.0,70.0,20.0,38.0,1.0
16,37,2.0,0.0,2.0,[15 17],38.0,1.0,29.0,1.0,27.0,0.0,102.0,22.0,70.0,20.0
16,38,2.0,0.0,2.0,[15 17],70.0,20.0,27.0,0.0,38.0,1.0,163.0,41.0,102.0,22.0
16,39,2.0,0.0,2.0,[15 17],102.0,22.0,38.0,1.0,70.0,20.0,205.0,64.0,163.0,41.0
16,40,2.0,0.0,2.0,[15 17],163.0,41.0,70.0,20.0,102.0,22.0,281.0,49.0,205.0,64.0
16,41,2.0,0.0,2.0,[15 17],205.0,64.0,102.0,22.0,163.0,41.0,329.0,76.0,281.0,49.0
16,42,2.0,0.0,2.0,[15 17],281.0,49.0,163.0,41.0,205.0,64.0,637.0,91.0,329.0,76.0
16,43,2.0,0.0,2.0,[15 17],329.0,76.0,205.0,64.0,281.0,49.0,741.0,113.0,637.0,91.0
16,44,2.0,0.0,2.0,[15 17],637.0,91.0,281.0,49.0,329.0,76.0,956.0,160.0,741.0,113.0
16,45,2.0,0.0,2.0,[15 17],741.0,113.0,329.0,76.0,637.0,91.0,1129.0,124.0,956.0,160.0
16,46,2.0,0.0,2.0,[15 17],956.0,160.0,637.0,91.0,741.0,113.0,1279.0,166.0,1129.0,124.0
16,47,2.0,0.0,2.0,[15 17],1129.0,124.0,741.0,113.0,956.0,160.0,1265.0,288.0,1279.0,166.0
16,48,2.0,0.0,2.0,[15 17],1279.0,166.0,956.0,160.0,1129.0,124.0,1383.0,274.0,1265.0,288.0
16,49,2.0,0.0,2.0,[15 17],1265.0,288.0,1129.0,124.0,1279.0,166.0,1214.0,278.0,1383.0,274.0
16,50,2.0,0.0,2.0,[15 17],1383.0,274.0,1279.0,166.0,1265.0,288.0,869.0,240.0,1214.0,278.0
16,51,2.0,0.0,2.0,[15 17],1214.0,278.0,1265.0,288.0,1383.0,274.0,716.0,275.0,869.0,240.0
16,52,2.0,0.0,2.0,[15 17],869.0,240.0,1383.0,274.0,1214.0,278.0,539.0,216.0,716.0,275.0
16,53,2.0,0.0,2.0,[15 17],716.0,275.0,1214.0,278.0,869.0,240.0,532.0,142.0,539.0,216.0
16,54,2.0,0.0,2.0,[15 17],539.0,216.0,869.0,240.0,716.0,275.0,410.0,143.0,532.0,142.0
16,55,2.0,0.0,2.0,[15 17],532.0,142.0,716.0,275.0,539.0,216.0,317.0,127.0,410.0,143.0
16,56,2.0,0.0,2.0,[15 17],410.0,143.0,539.0,216.0,532.0,142.0,237.0,117.0,317.0,127.0
16,57,2.0,0.0,2.0,[15 17],317.0,127.0,532.0,142.0,410.0,143.0,251.0,108.0,237.0,117.0
16,58,2.0,0.0,2.0,[15 17],237.0,117.0,410.0,143.0,317.0,127.0,217.0,94.0,251.0,108.0
16,59,2.0,0.0,2.0,[15 17],251.0,108.0,317.0,127.0,237.0,117.0,217.0,108.0,217.0,94.0
16,60,2.0,0.0,2.0,[15 17],217.0,94.0,237.0,117.0,251.0,108.0,263.0,109.0,217.0,108.0
16,61,2.0,0.0,2.0,[15 17],217.0,108.0,251.0,108.0,217.0,94.0,152.0,95.0,263.0,109.0
16,62,2.0,0.0,2.0,[15 17],263.0,109.0,217.0,94.0,217.0,108.0,174.0,109.0,152.0,95.0
16,63,2.0,0.0,2.0,[15 17],152.0,95.0,217.0,108.0,263.0,109.0,204.0,120.0,174.0,109.0
16,64,2.0,0.0,2.0,[15 17],174.0,109.0,263.0,109.0,152.0,95.0,145.0,107.0,204.0,120.0
16,65,2.0,0.0,2.0,[15 17],204.0,120.0,152.0,95.0,174.0,109.0,166.0,102.0,145.0,107.0
16,66,2.0,0.0,2.0,[15 17],145.0,107.0,174.0,109.0,204.0,120.0,153.0,89.0,166.0,102.0
16,67,2.0,0.0,2.0,[15 17],166.0,102.0,204.0,120.0,145.0,107.0,162.0,120.0,153.0,89.0
16,68,2.0,0.0,2.0,[15 17],153.0,89.0,145.0,107.0,166.0,102.0,141.0,82.0,162.0,120.0
16,69,2.0,0.0,2.0,[15 17],162.0,120.0,166.0,102.0,153.0,89.0,187.0,118.0,141.0,82.0
16,70,2.0,0.0,2.0,[15 17],141.0,82.0,153.0,89.0,162.0,120.0,110.0,97.0,187.0,118.0
16,71,2.0,0.0,2.0,[15 17],187.0,118.0,162.0,120.0,141.0,82.0,178.0,140.0,110.0,97.0
16,72,2.0,0.0,2.0,[15 17],110.0,97.0,141.0,82.0,187.0,118.0,215.0,82.0,178.0,140.0
16,73,2.0,0.0,2.0,[15 17],178.0,140.0,187.0,118.0,110.0,97.0,162.0,138.0,215.0,82.0
16,74,2.0,0.0,2.0,[15 17],215.0,82.0,110.0,97.0,178.0,140.0,176.0,103.0,162.0,138.0
16,75,2.0,0.0,2.0,[15 17],162.0,138.0,178.0,140.0,215.0,82.0,174.0,125.0,176.0,103.0
16,76,2.0,0.0,2.0,[15 17],176.0,103.0,215.0,82.0,162.0,138.0,129.0,102.0,174.0,125.0
16,77,2.0,0.0,2.0,[15 17],174.0,125.0,162.0,138.0,176.0,103.0,182.0,111.0,129.0,102.0
16,78,2.0,0.0,2.0,[15 17],129.0,102.0,176.0,103.0,174.0,125.0,186.0,134.0,182.0,111.0
16,79,2.0,0.0,2.0,[15 17],182.0,111.0,174.0,125.0,129.0,102.0,132.0,120.0,186.0,134.0
16,80,2.0,0.0,2.0,[15 17],186.0,134.0,129.0,102.0,182.0,111.0,168.0,93.0,132.0,120.0
16,81,2.0,0.0,2.0,[15 17],132.0,120.0,182.0,111.0,186.0,134.0,163.0,133.0,168.0,93.0
16,82,2.0,0.0,2.0,[15 17],168.0,93.0,186.0,134.0,132.0,120.0,106.0,140.0,163.0,133.0
16,83,2.0,0.0,2.0,[15 17],163.0,133.0,132.0,120.0,168.0,93.0,155.0,129.0,106.0,140.0
16,84,2.0,0.0,2.0,[15 17],106.0,140.0,168.0,93.0,163.0,133.0,141.0,115.0,155.0,129.0
16,85,2.0,0.0,2.0,[15 17],155.0,129.0,163.0,133.0,106.0,140.0,127.0,112.0,141.0,115.0
16,86,2.0,0.0,2.0,[15 17],141.0,115.0,106.0,140.0,155.0,129.0,132.0,145.0,127.0,112.0
16,87,2.0,0.0,2.0,[15 17],127.0,112.0,155.0,129.0,141.0,115.0,125.0,143.0,132.0,145.0
16,88,2.0,0.0,2.0,[15 17],132.0,145.0,141.0,115.0,127.0,112.0,171.0,134.0,125.0,143.0
16,89,2.0,0.0,2.0,[15 17],125.0,143.0,127.0,112.0,132.0,145.0,149.0,159.0,171.0,134.0
16,90,2.0,0.0,2.0,[15 17],171.0,134.0,132.0,145.0,125.0,143.0,134.0,197.0,149.0,159.0
16,91,2.0,0.0,2.0,[15 17],149.0,159.0,125.0,143.0,171.0,134.0,142.0,144.0,134.0,197.0
16,92,2.0,0.0,2.0,[15 17],134.0,197.0,171.0,134.0,149.0,159.0,126.0,201.0,142.0,144.0
16,93,2.0,0.0,2.0,[15 17],142.0,144.0,149.0,159.0,134.0,197.0,115.0,209.0,126.0,201.0
16,94,2.0,0.0,2.0,[15 17],126.0,201.0,134.0,197.0,142.0,144.0,115.0,162.0,115.0,209.0
16,95,2.0,0.0,2.0,[15 17],115.0,209.0,142.0,144.0,126.0,201.0,136.0,242.0,115.0,162.0
16,96,2.0,0.0,2.0,[15 17],115.0,162.0,126.0,201.0,115.0,209.0,129.0,196.0,136.0,242.0
16,97,2.0,0.0,2.0,[15 17],136.0,242.0,115.0,209.0,115.0,162.0,126.0,190.0,129.0,196.0
16,98,2.0,0.0,2.0,[15 17],129.0,196.0,115.0,162.0,136.0,242.0,148.0,270.0,126.0,190.0
16,99,2.0,0.0,2.0,[15 17],126.0,190.0,136.0,242.0,129.0,196.0,218.0,281.0,148.0,270.0
16,100,2.0,0.0,2.0,[15 17],148.0,270.0,129.0,196.0,126.0,190.0,210.0,215.0,218.0,281.0
16,101,2.0,0.0,2.0,[15 17],218.0,281.0,126.0,190.0,148.0,270.0,237.0,312.0,210.0,215.0
16,102,2.0,0.0,2.0,[15 17],210.0,215.0,148.0,270.0,218.0,281.0,236.0,380.0,237.0,312.0
16,103,2.0,0.0,2.0,[15 17],237.0,312.0,218.0,281.0,210.0,215.0,212.0,676.0,236.0,380.0
16,104,2.0,0.0,2.0,[15 17],236.0,380.0,210.0,215.0,237.0,312.0,300.0,513.0,212.0,676.0
16,105,2.0,0.0,2.0,[15 17],212.0,676.0,237.0,312.0,236.0,380.0,254.0,704.0,300.0,513.0
16,106,2.0,0.0,2.0,[15 17],300.0,513.0,236.0,380.0,212.0,676.0,259.0,866.0,254.0,704.0
16,107,2.0,0.0,2.0,[15 17],254.0,704.0,212.0,676.0,300.0,513.0,288.0,709.0,259.0,866.0
16,108,2.0,0.0,2.0,[15 17],259.0,866.0,300.0,513.0,254.0,704.0,211.0,691.0,288.0,709.0
16,109,2.0,0.0,2.0,[15 17],288.0,709.0,254.0,704.0,259.0,866.0,156.0,686.0,211.0,691.0
16,110,2.0,0.0,2.0,[15 17],211.0,691.0,259.0,866.0,288.0,709.0,153.0,633.0,156.0,686.0
16,111,2.0,0.0,2.0,[15 17],156.0,686.0,288.0,709.0,211.0,691.0,163.0,445.0,153.0,633.0
16,112,2.0,0.0,2.0,[15 17],153.0,633.0,211.0,691.0,156.0,686.0,123.0,505.0,163.0,445.0
16,113,2.0,0.0,2.0,[15 17],163.0,445.0,156.0,686.0,153.0,633.0,111.0,410.0,123.0,505.0
16,114,2.0,0.0,2.0,[15 17],123.0,505.0,153.0,633.0,163.0,445.0,116.0,350.0,111.0,410.0
16,115,2.0,0.0,2.0,[15 17],111.0,410.0,163.0,445.0,123.0,505.0,109.0,359.0,116.0,350.0
16,116,2.0,0.0,2.0,[15 17],116.0,350.0,123.0,505.0,111.0,410.0,120.0,369.0,109.0,359.0
16,117,2.0,0.0,2.0,[15 17],109.0,359.0,111.0,410.0,116.0,350.0,82.0,328.0,120.0,369.0
16,118,2.0,0.0,2.0,[15 17],120.0,369.0,116.0,350.0,109.0,359.0,90.0,305.0,82.0,328.0
16,119,2.0,0.0,2.0,[15 17],82.0,328.0,109.0,359.0,120.0,369.0,90.0,289.0,90.0,305.0
16,120,2.0,0.0,2.0,[15 17],90.0,305.0,120.0,369.0,82.0,328.0,79.0,371.0,90.0,289.0
16,121,2.0,0.0,2.0,[15 17],90.0,289.0,82.0,328.0,90.0,305.0,96.0,353.0,79.0,371.0
16,122,2.0,0.0,2.0,[15 17],79.0,371.0,90.0,305.0,90.0,289.0,72.0,348.0,96.0,353.0
16,123,2.0,0.0,2.0,[15 17],96.0,353.0,90.0,289.0,79.0,371.0,89.0,344.0,72.0,348.0
16,124,2.0,0.0,2.0,[15 17],72.0,348.0,79.0,371.0,96.0,353.0,71.0,297.0,89.0,344.0
16,125,2.0,0.0,2.0,[15 17],89.0,344.0,96.0,353.0,72.0,348.0,67.0,376.0,71.0,297.0
16,126,2.0,0.0,2.0,[15 17],71.0,297.0,72.0,348.0,89.0,344.0,73.0,311.0,67.0,376.0
16,127,2.0,0.0,2.0,[15 17],67.0,376.0,89.0,344.0,71.0,297.0,72.0,294.0,73.0,311.0
16,128,2.0,0.0,2.0,[15 17],73.0,311.0,71.0,297.0,67.0,376.0,71.0,347.0,72.0,294.0
16,129,2.0,0.0,2.0,[15 17],72.0,294.0,67.0,376.0,73.0,311.0,59.0,261.0,71.0,347.0
16,130,2.0,0.0,2.0,[15 17],71.0,347.0,73.0,311.0,72.0,294.0,54.0,246.0,59.0,261.0
16,131,2.0,0.0,2.0,[15 17],59.0,261.0,72.0,294.0,71.0,347.0,91.0,251.0,54.0,246.0
16,132,2.0,0.0,2.0,[15 17],54.0,246.0,71.0,347.0,59.0,261.0,53.0,289.0,91.0,251.0
16,133,2.0,0.0,2.0,[15 17],91.0,251.0,59.0,261.0,54.0,246.0,47.0,248.0,53.0,289.0
16,134,2.0,0.0,2.0,[15 17],53.0,289.0,54.0,246.0,91.0,251.0,40.0,187.0,47.0,248.0
16,135,2.0,0.0,2.0,[15 17],47.0,248.0,91.0,251.0,53.0,289.0,38.0,137.0,40.0,187.0
16,136,2.0,0.0,2.0,[15 17],40.0,187.0,53.0,289.0,47.0,248.0,20.0,81.0,38.0,137.0
16,137,2.0,0.0,2.0,[15 17],38.0,137.0,47.0,248.0,40.0,187.0,18.0,81.0,20.0,81.0
16,138,2.0,0.0,2.0,[15 17],20.0,81.0,40.0,187.0,38.0,137.0,3.0,52.0,18.0,81.0
16,139,2.0,0.0,2.0,[15 17],18.0,81.0,38.0,137.0,20.0,81.0,6.0,31.0,3.0,52.0
16,140,2.0,0.0,2.0,[15 17],3.0,52.0,20.0,81.0,18.0,81.0,0.0,5.0,6.0,31.0
16,141,2.0,0.0,2.0,[15 17],6.0,31.0,18.0,81.0,3.0,52.0,1.0,6.0,0.0,5.0
16,142,2.0,0.0,2.0,[15 17],0.0,5.0,3.0,52.0,6.0,31.0,0.0,0.0,1.0,6.0
16,143,2.0,0.0,2.0,[15 17],1.0,6.0,6.0,31.0,0.0,5.0,0.0,0.0,0.0,0.0
17,0,2.0,0.0,2.0,[16 18],0.0,0.0,0.0,0.0,0.0,0.0,0.0,0.0,0.0,0.0
17,1,2.0,0.0,2.0,[16 18],0.0,0.0,0.0,0.0,0.0,0.0,0.0,0.0,0.0,0.0
17,2,2.0,0.0,2.0,[16 18],0.0,0.0,0.0,0.0,0.0,0.0,0.0,0.0,0.0,0.0
17,3,2.0,0.0,2.0,[16 18],0.0,0.0,0.0,0.0,0.0,0.0,1.0,1.0,0.0,0.0
17,4,2.0,0.0,2.0,[16 18],0.0,0.0,0.0,0.0,0.0,0.0,0.0,0.0,1.0,1.0
17,5,2.0,0.0,2.0,[16 18],1.0,1.0,0.0,0.0,0.0,0.0,0.0,0.0,0.0,0.0
17,6,2.0,0.0,2.0,[16 18],0.0,0.0,0.0,0.0,1.0,1.0,0.0,0.0,0.0,0.0
17,7,2.0,0.0,2.0,[16 18],0.0,0.0,1.0,1.0,0.0,0.0,0.0,0.0,0.0,0.0
17,8,2.0,0.0,2.0,[16 18],0.0,0.0,0.0,0.0,0.0,0.0,0.0,0.0,0.0,0.0
17,9,2.0,0.0,2.0,[16 18],0.0,0.0,0.0,0.0,0.0,0.0,0.0,0.0,0.0,0.0
17,10,2.0,0.0,2.0,[16 18],0.0,0.0,0.0,0.0,0.0,0.0,0.0,0.0,0.0,0.0
17,11,2.0,0.0,2.0,[16 18],0.0,0.0,0.0,0.0,0.0,0.0,0.0,0.0,0.0,0.0
17,12,2.0,0.0,2.0,[16 18],0.0,0.0,0.0,0.0,0.0,0.0,0.0,0.0,0.0,0.0
17,13,2.0,0.0,2.0,[16 18],0.0,0.0,0.0,0.0,0.0,0.0,0.0,0.0,0.0,0.0
17,14,2.0,0.0,2.0,[16 18],0.0,0.0,0.0,0.0,0.0,0.0,0.0,0.0,0.0,0.0
17,15,2.0,0.0,2.0,[16 18],0.0,0.0,0.0,0.0,0.0,0.0,0.0,0.0,0.0,0.0
17,16,2.0,0.0,2.0,[16 18],0.0,0.0,0.0,0.0,0.0,0.0,0.0,0.0,0.0,0.0
17,17,2.0,0.0,2.0,[16 18],0.0,0.0,0.0,0.0,0.0,0.0,0.0,0.0,0.0,0.0
17,18,2.0,0.0,2.0,[16 18],0.0,0.0,0.0,0.0,0.0,0.0,0.0,0.0,0.0,0.0
17,19,2.0,0.0,2.0,[16 18],0.0,0.0,0.0,0.0,0.0,0.0,0.0,0.0,0.0,0.0
17,20,2.0,0.0,2.0,[16 18],0.0,0.0,0.0,0.0,0.0,0.0,0.0,0.0,0.0,0.0
17,21,2.0,0.0,2.0,[16 18],0.0,0.0,0.0,0.0,0.0,0.0,0.0,0.0,0.0,0.0
17,22,2.0,0.0,2.0,[16 18],0.0,0.0,0.0,0.0,0.0,0.0,0.0,0.0,0.0,0.0
17,23,2.0,0.0,2.0,[16 18],0.0,0.0,0.0,0.0,0.0,0.0,0.0,0.0,0.0,0.0
17,24,2.0,0.0,2.0,[16 18],0.0,0.0,0.0,0.0,0.0,0.0,0.0,0.0,0.0,0.0
17,25,2.0,0.0,2.0,[16 18],0.0,0.0,0.0,0.0,0.0,0.0,0.0,0.0,0.0,0.0
17,26,2.0,0.0,2.0,[16 18],0.0,0.0,0.0,0.0,0.0,0.0,0.0,0.0,0.0,0.0
17,27,2.0,0.0,2.0,[16 18],0.0,0.0,0.0,0.0,0.0,0.0,0.0,0.0,0.0,0.0
17,28,2.0,0.0,2.0,[16 18],0.0,0.0,0.0,0.0,0.0,0.0,0.0,0.0,0.0,0.0
17,29,2.0,0.0,2.0,[16 18],0.0,0.0,0.0,0.0,0.0,0.0,0.0,0.0,0.0,0.0
17,30,2.0,0.0,2.0,[16 18],0.0,0.0,0.0,0.0,0.0,0.0,0.0,0.0,0.0,0.0
17,31,2.0,0.0,2.0,[16 18],0.0,0.0,0.0,0.0,0.0,0.0,0.0,0.0,0.0,0.0
17,32,2.0,0.0,2.0,[16 18],0.0,0.0,0.0,0.0,0.0,0.0,0.0,0.0,0.0,0.0
17,33,2.0,0.0,2.0,[16 18],0.0,0.0,0.0,0.0,0.0,0.0,7.0,0.0,0.0,0.0
17,34,2.0,0.0,2.0,[16 18],0.0,0.0,0.0,0.0,0.0,0.0,20.0,0.0,7.0,0.0
17,35,2.0,0.0,2.0,[16 18],7.0,0.0,0.0,0.0,0.0,0.0,19.0,0.0,20.0,0.0
17,36,2.0,0.0,2.0,[16 18],20.0,0.0,0.0,0.0,7.0,0.0,14.0,6.0,19.0,0.0
17,37,2.0,0.0,2.0,[16 18],19.0,0.0,7.0,0.0,20.0,0.0,39.0,6.0,14.0,6.0
17,38,2.0,0.0,2.0,[16 18],14.0,6.0,20.0,0.0,19.0,0.0,53.0,7.0,39.0,6.0
17,39,2.0,0.0,2.0,[16 18],39.0,6.0,19.0,0.0,14.0,6.0,67.0,15.0,53.0,7.0
17,40,2.0,0.0,2.0,[16 18],53.0,7.0,14.0,6.0,39.0,6.0,66.0,11.0,67.0,15.0
17,41,2.0,0.0,2.0,[16 18],67.0,15.0,39.0,6.0,53.0,7.0,135.0,19.0,66.0,11.0
17,42,2.0,0.0,2.0,[16 18],66.0,11.0,53.0,7.0,67.0,15.0,133.0,20.0,135.0,19.0
17,43,2.0,0.0,2.0,[16 18],135.0,19.0,67.0,15.0,66.0,11.0,144.0,38.0,133.0,20.0
17,44,2.0,0.0,2.0,[16 18],133.0,20.0,66.0,11.0,135.0,19.0,223.0,58.0,144.0,38.0
17,45,2.0,0.0,2.0,[16 18],144.0,38.0,135.0,19.0,133.0,20.0,284.0,80.0,223.0,58.0
17,46,2.0,0.0,2.0,[16 18],223.0,58.0,133.0,20.0,144.0,38.0,259.0,133.0,284.0,80.0
17,47,2.0,0.0,2.0,[16 18],284.0,80.0,144.0,38.0,223.0,58.0,288.0,235.0,259.0,133.0
17,48,2.0,0.0,2.0,[16 18],259.0,133.0,223.0,58.0,284.0,80.0,263.0,306.0,288.0,235.0
17,49,2.0,0.0,2.0,[16 18],288.0,235.0,284.0,80.0,259.0,133.0,224.0,338.0,263.0,306.0
17,50,2.0,0.0,2.0,[16 18],263.0,306.0,259.0,133.0,288.0,235.0,182.0,392.0,224.0,338.0
17,51,2.0,0.0,2.0,[16 18],224.0,338.0,288.0,235.0,263.0,306.0,153.0,282.0,182.0,392.0
17,52,2.0,0.0,2.0,[16 18],182.0,392.0,263.0,306.0,224.0,338.0,120.0,101.0,153.0,282.0
17,53,2.0,0.0,2.0,[16 18],153.0,282.0,224.0,338.0,182.0,392.0,109.0,84.0,120.0,101.0
17,54,2.0,0.0,2.0,[16 18],120.0,101.0,182.0,392.0,153.0,282.0,104.0,74.0,109.0,84.0
17,55,2.0,0.0,2.0,[16 18],109.0,84.0,153.0,282.0,120.0,101.0,76.0,52.0,104.0,74.0
17,56,2.0,0.0,2.0,[16 18],104.0,74.0,120.0,101.0,109.0,84.0,66.0,35.0,76.0,52.0
17,57,2.0,0.0,2.0,[16 18],76.0,52.0,109.0,84.0,104.0,74.0,62.0,42.0,66.0,35.0
17,58,2.0,0.0,2.0,[16 18],66.0,35.0,104.0,74.0,76.0,52.0,57.0,55.0,62.0,42.0
17,59,2.0,0.0,2.0,[16 18],62.0,42.0,76.0,52.0,66.0,35.0,53.0,39.0,57.0,55.0
17,60,2.0,0.0,2.0,[16 18],57.0,55.0,66.0,35.0,62.0,42.0,46.0,35.0,53.0,39.0
17,61,2.0,0.0,2.0,[16 18],53.0,39.0,62.0,42.0,57.0,55.0,48.0,40.0,46.0,35.0
17,62,2.0,0.0,2.0,[16 18],46.0,35.0,57.0,55.0,53.0,39.0,37.0,23.0,48.0,40.0
17,63,2.0,0.0,2.0,[16 18],48.0,40.0,53.0,39.0,46.0,35.0,39.0,37.0,37.0,23.0
17,64,2.0,0.0,2.0,[16 18],37.0,23.0,46.0,35.0,48.0,40.0,41.0,45.0,39.0,37.0
17,65,2.0,0.0,2.0,[16 18],39.0,37.0,48.0,40.0,37.0,23.0,67.0,43.0,41.0,45.0
17,66,2.0,0.0,2.0,[16 18],41.0,45.0,37.0,23.0,39.0,37.0,75.0,43.0,67.0,43.0
17,67,2.0,0.0,2.0,[16 18],67.0,43.0,39.0,37.0,41.0,45.0,67.0,35.0,75.0,43.0
17,68,2.0,0.0,2.0,[16 18],75.0,43.0,41.0,45.0,67.0,43.0,62.0,30.0,67.0,35.0
17,69,2.0,0.0,2.0,[16 18],67.0,35.0,67.0,43.0,75.0,43.0,85.0,53.0,62.0,30.0
17,70,2.0,0.0,2.0,[16 18],62.0,30.0,75.0,43.0,67.0,35.0,64.0,36.0,85.0,53.0
17,71,2.0,0.0,2.0,[16 18],85.0,53.0,67.0,35.0,62.0,30.0,71.0,25.0,64.0,36.0
17,72,2.0,0.0,2.0,[16 18],64.0,36.0,62.0,30.0,85.0,53.0,60.0,52.0,71.0,25.0
17,73,2.0,0.0,2.0,[16 18],71.0,25.0,85.0,53.0,64.0,36.0,53.0,65.0,60.0,52.0
17,74,2.0,0.0,2.0,[16 18],60.0,52.0,64.0,36.0,71.0,25.0,62.0,34.0,53.0,65.0
17,75,2.0,0.0,2.0,[16 18],53.0,65.0,71.0,25.0,60.0,52.0,60.0,48.0,62.0,34.0
17,76,2.0,0.0,2.0,[16 18],62.0,34.0,60.0,52.0,53.0,65.0,89.0,97.0,60.0,48.0
17,77,2.0,0.0,2.0,[16 18],60.0,48.0,53.0,65.0,62.0,34.0,57.0,48.0,89.0,97.0
17,78,2.0,0.0,2.0,[16 18],89.0,97.0,62.0,34.0,60.0,48.0,83.0,65.0,57.0,48.0
17,79,2.0,0.0,2.0,[16 18],57.0,48.0,60.0,48.0,89.0,97.0,50.0,94.0,83.0,65.0
17,80,2.0,0.0,2.0,[16 18],83.0,65.0,89.0,97.0,57.0,48.0,50.0,59.0,50.0,94.0
17,81,2.0,0.0,2.0,[16 18],50.0,94.0,57.0,48.0,83.0,65.0,58.0,63.0,50.0,59.0
17,82,2.0,0.0,2.0,[16 18],50.0,59.0,83.0,65.0,50.0,94.0,52.0,80.0,58.0,63.0
17,83,2.0,0.0,2.0,[16 18],58.0,63.0,50.0,94.0,50.0,59.0,54.0,53.0,52.0,80.0
17,84,2.0,0.0,2.0,[16 18],52.0,80.0,50.0,59.0,58.0,63.0,71.0,74.0,54.0,53.0
17,85,2.0,0.0,2.0,[16 18],54.0,53.0,58.0,63.0,52.0,80.0,85.0,44.0,71.0,74.0
17,86,2.0,0.0,2.0,[16 18],71.0,74.0,52.0,80.0,54.0,53.0,66.0,47.0,85.0,44.0
17,87,2.0,0.0,2.0,[16 18],85.0,44.0,54.0,53.0,71.0,74.0,69.0,42.0,66.0,47.0
17,88,2.0,0.0,2.0,[16 18],66.0,47.0,71.0,74.0,85.0,44.0,44.0,50.0,69.0,42.0
17,89,2.0,0.0,2.0,[16 18],69.0,42.0,85.0,44.0,66.0,47.0,65.0,38.0,44.0,50.0
17,90,2.0,0.0,2.0,[16 18],44.0,50.0,66.0,47.0,69.0,42.0,54.0,61.0,65.0,38.0
17,91,2.0,0.0,2.0,[16 18],65.0,38.0,69.0,42.0,44.0,50.0,72.0,72.0,54.0,61.0
17,92,2.0,0.0,2.0,[16 18],54.0,61.0,44.0,50.0,65.0,38.0,61.0,61.0,72.0,72.0
17,93,2.0,0.0,2.0,[16 18],72.0,72.0,65.0,38.0,54.0,61.0,58.0,82.0,61.0,61.0
17,94,2.0,0.0,2.0,[16 18],61.0,61.0,54.0,61.0,72.0,72.0,51.0,47.0,58.0,82.0
17,95,2.0,0.0,2.0,[16 18],58.0,82.0,72.0,72.0,61.0,61.0,76.0,39.0,51.0,47.0
17,96,2.0,0.0,2.0,[16 18],51.0,47.0,61.0,61.0,58.0,82.0,51.0,50.0,76.0,39.0
17,97,2.0,0.0,2.0,[16 18],76.0,39.0,58.0,82.0,51.0,47.0,80.0,73.0,51.0,50.0
17,98,2.0,0.0,2.0,[16 18],51.0,50.0,51.0,47.0,76.0,39.0,97.0,55.0,80.0,73.0
17,99,2.0,0.0,2.0,[16 18],80.0,73.0,76.0,39.0,51.0,50.0,111.0,92.0,97.0,55.0
17,100,2.0,0.0,2.0,[16 18],97.0,55.0,51.0,50.0,80.0,73.0,171.0,63.0,111.0,92.0
17,101,2.0,0.0,2.0,[16 18],111.0,92.0,80.0,73.0,97.0,55.0,155.0,63.0,171.0,63.0
17,102,2.0,0.0,2.0,[16 18],171.0,63.0,97.0,55.0,111.0,92.0,125.0,108.0,155.0,63.0
17,103,2.0,0.0,2.0,[16 18],155.0,63.0,111.0,92.0,171.0,63.0,217.0,154.0,125.0,108.0
17,104,2.0,0.0,2.0,[16 18],125.0,108.0,171.0,63.0,155.0,63.0,299.0,140.0,217.0,154.0
17,105,2.0,0.0,2.0,[16 18],217.0,154.0,155.0,63.0,125.0,108.0,185.0,149.0,299.0,140.0
17,106,2.0,0.0,2.0,[16 18],299.0,140.0,125.0,108.0,217.0,154.0,142.0,166.0,185.0,149.0
17,107,2.0,0.0,2.0,[16 18],185.0,149.0,217.0,154.0,299.0,140.0,80.0,182.0,142.0,166.0
17,108,2.0,0.0,2.0,[16 18],142.0,166.0,299.0,140.0,185.0,149.0,79.0,164.0,80.0,182.0
17,109,2.0,0.0,2.0,[16 18],80.0,182.0,185.0,149.0,142.0,166.0,87.0,118.0,79.0,164.0
17,110,2.0,0.0,2.0,[16 18],79.0,164.0,142.0,166.0,80.0,182.0,60.0,163.0,87.0,118.0
17,111,2.0,0.0,2.0,[16 18],87.0,118.0,80.0,182.0,79.0,164.0,63.0,110.0,60.0,163.0
17,112,2.0,0.0,2.0,[16 18],60.0,163.0,79.0,164.0,87.0,118.0,39.0,99.0,63.0,110.0
17,113,2.0,0.0,2.0,[16 18],63.0,110.0,87.0,118.0,60.0,163.0,52.0,90.0,39.0,99.0
17,114,2.0,0.0,2.0,[16 18],39.0,99.0,60.0,163.0,63.0,110.0,28.0,95.0,52.0,90.0
17,115,2.0,0.0,2.0,[16 18],52.0,90.0,63.0,110.0,39.0,99.0,20.0,129.0,28.0,95.0
17,116,2.0,0.0,2.0,[16 18],28.0,95.0,39.0,99.0,52.0,90.0,43.0,135.0,20.0,129.0
17,117,2.0,0.0,2.0,[16 18],20.0,129.0,52.0,90.0,28.0,95.0,47.0,65.0,43.0,135.0
17,118,2.0,0.0,2.0,[16 18],43.0,135.0,28.0,95.0,20.0,129.0,67.0,91.0,47.0,65.0
17,119,2.0,0.0,2.0,[16 18],47.0,65.0,20.0,129.0,43.0,135.0,33.0,82.0,67.0,91.0
17,120,2.0,0.0,2.0,[16 18],67.0,91.0,43.0,135.0,47.0,65.0,40.0,63.0,33.0,82.0
17,121,2.0,0.0,2.0,[16 18],33.0,82.0,47.0,65.0,67.0,91.0,83.0,79.0,40.0,63.0
17,122,2.0,0.0,2.0,[16 18],40.0,63.0,67.0,91.0,33.0,82.0,27.0,110.0,83.0,79.0
17,123,2.0,0.0,2.0,[16 18],83.0,79.0,33.0,82.0,40.0,63.0,28.0,79.0,27.0,110.0
17,124,2.0,0.0,2.0,[16 18],27.0,110.0,40.0,63.0,83.0,79.0,30.0,52.0,28.0,79.0
17,125,2.0,0.0,2.0,[16 18],28.0,79.0,83.0,79.0,27.0,110.0,21.0,87.0,30.0,52.0
17,126,2.0,0.0,2.0,[16 18],30.0,52.0,27.0,110.0,28.0,79.0,22.0,67.0,21.0,87.0
17,127,2.0,0.0,2.0,[16 18],21.0,87.0,28.0,79.0,30.0,52.0,24.0,62.0,22.0,67.0
17,128,2.0,0.0,2.0,[16 18],22.0,67.0,30.0,52.0,21.0,87.0,24.0,54.0,24.0,62.0
17,129,2.0,0.0,2.0,[16 18],24.0,62.0,21.0,87.0,22.0,67.0,18.0,58.0,24.0,54.0
17,130,2.0,0.0,2.0,[16 18],24.0,54.0,22.0,67.0,24.0,62.0,12.0,70.0,18.0,58.0
17,131,2.0,0.0,2.0,[16 18],18.0,58.0,24.0,62.0,24.0,54.0,20.0,67.0,12.0,70.0
17,132,2.0,0.0,2.0,[16 18],12.0,70.0,24.0,54.0,18.0,58.0,20.0,44.0,20.0,67.0
17,133,2.0,0.0,2.0,[16 18],20.0,67.0,18.0,58.0,12.0,70.0,9.0,65.0,20.0,44.0
17,134,2.0,0.0,2.0,[16 18],20.0,44.0,12.0,70.0,20.0,67.0,22.0,36.0,9.0,65.0
17,135,2.0,0.0,2.0,[16 18],9.0,65.0,20.0,67.0,20.0,44.0,13.0,27.0,22.0,36.0
17,136,2.0,0.0,2.0,[16 18],22.0,36.0,20.0,44.0,9.0,65.0,8.0,50.0,13.0,27.0
17,137,2.0,0.0,2.0,[16 18],13.0,27.0,9.0,65.0,22.0,36.0,2.0,16.0,8.0,50.0
17,138,2.0,0.0,2.0,[16 18],8.0,50.0,22.0,36.0,13.0,27.0,0.0,9.0,2.0,16.0
17,139,2.0,0.0,2.0,[16 18],2.0,16.0,13.0,27.0,8.0,50.0,1.0,16.0,0.0,9.0
17,140,2.0,0.0,2.0,[16 18],0.0,9.0,8.0,50.0,2.0,16.0,0.0,2.0,1.0,16.0
17,141,2.0,0.0,2.0,[16 18],1.0,16.0,2.0,16.0,0.0,9.0,0.0,0.0,0.0,2.0
17,142,2.0,0.0,2.0,[16 18],0.0,2.0,0.0,9.0,1.0,16.0,0.0,0.0,0.0,0.0
17,143,2.0,0.0,2.0,[16 18],0.0,0.0,1.0,16.0,0.0,2.0,0.0,0.0,0.0,0.0
18,0,2.0,0.0,2.0,[17 19],0.0,1.0,0.0,0.0,0.0,0.0,0.0,0.0,1.0,0.0
18,1,2.0,0.0,2.0,[17 19],1.0,0.0,0.0,0.0,0.0,1.0,0.0,0.0,0.0,0.0
18,2,2.0,0.0,2.0,[17 19],0.0,0.0,0.0,1.0,1.0,0.0,0.0,0.0,0.0,0.0
18,3,2.0,0.0,2.0,[17 19],0.0,0.0,1.0,0.0,0.0,0.0,0.0,0.0,0.0,0.0
18,4,2.0,0.0,2.0,[17 19],0.0,0.0,0.0,0.0,0.0,0.0,0.0,0.0,0.0,0.0
18,5,2.0,0.0,2.0,[17 19],0.0,0.0,0.0,0.0,0.0,0.0,0.0,0.0,0.0,0.0
18,6,2.0,0.0,2.0,[17 19],0.0,0.0,0.0,0.0,0.0,0.0,0.0,0.0,0.0,0.0
18,7,2.0,0.0,2.0,[17 19],0.0,0.0,0.0,0.0,0.0,0.0,0.0,0.0,0.0,0.0
18,8,2.0,0.0,2.0,[17 19],0.0,0.0,0.0,0.0,0.0,0.0,0.0,0.0,0.0,0.0
18,9,2.0,0.0,2.0,[17 19],0.0,0.0,0.0,0.0,0.0,0.0,0.0,0.0,0.0,0.0
18,10,2.0,0.0,2.0,[17 19],0.0,0.0,0.0,0.0,0.0,0.0,0.0,0.0,0.0,0.0
18,11,2.0,0.0,2.0,[17 19],0.0,0.0,0.0,0.0,0.0,0.0,0.0,0.0,0.0,0.0
18,12,2.0,0.0,2.0,[17 19],0.0,0.0,0.0,0.0,0.0,0.0,0.0,0.0,0.0,0.0
18,13,2.0,0.0,2.0,[17 19],0.0,0.0,0.0,0.0,0.0,0.0,0.0,0.0,0.0,0.0
18,14,2.0,0.0,2.0,[17 19],0.0,0.0,0.0,0.0,0.0,0.0,0.0,0.0,0.0,0.0
18,15,2.0,0.0,2.0,[17 19],0.0,0.0,0.0,0.0,0.0,0.0,0.0,0.0,0.0,0.0
18,16,2.0,0.0,2.0,[17 19],0.0,0.0,0.0,0.0,0.0,0.0,0.0,0.0,0.0,0.0
18,17,2.0,0.0,2.0,[17 19],0.0,0.0,0.0,0.0,0.0,0.0,0.0,0.0,0.0,0.0
18,18,2.0,0.0,2.0,[17 19],0.0,0.0,0.0,0.0,0.0,0.0,0.0,0.0,0.0,0.0
18,19,2.0,0.0,2.0,[17 19],0.0,0.0,0.0,0.0,0.0,0.0,0.0,0.0,0.0,0.0
18,20,2.0,0.0,2.0,[17 19],0.0,0.0,0.0,0.0,0.0,0.0,0.0,0.0,0.0,0.0
18,21,2.0,0.0,2.0,[17 19],0.0,0.0,0.0,0.0,0.0,0.0,0.0,0.0,0.0,0.0
18,22,2.0,0.0,2.0,[17 19],0.0,0.0,0.0,0.0,0.0,0.0,0.0,0.0,0.0,0.0
18,23,2.0,0.0,2.0,[17 19],0.0,0.0,0.0,0.0,0.0,0.0,0.0,0.0,0.0,0.0
18,24,2.0,0.0,2.0,[17 19],0.0,0.0,0.0,0.0,0.0,0.0,0.0,0.0,0.0,0.0
18,25,2.0,0.0,2.0,[17 19],0.0,0.0,0.0,0.0,0.0,0.0,0.0,0.0,0.0,0.0
18,26,2.0,0.0,2.0,[17 19],0.0,0.0,0.0,0.0,0.0,0.0,0.0,0.0,0.0,0.0
18,27,2.0,0.0,2.0,[17 19],0.0,0.0,0.0,0.0,0.0,0.0,0.0,0.0,0.0,0.0
18,28,2.0,0.0,2.0,[17 19],0.0,0.0,0.0,0.0,0.0,0.0,0.0,0.0,0.0,0.0
18,29,2.0,0.0,2.0,[17 19],0.0,0.0,0.0,0.0,0.0,0.0,0.0,0.0,0.0,0.0
18,30,2.0,0.0,2.0,[17 19],0.0,0.0,0.0,0.0,0.0,0.0,0.0,0.0,0.0,0.0
18,31,2.0,0.0,2.0,[17 19],0.0,0.0,0.0,0.0,0.0,0.0,0.0,0.0,0.0,0.0
18,32,2.0,0.0,2.0,[17 19],0.0,0.0,0.0,0.0,0.0,0.0,0.0,0.0,0.0,0.0
18,33,2.0,0.0,2.0,[17 19],0.0,0.0,0.0,0.0,0.0,0.0,13.0,0.0,0.0,0.0
18,34,2.0,0.0,2.0,[17 19],0.0,0.0,0.0,0.0,0.0,0.0,44.0,0.0,13.0,0.0
18,35,2.0,0.0,2.0,[17 19],13.0,0.0,0.0,0.0,0.0,0.0,56.0,4.0,44.0,0.0
18,36,2.0,0.0,2.0,[17 19],44.0,0.0,0.0,0.0,13.0,0.0,56.0,7.0,56.0,4.0
18,37,2.0,0.0,2.0,[17 19],56.0,4.0,13.0,0.0,44.0,0.0,121.0,13.0,56.0,7.0
18,38,2.0,0.0,2.0,[17 19],56.0,7.0,44.0,0.0,56.0,4.0,94.0,10.0,121.0,13.0
18,39,2.0,0.0,2.0,[17 19],121.0,13.0,56.0,4.0,56.0,7.0,176.0,23.0,94.0,10.0
18,40,2.0,0.0,2.0,[17 19],94.0,10.0,56.0,7.0,121.0,13.0,206.0,34.0,176.0,23.0
18,41,2.0,0.0,2.0,[17 19],176.0,23.0,121.0,13.0,94.0,10.0,316.0,32.0,206.0,34.0
18,42,2.0,0.0,2.0,[17 19],206.0,34.0,94.0,10.0,176.0,23.0,367.0,87.0,316.0,32.0
18,43,2.0,0.0,2.0,[17 19],316.0,32.0,176.0,23.0,206.0,34.0,470.0,104.0,367.0,87.0
18,44,2.0,0.0,2.0,[17 19],367.0,87.0,206.0,34.0,316.0,32.0,611.0,183.0,470.0,104.0
18,45,2.0,0.0,2.0,[17 19],470.0,104.0,316.0,32.0,367.0,87.0,596.0,197.0,611.0,183.0
18,46,2.0,0.0,2.0,[17 19],611.0,183.0,367.0,87.0,470.0,104.0,674.0,357.0,596.0,197.0
18,47,2.0,0.0,2.0,[17 19],596.0,197.0,470.0,104.0,611.0,183.0,666.0,581.0,674.0,357.0
18,48,2.0,0.0,2.0,[17 19],674.0,357.0,611.0,183.0,596.0,197.0,606.0,541.0,666.0,581.0
18,49,2.0,0.0,2.0,[17 19],666.0,581.0,596.0,197.0,674.0,357.0,469.0,612.0,606.0,541.0
18,50,2.0,0.0,2.0,[17 19],606.0,541.0,674.0,357.0,666.0,581.0,401.0,669.0,469.0,612.0
18,51,2.0,0.0,2.0,[17 19],469.0,612.0,666.0,581.0,606.0,541.0,301.0,769.0,401.0,669.0
18,52,2.0,0.0,2.0,[17 19],401.0,669.0,606.0,541.0,469.0,612.0,201.0,388.0,301.0,769.0
18,53,2.0,0.0,2.0,[17 19],301.0,769.0,469.0,612.0,401.0,669.0,246.0,251.0,201.0,388.0
18,54,2.0,0.0,2.0,[17 19],201.0,388.0,401.0,669.0,301.0,769.0,163.0,222.0,246.0,251.0
18,55,2.0,0.0,2.0,[17 19],246.0,251.0,301.0,769.0,201.0,388.0,157.0,285.0,163.0,222.0
18,56,2.0,0.0,2.0,[17 19],163.0,222.0,201.0,388.0,246.0,251.0,138.0,277.0,157.0,285.0
18,57,2.0,0.0,2.0,[17 19],157.0,285.0,246.0,251.0,163.0,222.0,138.0,89.0,138.0,277.0
18,58,2.0,0.0,2.0,[17 19],138.0,277.0,163.0,222.0,157.0,285.0,132.0,63.0,138.0,89.0
18,59,2.0,0.0,2.0,[17 19],138.0,89.0,157.0,285.0,138.0,277.0,99.0,107.0,132.0,63.0
18,60,2.0,0.0,2.0,[17 19],132.0,63.0,138.0,277.0,138.0,89.0,112.0,93.0,99.0,107.0
18,61,2.0,0.0,2.0,[17 19],99.0,107.0,138.0,89.0,132.0,63.0,86.0,65.0,112.0,93.0
18,62,2.0,0.0,2.0,[17 19],112.0,93.0,132.0,63.0,99.0,107.0,104.0,60.0,86.0,65.0
18,63,2.0,0.0,2.0,[17 19],86.0,65.0,99.0,107.0,112.0,93.0,106.0,82.0,104.0,60.0
18,64,2.0,0.0,2.0,[17 19],104.0,60.0,112.0,93.0,86.0,65.0,80.0,78.0,106.0,82.0
18,65,2.0,0.0,2.0,[17 19],106.0,82.0,86.0,65.0,104.0,60.0,94.0,84.0,80.0,78.0
18,66,2.0,0.0,2.0,[17 19],80.0,78.0,104.0,60.0,106.0,82.0,98.0,65.0,94.0,84.0
18,67,2.0,0.0,2.0,[17 19],94.0,84.0,106.0,82.0,80.0,78.0,98.0,66.0,98.0,65.0
18,68,2.0,0.0,2.0,[17 19],98.0,65.0,80.0,78.0,94.0,84.0,115.0,94.0,98.0,66.0
18,69,2.0,0.0,2.0,[17 19],98.0,66.0,94.0,84.0,98.0,65.0,78.0,64.0,115.0,94.0
18,70,2.0,0.0,2.0,[17 19],115.0,94.0,98.0,65.0,98.0,66.0,102.0,92.0,78.0,64.0
18,71,2.0,0.0,2.0,[17 19],78.0,64.0,98.0,66.0,115.0,94.0,111.0,85.0,102.0,92.0
18,72,2.0,0.0,2.0,[17 19],102.0,92.0,115.0,94.0,78.0,64.0,79.0,100.0,111.0,85.0
18,73,2.0,0.0,2.0,[17 19],111.0,85.0,78.0,64.0,102.0,92.0,132.0,74.0,79.0,100.0
18,74,2.0,0.0,2.0,[17 19],79.0,100.0,102.0,92.0,111.0,85.0,118.0,103.0,132.0,74.0
18,75,2.0,0.0,2.0,[17 19],132.0,74.0,111.0,85.0,79.0,100.0,101.0,80.0,118.0,103.0
18,76,2.0,0.0,2.0,[17 19],118.0,103.0,79.0,100.0,132.0,74.0,109.0,95.0,101.0,80.0
18,77,2.0,0.0,2.0,[17 19],101.0,80.0,132.0,74.0,118.0,103.0,172.0,91.0,109.0,95.0
18,78,2.0,0.0,2.0,[17 19],109.0,95.0,118.0,103.0,101.0,80.0,105.0,83.0,172.0,91.0
18,79,2.0,0.0,2.0,[17 19],172.0,91.0,101.0,80.0,109.0,95.0,109.0,74.0,105.0,83.0
18,80,2.0,0.0,2.0,[17 19],105.0,83.0,109.0,95.0,172.0,91.0,119.0,73.0,109.0,74.0
18,81,2.0,0.0,2.0,[17 19],109.0,74.0,172.0,91.0,105.0,83.0,106.0,79.0,119.0,73.0
18,82,2.0,0.0,2.0,[17 19],119.0,73.0,105.0,83.0,109.0,74.0,95.0,77.0,106.0,79.0
18,83,2.0,0.0,2.0,[17 19],106.0,79.0,109.0,74.0,119.0,73.0,91.0,71.0,95.0,77.0
18,84,2.0,0.0,2.0,[17 19],95.0,77.0,119.0,73.0,106.0,79.0,72.0,120.0,91.0,71.0
18,85,2.0,0.0,2.0,[17 19],91.0,71.0,106.0,79.0,95.0,77.0,100.0,74.0,72.0,120.0
18,86,2.0,0.0,2.0,[17 19],72.0,120.0,95.0,77.0,91.0,71.0,85.0,113.0,100.0,74.0
18,87,2.0,0.0,2.0,[17 19],100.0,74.0,91.0,71.0,72.0,120.0,88.0,96.0,85.0,113.0
18,88,2.0,0.0,2.0,[17 19],85.0,113.0,72.0,120.0,100.0,74.0,106.0,103.0,88.0,96.0
18,89,2.0,0.0,2.0,[17 19],88.0,96.0,100.0,74.0,85.0,113.0,75.0,86.0,106.0,103.0
18,90,2.0,0.0,2.0,[17 19],106.0,103.0,85.0,113.0,88.0,96.0,91.0,123.0,75.0,86.0
18,91,2.0,0.0,2.0,[17 19],75.0,86.0,88.0,96.0,106.0,103.0,72.0,120.0,91.0,123.0
18,92,2.0,0.0,2.0,[17 19],91.0,123.0,106.0,103.0,75.0,86.0,108.0,155.0,72.0,120.0
18,93,2.0,0.0,2.0,[17 19],72.0,120.0,75.0,86.0,91.0,123.0,77.0,91.0,108.0,155.0
18,94,2.0,0.0,2.0,[17 19],108.0,155.0,91.0,123.0,72.0,120.0,116.0,153.0,77.0,91.0
18,95,2.0,0.0,2.0,[17 19],77.0,91.0,72.0,120.0,108.0,155.0,100.0,143.0,116.0,153.0
18,96,2.0,0.0,2.0,[17 19],116.0,153.0,108.0,155.0,77.0,91.0,115.0,105.0,100.0,143.0
18,97,2.0,0.0,2.0,[17 19],100.0,143.0,77.0,91.0,116.0,153.0,106.0,171.0,115.0,105.0
18,98,2.0,0.0,2.0,[17 19],115.0,105.0,116.0,153.0,100.0,143.0,124.0,154.0,106.0,171.0
18,99,2.0,0.0,2.0,[17 19],106.0,171.0,100.0,143.0,115.0,105.0,129.0,148.0,124.0,154.0
18,100,2.0,0.0,2.0,[17 19],124.0,154.0,115.0,105.0,106.0,171.0,143.0,187.0,129.0,148.0
18,101,2.0,0.0,2.0,[17 19],129.0,148.0,106.0,171.0,124.0,154.0,261.0,211.0,143.0,187.0
18,102,2.0,0.0,2.0,[17 19],143.0,187.0,124.0,154.0,129.0,148.0,248.0,202.0,261.0,211.0
18,103,2.0,0.0,2.0,[17 19],261.0,211.0,129.0,148.0,143.0,187.0,249.0,292.0,248.0,202.0
18,104,2.0,0.0,2.0,[17 19],248.0,202.0,143.0,187.0,261.0,211.0,572.0,319.0,249.0,292.0
18,105,2.0,0.0,2.0,[17 19],249.0,292.0,261.0,211.0,248.0,202.0,467.0,328.0,572.0,319.0
18,106,2.0,0.0,2.0,[17 19],572.0,319.0,248.0,202.0,249.0,292.0,325.0,413.0,467.0,328.0
18,107,2.0,0.0,2.0,[17 19],467.0,328.0,249.0,292.0,572.0,319.0,526.0,444.0,325.0,413.0
18,108,2.0,0.0,2.0,[17 19],325.0,413.0,572.0,319.0,467.0,328.0,502.0,393.0,526.0,444.0
18,109,2.0,0.0,2.0,[17 19],526.0,444.0,467.0,328.0,325.0,413.0,284.0,351.0,502.0,393.0
18,110,2.0,0.0,2.0,[17 19],502.0,393.0,325.0,413.0,526.0,444.0,328.0,305.0,284.0,351.0
18,111,2.0,0.0,2.0,[17 19],284.0,351.0,526.0,444.0,502.0,393.0,237.0,321.0,328.0,305.0
18,112,2.0,0.0,2.0,[17 19],328.0,305.0,502.0,393.0,284.0,351.0,215.0,248.0,237.0,321.0
18,113,2.0,0.0,2.0,[17 19],237.0,321.0,284.0,351.0,328.0,305.0,160.0,212.0,215.0,248.0
18,114,2.0,0.0,2.0,[17 19],215.0,248.0,328.0,305.0,237.0,321.0,178.0,225.0,160.0,212.0
18,115,2.0,0.0,2.0,[17 19],160.0,212.0,237.0,321.0,215.0,248.0,170.0,189.0,178.0,225.0
18,116,2.0,0.0,2.0,[17 19],178.0,225.0,215.0,248.0,160.0,212.0,134.0,192.0,170.0,189.0
18,117,2.0,0.0,2.0,[17 19],170.0,189.0,160.0,212.0,178.0,225.0,126.0,192.0,134.0,192.0
18,118,2.0,0.0,2.0,[17 19],134.0,192.0,178.0,225.0,170.0,189.0,102.0,148.0,126.0,192.0
18,119,2.0,0.0,2.0,[17 19],126.0,192.0,170.0,189.0,134.0,192.0,130.0,133.0,102.0,148.0
18,120,2.0,0.0,2.0,[17 19],102.0,148.0,134.0,192.0,126.0,192.0,127.0,198.0,130.0,133.0
18,121,2.0,0.0,2.0,[17 19],130.0,133.0,126.0,192.0,102.0,148.0,115.0,223.0,127.0,198.0
18,122,2.0,0.0,2.0,[17 19],127.0,198.0,102.0,148.0,130.0,133.0,135.0,184.0,115.0,223.0
18,123,2.0,0.0,2.0,[17 19],115.0,223.0,130.0,133.0,127.0,198.0,98.0,150.0,135.0,184.0
18,124,2.0,0.0,2.0,[17 19],135.0,184.0,127.0,198.0,115.0,223.0,106.0,161.0,98.0,150.0
18,125,2.0,0.0,2.0,[17 19],98.0,150.0,115.0,223.0,135.0,184.0,141.0,155.0,106.0,161.0
18,126,2.0,0.0,2.0,[17 19],106.0,161.0,135.0,184.0,98.0,150.0,66.0,171.0,141.0,155.0
18,127,2.0,0.0,2.0,[17 19],141.0,155.0,98.0,150.0,106.0,161.0,95.0,172.0,66.0,171.0
18,128,2.0,0.0,2.0,[17 19],66.0,171.0,106.0,161.0,141.0,155.0,75.0,225.0,95.0,172.0
18,129,2.0,0.0,2.0,[17 19],95.0,172.0,141.0,155.0,66.0,171.0,64.0,155.0,75.0,225.0
18,130,2.0,0.0,2.0,[17 19],75.0,225.0,66.0,171.0,95.0,172.0,38.0,122.0,64.0,155.0
18,131,2.0,0.0,2.0,[17 19],64.0,155.0,95.0,172.0,75.0,225.0,59.0,130.0,38.0,122.0
18,132,2.0,0.0,2.0,[17 19],38.0,122.0,75.0,225.0,64.0,155.0,33.0,142.0,59.0,130.0
18,133,2.0,0.0,2.0,[17 19],59.0,130.0,64.0,155.0,38.0,122.0,22.0,136.0,33.0,142.0
18,134,2.0,0.0,2.0,[17 19],33.0,142.0,38.0,122.0,59.0,130.0,24.0,92.0,22.0,136.0
18,135,2.0,0.0,2.0,[17 19],22.0,136.0,59.0,130.0,33.0,142.0,13.0,62.0,24.0,92.0
18,136,2.0,0.0,2.0,[17 19],24.0,92.0,33.0,142.0,22.0,136.0,8.0,39.0,13.0,62.0
18,137,2.0,0.0,2.0,[17 19],13.0,62.0,22.0,136.0,24.0,92.0,10.0,47.0,8.0,39.0
18,138,2.0,0.0,2.0,[17 19],8.0,39.0,24.0,92.0,13.0,62.0,5.0,34.0,10.0,47.0
18,139,2.0,0.0,2.0,[17 19],10.0,47.0,13.0,62.0,8.0,39.0,1.0,8.0,5.0,34.0
18,140,2.0,0.0,2.0,[17 19],5.0,34.0,8.0,39.0,10.0,47.0,0.0,7.0,1.0,8.0
18,141,2.0,0.0,2.0,[17 19],1.0,8.0,10.0,47.0,5.0,34.0,0.0,0.0,0.0,7.0
18,142,2.0,0.0,2.0,[17 19],0.0,7.0,5.0,34.0,1.0,8.0,0.0,0.0,0.0,0.0
18,143,2.0,0.0,2.0,[17 19],0.0,0.0,1.0,8.0,0.0,7.0,0.0,0.0,0.0,0.0
19,0,2.0,0.0,2.0,[18 20],0.0,1.0,0.0,0.0,0.0,0.0,1.0,0.0,0.0,0.0
19,1,2.0,0.0,2.0,[18 20],0.0,0.0,0.0,0.0,0.0,1.0,0.0,0.0,1.0,0.0
19,2,2.0,0.0,2.0,[18 20],1.0,0.0,0.0,1.0,0.0,0.0,0.0,0.0,0.0,0.0
19,3,2.0,0.0,2.0,[18 20],0.0,0.0,0.0,0.0,1.0,0.0,0.0,0.0,0.0,0.0
19,4,2.0,0.0,2.0,[18 20],0.0,0.0,1.0,0.0,0.0,0.0,0.0,0.0,0.0,0.0
19,5,2.0,0.0,2.0,[18 20],0.0,0.0,0.0,0.0,0.0,0.0,0.0,0.0,0.0,0.0
19,6,2.0,0.0,2.0,[18 20],0.0,0.0,0.0,0.0,0.0,0.0,0.0,0.0,0.0,0.0
19,7,2.0,0.0,2.0,[18 20],0.0,0.0,0.0,0.0,0.0,0.0,0.0,0.0,0.0,0.0
19,8,2.0,0.0,2.0,[18 20],0.0,0.0,0.0,0.0,0.0,0.0,0.0,0.0,0.0,0.0
19,9,2.0,0.0,2.0,[18 20],0.0,0.0,0.0,0.0,0.0,0.0,0.0,0.0,0.0,0.0
19,10,2.0,0.0,2.0,[18 20],0.0,0.0,0.0,0.0,0.0,0.0,0.0,0.0,0.0,0.0
19,11,2.0,0.0,2.0,[18 20],0.0,0.0,0.0,0.0,0.0,0.0,0.0,0.0,0.0,0.0
19,12,2.0,0.0,2.0,[18 20],0.0,0.0,0.0,0.0,0.0,0.0,0.0,0.0,0.0,0.0
19,13,2.0,0.0,2.0,[18 20],0.0,0.0,0.0,0.0,0.0,0.0,0.0,0.0,0.0,0.0
19,14,2.0,0.0,2.0,[18 20],0.0,0.0,0.0,0.0,0.0,0.0,0.0,0.0,0.0,0.0
19,15,2.0,0.0,2.0,[18 20],0.0,0.0,0.0,0.0,0.0,0.0,0.0,0.0,0.0,0.0
19,16,2.0,0.0,2.0,[18 20],0.0,0.0,0.0,0.0,0.0,0.0,0.0,0.0,0.0,0.0
19,17,2.0,0.0,2.0,[18 20],0.0,0.0,0.0,0.0,0.0,0.0,0.0,0.0,0.0,0.0
19,18,2.0,0.0,2.0,[18 20],0.0,0.0,0.0,0.0,0.0,0.0,0.0,0.0,0.0,0.0
19,19,2.0,0.0,2.0,[18 20],0.0,0.0,0.0,0.0,0.0,0.0,0.0,0.0,0.0,0.0
19,20,2.0,0.0,2.0,[18 20],0.0,0.0,0.0,0.0,0.0,0.0,0.0,0.0,0.0,0.0
19,21,2.0,0.0,2.0,[18 20],0.0,0.0,0.0,0.0,0.0,0.0,0.0,0.0,0.0,0.0
19,22,2.0,0.0,2.0,[18 20],0.0,0.0,0.0,0.0,0.0,0.0,0.0,0.0,0.0,0.0
19,23,2.0,0.0,2.0,[18 20],0.0,0.0,0.0,0.0,0.0,0.0,0.0,0.0,0.0,0.0
19,24,2.0,0.0,2.0,[18 20],0.0,0.0,0.0,0.0,0.0,0.0,0.0,0.0,0.0,0.0
19,25,2.0,0.0,2.0,[18 20],0.0,0.0,0.0,0.0,0.0,0.0,0.0,0.0,0.0,0.0
19,26,2.0,0.0,2.0,[18 20],0.0,0.0,0.0,0.0,0.0,0.0,0.0,0.0,0.0,0.0
19,27,2.0,0.0,2.0,[18 20],0.0,0.0,0.0,0.0,0.0,0.0,0.0,0.0,0.0,0.0
19,28,2.0,0.0,2.0,[18 20],0.0,0.0,0.0,0.0,0.0,0.0,0.0,0.0,0.0,0.0
19,29,2.0,0.0,2.0,[18 20],0.0,0.0,0.0,0.0,0.0,0.0,0.0,0.0,0.0,0.0
19,30,2.0,0.0,2.0,[18 20],0.0,0.0,0.0,0.0,0.0,0.0,0.0,0.0,0.0,0.0
19,31,2.0,0.0,2.0,[18 20],0.0,0.0,0.0,0.0,0.0,0.0,0.0,0.0,0.0,0.0
19,32,2.0,0.0,2.0,[18 20],0.0,0.0,0.0,0.0,0.0,0.0,3.0,0.0,0.0,0.0
19,33,2.0,0.0,2.0,[18 20],0.0,0.0,0.0,0.0,0.0,0.0,7.0,1.0,3.0,0.0
19,34,2.0,0.0,2.0,[18 20],3.0,0.0,0.0,0.0,0.0,0.0,31.0,1.0,7.0,1.0
19,35,2.0,0.0,2.0,[18 20],7.0,1.0,0.0,0.0,3.0,0.0,35.0,10.0,31.0,1.0
19,36,2.0,0.0,2.0,[18 20],31.0,1.0,3.0,0.0,7.0,1.0,46.0,10.0,35.0,10.0
19,37,2.0,0.0,2.0,[18 20],35.0,10.0,7.0,1.0,31.0,1.0,63.0,9.0,46.0,10.0
19,38,2.0,0.0,2.0,[18 20],46.0,10.0,31.0,1.0,35.0,10.0,63.0,25.0,63.0,9.0
19,39,2.0,0.0,2.0,[18 20],63.0,9.0,35.0,10.0,46.0,10.0,91.0,25.0,63.0,25.0
19,40,2.0,0.0,2.0,[18 20],63.0,25.0,46.0,10.0,63.0,9.0,84.0,25.0,91.0,25.0
19,41,2.0,0.0,2.0,[18 20],91.0,25.0,63.0,9.0,63.0,25.0,127.0,37.0,84.0,25.0
19,42,2.0,0.0,2.0,[18 20],84.0,25.0,63.0,25.0,91.0,25.0,166.0,28.0,127.0,37.0
19,43,2.0,0.0,2.0,[18 20],127.0,37.0,91.0,25.0,84.0,25.0,174.0,72.0,166.0,28.0
19,44,2.0,0.0,2.0,[18 20],166.0,28.0,84.0,25.0,127.0,37.0,236.0,67.0,174.0,72.0
19,45,2.0,0.0,2.0,[18 20],174.0,72.0,127.0,37.0,166.0,28.0,301.0,104.0,236.0,67.0
19,46,2.0,0.0,2.0,[18 20],236.0,67.0,166.0,28.0,174.0,72.0,278.0,231.0,301.0,104.0
19,47,2.0,0.0,2.0,[18 20],301.0,104.0,174.0,72.0,236.0,67.0,318.0,288.0,278.0,231.0
19,48,2.0,0.0,2.0,[18 20],278.0,231.0,236.0,67.0,301.0,104.0,312.0,227.0,318.0,288.0
19,49,2.0,0.0,2.0,[18 20],318.0,288.0,301.0,104.0,278.0,231.0,258.0,367.0,312.0,227.0
19,50,2.0,0.0,2.0,[18 20],312.0,227.0,278.0,231.0,318.0,288.0,210.0,330.0,258.0,367.0
19,51,2.0,0.0,2.0,[18 20],258.0,367.0,318.0,288.0,312.0,227.0,158.0,336.0,210.0,330.0
19,52,2.0,0.0,2.0,[18 20],210.0,330.0,312.0,227.0,258.0,367.0,106.0,102.0,158.0,336.0
19,53,2.0,0.0,2.0,[18 20],158.0,336.0,258.0,367.0,210.0,330.0,116.0,138.0,106.0,102.0
19,54,2.0,0.0,2.0,[18 20],106.0,102.0,210.0,330.0,158.0,336.0,122.0,110.0,116.0,138.0
19,55,2.0,0.0,2.0,[18 20],116.0,138.0,158.0,336.0,106.0,102.0,95.0,94.0,122.0,110.0
19,56,2.0,0.0,2.0,[18 20],122.0,110.0,106.0,102.0,116.0,138.0,98.0,96.0,95.0,94.0
19,57,2.0,0.0,2.0,[18 20],95.0,94.0,116.0,138.0,122.0,110.0,111.0,97.0,98.0,96.0
19,58,2.0,0.0,2.0,[18 20],98.0,96.0,122.0,110.0,95.0,94.0,84.0,67.0,111.0,97.0
19,59,2.0,0.0,2.0,[18 20],111.0,97.0,95.0,94.0,98.0,96.0,80.0,52.0,84.0,67.0
19,60,2.0,0.0,2.0,[18 20],84.0,67.0,98.0,96.0,111.0,97.0,97.0,53.0,80.0,52.0
19,61,2.0,0.0,2.0,[18 20],80.0,52.0,111.0,97.0,84.0,67.0,70.0,44.0,97.0,53.0
19,62,2.0,0.0,2.0,[18 20],97.0,53.0,84.0,67.0,80.0,52.0,59.0,58.0,70.0,44.0
19,63,2.0,0.0,2.0,[18 20],70.0,44.0,80.0,52.0,97.0,53.0,76.0,67.0,59.0,58.0
19,64,2.0,0.0,2.0,[18 20],59.0,58.0,97.0,53.0,70.0,44.0,77.0,78.0,76.0,67.0
19,65,2.0,0.0,2.0,[18 20],76.0,67.0,70.0,44.0,59.0,58.0,70.0,65.0,77.0,78.0
19,66,2.0,0.0,2.0,[18 20],77.0,78.0,59.0,58.0,76.0,67.0,81.0,93.0,70.0,65.0
19,67,2.0,0.0,2.0,[18 20],70.0,65.0,76.0,67.0,77.0,78.0,66.0,56.0,81.0,93.0
19,68,2.0,0.0,2.0,[18 20],81.0,93.0,77.0,78.0,70.0,65.0,61.0,81.0,66.0,56.0
19,69,2.0,0.0,2.0,[18 20],66.0,56.0,70.0,65.0,81.0,93.0,49.0,96.0,61.0,81.0
19,70,2.0,0.0,2.0,[18 20],61.0,81.0,81.0,93.0,66.0,56.0,55.0,68.0,49.0,96.0
19,71,2.0,0.0,2.0,[18 20],49.0,96.0,66.0,56.0,61.0,81.0,61.0,74.0,55.0,68.0
19,72,2.0,0.0,2.0,[18 20],55.0,68.0,61.0,81.0,49.0,96.0,82.0,84.0,61.0,74.0
19,73,2.0,0.0,2.0,[18 20],61.0,74.0,49.0,96.0,55.0,68.0,102.0,70.0,82.0,84.0
19,74,2.0,0.0,2.0,[18 20],82.0,84.0,55.0,68.0,61.0,74.0,71.0,93.0,102.0,70.0
19,75,2.0,0.0,2.0,[18 20],102.0,70.0,61.0,74.0,82.0,84.0,81.0,73.0,71.0,93.0
19,76,2.0,0.0,2.0,[18 20],71.0,93.0,82.0,84.0,102.0,70.0,120.0,71.0,81.0,73.0
19,77,2.0,0.0,2.0,[18 20],81.0,73.0,102.0,70.0,71.0,93.0,113.0,74.0,120.0,71.0
19,78,2.0,0.0,2.0,[18 20],120.0,71.0,71.0,93.0,81.0,73.0,109.0,51.0,113.0,74.0
19,79,2.0,0.0,2.0,[18 20],113.0,74.0,81.0,73.0,120.0,71.0,61.0,69.0,109.0,51.0
19,80,2.0,0.0,2.0,[18 20],109.0,51.0,120.0,71.0,113.0,74.0,88.0,58.0,61.0,69.0
19,81,2.0,0.0,2.0,[18 20],61.0,69.0,113.0,74.0,109.0,51.0,84.0,74.0,88.0,58.0
19,82,2.0,0.0,2.0,[18 20],88.0,58.0,109.0,51.0,61.0,69.0,86.0,69.0,84.0,74.0
19,83,2.0,0.0,2.0,[18 20],84.0,74.0,61.0,69.0,88.0,58.0,90.0,72.0,86.0,69.0
19,84,2.0,0.0,2.0,[18 20],86.0,69.0,88.0,58.0,84.0,74.0,91.0,81.0,90.0,72.0
19,85,2.0,0.0,2.0,[18 20],90.0,72.0,84.0,74.0,86.0,69.0,79.0,72.0,91.0,81.0
19,86,2.0,0.0,2.0,[18 20],91.0,81.0,86.0,69.0,90.0,72.0,70.0,77.0,79.0,72.0
19,87,2.0,0.0,2.0,[18 20],79.0,72.0,90.0,72.0,91.0,81.0,66.0,72.0,70.0,77.0
19,88,2.0,0.0,2.0,[18 20],70.0,77.0,91.0,81.0,79.0,72.0,92.0,50.0,66.0,72.0
19,89,2.0,0.0,2.0,[18 20],66.0,72.0,79.0,72.0,70.0,77.0,72.0,76.0,92.0,50.0
19,90,2.0,0.0,2.0,[18 20],92.0,50.0,70.0,77.0,66.0,72.0,78.0,86.0,72.0,76.0
19,91,2.0,0.0,2.0,[18 20],72.0,76.0,66.0,72.0,92.0,50.0,69.0,77.0,78.0,86.0
19,92,2.0,0.0,2.0,[18 20],78.0,86.0,92.0,50.0,72.0,76.0,71.0,108.0,69.0,77.0
19,93,2.0,0.0,2.0,[18 20],69.0,77.0,72.0,76.0,78.0,86.0,65.0,93.0,71.0,108.0
19,94,2.0,0.0,2.0,[18 20],71.0,108.0,78.0,86.0,69.0,77.0,94.0,88.0,65.0,93.0
19,95,2.0,0.0,2.0,[18 20],65.0,93.0,69.0,77.0,71.0,108.0,71.0,105.0,94.0,88.0
19,96,2.0,0.0,2.0,[18 20],94.0,88.0,71.0,108.0,65.0,93.0,100.0,91.0,71.0,105.0
19,97,2.0,0.0,2.0,[18 20],71.0,105.0,65.0,93.0,94.0,88.0,83.0,104.0,100.0,91.0
19,98,2.0,0.0,2.0,[18 20],100.0,91.0,94.0,88.0,71.0,105.0,80.0,131.0,83.0,104.0
19,99,2.0,0.0,2.0,[18 20],83.0,104.0,71.0,105.0,100.0,91.0,103.0,118.0,80.0,131.0
19,100,2.0,0.0,2.0,[18 20],80.0,131.0,100.0,91.0,83.0,104.0,137.0,80.0,103.0,118.0
19,101,2.0,0.0,2.0,[18 20],103.0,118.0,83.0,104.0,80.0,131.0,161.0,143.0,137.0,80.0
19,102,2.0,0.0,2.0,[18 20],137.0,80.0,80.0,131.0,103.0,118.0,118.0,148.0,161.0,143.0
19,103,2.0,0.0,2.0,[18 20],161.0,143.0,103.0,118.0,137.0,80.0,117.0,163.0,118.0,148.0
19,104,2.0,0.0,2.0,[18 20],118.0,148.0,137.0,80.0,161.0,143.0,188.0,245.0,117.0,163.0
19,105,2.0,0.0,2.0,[18 20],117.0,163.0,161.0,143.0,118.0,148.0,195.0,197.0,188.0,245.0
19,106,2.0,0.0,2.0,[18 20],188.0,245.0,118.0,148.0,117.0,163.0,153.0,239.0,195.0,197.0
19,107,2.0,0.0,2.0,[18 20],195.0,197.0,117.0,163.0,188.0,245.0,215.0,232.0,153.0,239.0
19,108,2.0,0.0,2.0,[18 20],153.0,239.0,188.0,245.0,195.0,197.0,264.0,191.0,215.0,232.0
19,109,2.0,0.0,2.0,[18 20],215.0,232.0,195.0,197.0,153.0,239.0,193.0,199.0,264.0,191.0
19,110,2.0,0.0,2.0,[18 20],264.0,191.0,153.0,239.0,215.0,232.0,132.0,163.0,193.0,199.0
19,111,2.0,0.0,2.0,[18 20],193.0,199.0,215.0,232.0,264.0,191.0,112.0,146.0,132.0,163.0
19,112,2.0,0.0,2.0,[18 20],132.0,163.0,264.0,191.0,193.0,199.0,106.0,148.0,112.0,146.0
19,113,2.0,0.0,2.0,[18 20],112.0,146.0,193.0,199.0,132.0,163.0,111.0,155.0,106.0,148.0
19,114,2.0,0.0,2.0,[18 20],106.0,148.0,132.0,163.0,112.0,146.0,101.0,101.0,111.0,155.0
19,115,2.0,0.0,2.0,[18 20],111.0,155.0,112.0,146.0,106.0,148.0,97.0,107.0,101.0,101.0
19,116,2.0,0.0,2.0,[18 20],101.0,101.0,106.0,148.0,111.0,155.0,109.0,106.0,97.0,107.0
19,117,2.0,0.0,2.0,[18 20],97.0,107.0,111.0,155.0,101.0,101.0,108.0,91.0,109.0,106.0
19,118,2.0,0.0,2.0,[18 20],109.0,106.0,101.0,101.0,97.0,107.0,111.0,87.0,108.0,91.0
19,119,2.0,0.0,2.0,[18 20],108.0,91.0,97.0,107.0,109.0,106.0,87.0,110.0,111.0,87.0
19,120,2.0,0.0,2.0,[18 20],111.0,87.0,109.0,106.0,108.0,91.0,112.0,66.0,87.0,110.0
19,121,2.0,0.0,2.0,[18 20],87.0,110.0,108.0,91.0,111.0,87.0,171.0,116.0,112.0,66.0
19,122,2.0,0.0,2.0,[18 20],112.0,66.0,111.0,87.0,87.0,110.0,117.0,107.0,171.0,116.0
19,123,2.0,0.0,2.0,[18 20],171.0,116.0,87.0,110.0,112.0,66.0,99.0,105.0,117.0,107.0
19,124,2.0,0.0,2.0,[18 20],117.0,107.0,112.0,66.0,171.0,116.0,59.0,105.0,99.0,105.0
19,125,2.0,0.0,2.0,[18 20],99.0,105.0,171.0,116.0,117.0,107.0,87.0,102.0,59.0,105.0
19,126,2.0,0.0,2.0,[18 20],59.0,105.0,117.0,107.0,99.0,105.0,102.0,115.0,87.0,102.0
19,127,2.0,0.0,2.0,[18 20],87.0,102.0,99.0,105.0,59.0,105.0,78.0,122.0,102.0,115.0
19,128,2.0,0.0,2.0,[18 20],102.0,115.0,59.0,105.0,87.0,102.0,68.0,121.0,78.0,122.0
19,129,2.0,0.0,2.0,[18 20],78.0,122.0,87.0,102.0,102.0,115.0,42.0,138.0,68.0,121.0
19,130,2.0,0.0,2.0,[18 20],68.0,121.0,102.0,115.0,78.0,122.0,35.0,135.0,42.0,138.0
19,131,2.0,0.0,2.0,[18 20],42.0,138.0,78.0,122.0,68.0,121.0,39.0,111.0,35.0,135.0
19,132,2.0,0.0,2.0,[18 20],35.0,135.0,68.0,121.0,42.0,138.0,30.0,135.0,39.0,111.0
19,133,2.0,0.0,2.0,[18 20],39.0,111.0,42.0,138.0,35.0,135.0,34.0,110.0,30.0,135.0
19,134,2.0,0.0,2.0,[18 20],30.0,135.0,35.0,135.0,39.0,111.0,16.0,75.0,34.0,110.0
19,135,2.0,0.0,2.0,[18 20],34.0,110.0,39.0,111.0,30.0,135.0,12.0,72.0,16.0,75.0
19,136,2.0,0.0,2.0,[18 20],16.0,75.0,30.0,135.0,34.0,110.0,4.0,60.0,12.0,72.0
19,137,2.0,0.0,2.0,[18 20],12.0,72.0,34.0,110.0,16.0,75.0,8.0,47.0,4.0,60.0
19,138,2.0,0.0,2.0,[18 20],4.0,60.0,16.0,75.0,12.0,72.0,4.0,47.0,8.0,47.0
19,139,2.0,0.0,2.0,[18 20],8.0,47.0,12.0,72.0,4.0,60.0,3.0,15.0,4.0,47.0
19,140,2.0,0.0,2.0,[18 20],4.0,47.0,4.0,60.0,8.0,47.0,2.0,10.0,3.0,15.0
19,141,2.0,0.0,2.0,[18 20],3.0,15.0,8.0,47.0,4.0,47.0,0.0,2.0,2.0,10.0
19,142,2.0,0.0,2.0,[18 20],2.0,10.0,4.0,47.0,3.0,15.0,0.0,0.0,0.0,2.0
19,143,2.0,0.0,2.0,[18 20],0.0,2.0,3.0,15.0,2.0,10.0,0.0,0.0,0.0,0.0
20,0,2.0,0.0,3.0,[19 21 28],1.0,2.0,0.0,0.0,0.0,0.0,0.0,4.0,0.0,2.0
20,1,2.0,0.0,3.0,[19 21 28],0.0,2.0,0.0,0.0,1.0,2.0,1.0,1.0,0.0,4.0
20,2,2.0,0.0,3.0,[19 21 28],0.0,4.0,1.0,2.0,0.0,2.0,2.0,2.0,1.0,1.0
20,3,2.0,0.0,3.0,[19 21 28],1.0,1.0,0.0,2.0,0.0,4.0,1.0,1.0,2.0,2.0
20,4,2.0,0.0,3.0,[19 21 28],2.0,2.0,0.0,4.0,1.0,1.0,0.0,0.0,1.0,1.0
20,5,2.0,0.0,3.0,[19 21 28],1.0,1.0,1.0,1.0,2.0,2.0,1.0,1.0,0.0,0.0
20,6,2.0,0.0,3.0,[19 21 28],0.0,0.0,2.0,2.0,1.0,1.0,0.0,0.0,1.0,1.0
20,7,2.0,0.0,3.0,[19 21 28],1.0,1.0,1.0,1.0,0.0,0.0,0.0,0.0,0.0,0.0
20,8,2.0,0.0,3.0,[19 21 28],0.0,0.0,0.0,0.0,1.0,1.0,0.0,0.0,0.0,0.0
20,9,2.0,0.0,3.0,[19 21 28],0.0,0.0,1.0,1.0,0.0,0.0,3.0,0.0,0.0,0.0
20,10,2.0,0.0,3.0,[19 21 28],0.0,0.0,0.0,0.0,0.0,0.0,1.0,2.0,3.0,0.0
20,11,2.0,0.0,3.0,[19 21 28],3.0,0.0,0.0,0.0,0.0,0.0,0.0,0.0,1.0,2.0
20,12,2.0,0.0,3.0,[19 21 28],1.0,2.0,0.0,0.0,3.0,0.0,1.0,1.0,0.0,0.0
20,13,2.0,0.0,3.0,[19 21 28],0.0,0.0,3.0,0.0,1.0,2.0,0.0,0.0,1.0,1.0
20,14,2.0,0.0,3.0,[19 21 28],1.0,1.0,1.0,2.0,0.0,0.0,0.0,0.0,0.0,0.0
20,15,2.0,0.0,3.0,[19 21 28],0.0,0.0,0.0,0.0,1.0,1.0,0.0,0.0,0.0,0.0
20,16,2.0,0.0,3.0,[19 21 28],0.0,0.0,1.0,1.0,0.0,0.0,0.0,0.0,0.0,0.0
20,17,2.0,0.0,3.0,[19 21 28],0.0,0.0,0.0,0.0,0.0,0.0,0.0,0.0,0.0,0.0
20,18,2.0,0.0,3.0,[19 21 28],0.0,0.0,0.0,0.0,0.0,0.0,0.0,0.0,0.0,0.0
20,19,2.0,0.0,3.0,[19 21 28],0.0,0.0,0.0,0.0,0.0,0.0,0.0,0.0,0.0,0.0
20,20,2.0,0.0,3.0,[19 21 28],0.0,0.0,0.0,0.0,0.0,0.0,0.0,0.0,0.0,0.0
20,21,2.0,0.0,3.0,[19 21 28],0.0,0.0,0.0,0.0,0.0,0.0,1.0,0.0,0.0,0.0
20,22,2.0,0.0,3.0,[19 21 28],0.0,0.0,0.0,0.0,0.0,0.0,2.0,0.0,1.0,0.0
20,23,2.0,0.0,3.0,[19 21 28],1.0,0.0,0.0,0.0,0.0,0.0,0.0,1.0,2.0,0.0
20,24,2.0,0.0,3.0,[19 21 28],2.0,0.0,0.0,0.0,1.0,0.0,0.0,0.0,0.0,1.0
20,25,2.0,0.0,3.0,[19 21 28],0.0,1.0,1.0,0.0,2.0,0.0,0.0,0.0,0.0,0.0
20,26,2.0,0.0,3.0,[19 21 28],0.0,0.0,2.0,0.0,0.0,1.0,1.0,0.0,0.0,0.0
20,27,2.0,0.0,3.0,[19 21 28],0.0,0.0,0.0,1.0,0.0,0.0,0.0,0.0,1.0,0.0
20,28,2.0,0.0,3.0,[19 21 28],1.0,0.0,0.0,0.0,0.0,0.0,0.0,0.0,0.0,0.0
20,29,2.0,0.0,3.0,[19 21 28],0.0,0.0,0.0,0.0,1.0,0.0,1.0,0.0,0.0,0.0
20,30,2.0,0.0,3.0,[19 21 28],0.0,0.0,1.0,0.0,0.0,0.0,1.0,0.0,1.0,0.0
20,31,2.0,0.0,3.0,[19 21 28],1.0,0.0,0.0,0.0,0.0,0.0,3.0,2.0,1.0,0.0
20,32,2.0,0.0,3.0,[19 21 28],1.0,0.0,0.0,0.0,1.0,0.0,7.0,1.0,3.0,2.0
20,33,2.0,0.0,3.0,[19 21 28],3.0,2.0,1.0,0.0,1.0,0.0,28.0,0.0,7.0,1.0
20,34,2.0,0.0,3.0,[19 21 28],7.0,1.0,1.0,0.0,3.0,2.0,59.0,2.0,28.0,0.0
20,35,2.0,0.0,3.0,[19 21 28],28.0,0.0,3.0,2.0,7.0,1.0,72.0,34.0,59.0,2.0
20,36,2.0,0.0,3.0,[19 21 28],59.0,2.0,7.0,1.0,28.0,0.0,120.0,51.0,72.0,34.0
20,37,2.0,0.0,3.0,[19 21 28],72.0,34.0,28.0,0.0,59.0,2.0,159.0,64.0,120.0,51.0
20,38,2.0,0.0,3.0,[19 21 28],120.0,51.0,59.0,2.0,72.0,34.0,170.0,136.0,159.0,64.0
20,39,2.0,0.0,3.0,[19 21 28],159.0,64.0,72.0,34.0,120.0,51.0,210.0,83.0,170.0,136.0
20,40,2.0,0.0,3.0,[19 21 28],170.0,136.0,120.0,51.0,159.0,64.0,271.0,118.0,210.0,83.0
20,41,2.0,0.0,3.0,[19 21 28],210.0,83.0,159.0,64.0,170.0,136.0,318.0,124.0,271.0,118.0
20,42,2.0,0.0,3.0,[19 21 28],271.0,118.0,170.0,136.0,210.0,83.0,425.0,204.0,318.0,124.0
20,43,2.0,0.0,3.0,[19 21 28],318.0,124.0,210.0,83.0,271.0,118.0,551.0,236.0,425.0,204.0
20,44,2.0,0.0,3.0,[19 21 28],425.0,204.0,271.0,118.0,318.0,124.0,842.0,212.0,551.0,236.0
20,45,2.0,0.0,3.0,[19 21 28],551.0,236.0,318.0,124.0,425.0,204.0,982.0,300.0,842.0,212.0
20,46,2.0,0.0,3.0,[19 21 28],842.0,212.0,425.0,204.0,551.0,236.0,875.0,265.0,982.0,300.0
20,47,2.0,0.0,3.0,[19 21 28],982.0,300.0,551.0,236.0,842.0,212.0,942.0,272.0,875.0,265.0
20,48,2.0,0.0,3.0,[19 21 28],875.0,265.0,842.0,212.0,982.0,300.0,838.0,332.0,942.0,272.0
20,49,2.0,0.0,3.0,[19 21 28],942.0,272.0,982.0,300.0,875.0,265.0,717.0,270.0,838.0,332.0
20,50,2.0,0.0,3.0,[19 21 28],838.0,332.0,875.0,265.0,942.0,272.0,580.0,328.0,717.0,270.0
20,51,2.0,0.0,3.0,[19 21 28],717.0,270.0,942.0,272.0,838.0,332.0,487.0,259.0,580.0,328.0
20,52,2.0,0.0,3.0,[19 21 28],580.0,328.0,838.0,332.0,717.0,270.0,403.0,237.0,487.0,259.0
20,53,2.0,0.0,3.0,[19 21 28],487.0,259.0,717.0,270.0,580.0,328.0,352.0,264.0,403.0,237.0
20,54,2.0,0.0,3.0,[19 21 28],403.0,237.0,580.0,328.0,487.0,259.0,328.0,220.0,352.0,264.0
20,55,2.0,0.0,3.0,[19 21 28],352.0,264.0,487.0,259.0,403.0,237.0,281.0,273.0,328.0,220.0
20,56,2.0,0.0,3.0,[19 21 28],328.0,220.0,403.0,237.0,352.0,264.0,290.0,229.0,281.0,273.0
20,57,2.0,0.0,3.0,[19 21 28],281.0,273.0,352.0,264.0,328.0,220.0,248.0,261.0,290.0,229.0
20,58,2.0,0.0,3.0,[19 21 28],290.0,229.0,328.0,220.0,281.0,273.0,240.0,240.0,248.0,261.0
20,59,2.0,0.0,3.0,[19 21 28],248.0,261.0,281.0,273.0,290.0,229.0,262.0,212.0,240.0,240.0
20,60,2.0,0.0,3.0,[19 21 28],240.0,240.0,290.0,229.0,248.0,261.0,271.0,211.0,262.0,212.0
20,61,2.0,0.0,3.0,[19 21 28],262.0,212.0,248.0,261.0,240.0,240.0,232.0,235.0,271.0,211.0
20,62,2.0,0.0,3.0,[19 21 28],271.0,211.0,240.0,240.0,262.0,212.0,250.0,192.0,232.0,235.0
20,63,2.0,0.0,3.0,[19 21 28],232.0,235.0,262.0,212.0,271.0,211.0,219.0,242.0,250.0,192.0
20,64,2.0,0.0,3.0,[19 21 28],250.0,192.0,271.0,211.0,232.0,235.0,220.0,210.0,219.0,242.0
20,65,2.0,0.0,3.0,[19 21 28],219.0,242.0,232.0,235.0,250.0,192.0,201.0,201.0,220.0,210.0
20,66,2.0,0.0,3.0,[19 21 28],220.0,210.0,250.0,192.0,219.0,242.0,215.0,217.0,201.0,201.0
20,67,2.0,0.0,3.0,[19 21 28],201.0,201.0,219.0,242.0,220.0,210.0,218.0,238.0,215.0,217.0
20,68,2.0,0.0,3.0,[19 21 28],215.0,217.0,220.0,210.0,201.0,201.0,240.0,191.0,218.0,238.0
20,69,2.0,0.0,3.0,[19 21 28],218.0,238.0,201.0,201.0,215.0,217.0,211.0,255.0,240.0,191.0
20,70,2.0,0.0,3.0,[19 21 28],240.0,191.0,215.0,217.0,218.0,238.0,261.0,253.0,211.0,255.0
20,71,2.0,0.0,3.0,[19 21 28],211.0,255.0,218.0,238.0,240.0,191.0,210.0,193.0,261.0,253.0
20,72,2.0,0.0,3.0,[19 21 28],261.0,253.0,240.0,191.0,211.0,255.0,272.0,262.0,210.0,193.0
20,73,2.0,0.0,3.0,[19 21 28],210.0,193.0,211.0,255.0,261.0,253.0,246.0,304.0,272.0,262.0
20,74,2.0,0.0,3.0,[19 21 28],272.0,262.0,261.0,253.0,210.0,193.0,237.0,233.0,246.0,304.0
20,75,2.0,0.0,3.0,[19 21 28],246.0,304.0,210.0,193.0,272.0,262.0,273.0,276.0,237.0,233.0
20,76,2.0,0.0,3.0,[19 21 28],237.0,233.0,272.0,262.0,246.0,304.0,246.0,251.0,273.0,276.0
20,77,2.0,0.0,3.0,[19 21 28],273.0,276.0,246.0,304.0,237.0,233.0,249.0,190.0,246.0,251.0
20,78,2.0,0.0,3.0,[19 21 28],246.0,251.0,237.0,233.0,273.0,276.0,203.0,247.0,249.0,190.0
20,79,2.0,0.0,3.0,[19 21 28],249.0,190.0,273.0,276.0,246.0,251.0,255.0,258.0,203.0,247.0
20,80,2.0,0.0,3.0,[19 21 28],203.0,247.0,246.0,251.0,249.0,190.0,206.0,185.0,255.0,258.0
20,81,2.0,0.0,3.0,[19 21 28],255.0,258.0,249.0,190.0,203.0,247.0,231.0,246.0,206.0,185.0
20,82,2.0,0.0,3.0,[19 21 28],206.0,185.0,203.0,247.0,255.0,258.0,249.0,263.0,231.0,246.0
20,83,2.0,0.0,3.0,[19 21 28],231.0,246.0,255.0,258.0,206.0,185.0,243.0,155.0,249.0,263.0
20,84,2.0,0.0,3.0,[19 21 28],249.0,263.0,206.0,185.0,231.0,246.0,247.0,280.0,243.0,155.0
20,85,2.0,0.0,3.0,[19 21 28],243.0,155.0,231.0,246.0,249.0,263.0,268.0,228.0,247.0,280.0
20,86,2.0,0.0,3.0,[19 21 28],247.0,280.0,249.0,263.0,243.0,155.0,188.0,190.0,268.0,228.0
20,87,2.0,0.0,3.0,[19 21 28],268.0,228.0,243.0,155.0,247.0,280.0,233.0,259.0,188.0,190.0
20,88,2.0,0.0,3.0,[19 21 28],188.0,190.0,247.0,280.0,268.0,228.0,255.0,240.0,233.0,259.0
20,89,2.0,0.0,3.0,[19 21 28],233.0,259.0,268.0,228.0,188.0,190.0,236.0,188.0,255.0,240.0
20,90,2.0,0.0,3.0,[19 21 28],255.0,240.0,188.0,190.0,233.0,259.0,244.0,233.0,236.0,188.0
20,91,2.0,0.0,3.0,[19 21 28],236.0,188.0,233.0,259.0,255.0,240.0,341.0,269.0,244.0,233.0
20,92,2.0,0.0,3.0,[19 21 28],244.0,233.0,255.0,240.0,236.0,188.0,271.0,229.0,341.0,269.0
20,93,2.0,0.0,3.0,[19 21 28],341.0,269.0,236.0,188.0,244.0,233.0,237.0,269.0,271.0,229.0
20,94,2.0,0.0,3.0,[19 21 28],271.0,229.0,244.0,233.0,341.0,269.0,209.0,308.0,237.0,269.0
20,95,2.0,0.0,3.0,[19 21 28],237.0,269.0,341.0,269.0,271.0,229.0,254.0,214.0,209.0,308.0
20,96,2.0,0.0,3.0,[19 21 28],209.0,308.0,271.0,229.0,237.0,269.0,241.0,247.0,254.0,214.0
20,97,2.0,0.0,3.0,[19 21 28],254.0,214.0,237.0,269.0,209.0,308.0,295.0,253.0,241.0,247.0
20,98,2.0,0.0,3.0,[19 21 28],241.0,247.0,209.0,308.0,254.0,214.0,259.0,180.0,295.0,253.0
20,99,2.0,0.0,3.0,[19 21 28],295.0,253.0,254.0,214.0,241.0,247.0,303.0,273.0,259.0,180.0
20,100,2.0,0.0,3.0,[19 21 28],259.0,180.0,241.0,247.0,295.0,253.0,309.0,278.0,303.0,273.0
20,101,2.0,0.0,3.0,[19 21 28],303.0,273.0,295.0,253.0,259.0,180.0,334.0,251.0,309.0,278.0
20,102,2.0,0.0,3.0,[19 21 28],309.0,278.0,259.0,180.0,303.0,273.0,328.0,374.0,334.0,251.0
20,103,2.0,0.0,3.0,[19 21 28],334.0,251.0,303.0,273.0,309.0,278.0,321.0,423.0,328.0,374.0
20,104,2.0,0.0,3.0,[19 21 28],328.0,374.0,309.0,278.0,334.0,251.0,361.0,425.0,321.0,423.0
20,105,2.0,0.0,3.0,[19 21 28],321.0,423.0,334.0,251.0,328.0,374.0,261.0,512.0,361.0,425.0
20,106,2.0,0.0,3.0,[19 21 28],361.0,425.0,328.0,374.0,321.0,423.0,282.0,580.0,261.0,512.0
20,107,2.0,0.0,3.0,[19 21 28],261.0,512.0,321.0,423.0,361.0,425.0,275.0,573.0,282.0,580.0
20,108,2.0,0.0,3.0,[19 21 28],282.0,580.0,361.0,425.0,261.0,512.0,247.0,594.0,275.0,573.0
20,109,2.0,0.0,3.0,[19 21 28],275.0,573.0,261.0,512.0,282.0,580.0,226.0,619.0,247.0,594.0
20,110,2.0,0.0,3.0,[19 21 28],247.0,594.0,282.0,580.0,275.0,573.0,233.0,539.0,226.0,619.0
20,111,2.0,0.0,3.0,[19 21 28],226.0,619.0,275.0,573.0,247.0,594.0,192.0,482.0,233.0,539.0
20,112,2.0,0.0,3.0,[19 21 28],233.0,539.0,247.0,594.0,226.0,619.0,184.0,348.0,192.0,482.0
20,113,2.0,0.0,3.0,[19 21 28],192.0,482.0,226.0,619.0,233.0,539.0,179.0,337.0,184.0,348.0
20,114,2.0,0.0,3.0,[19 21 28],184.0,348.0,233.0,539.0,192.0,482.0,223.0,325.0,179.0,337.0
20,115,2.0,0.0,3.0,[19 21 28],179.0,337.0,192.0,482.0,184.0,348.0,159.0,276.0,223.0,325.0
20,116,2.0,0.0,3.0,[19 21 28],223.0,325.0,184.0,348.0,179.0,337.0,121.0,350.0,159.0,276.0
20,117,2.0,0.0,3.0,[19 21 28],159.0,276.0,179.0,337.0,223.0,325.0,141.0,294.0,121.0,350.0
20,118,2.0,0.0,3.0,[19 21 28],121.0,350.0,223.0,325.0,159.0,276.0,107.0,214.0,141.0,294.0
20,119,2.0,0.0,3.0,[19 21 28],141.0,294.0,159.0,276.0,121.0,350.0,107.0,240.0,107.0,214.0
20,120,2.0,0.0,3.0,[19 21 28],107.0,214.0,121.0,350.0,141.0,294.0,113.0,269.0,107.0,240.0
20,121,2.0,0.0,3.0,[19 21 28],107.0,240.0,141.0,294.0,107.0,214.0,144.0,258.0,113.0,269.0
20,122,2.0,0.0,3.0,[19 21 28],113.0,269.0,107.0,214.0,107.0,240.0,99.0,294.0,144.0,258.0
20,123,2.0,0.0,3.0,[19 21 28],144.0,258.0,107.0,240.0,113.0,269.0,104.0,243.0,99.0,294.0
20,124,2.0,0.0,3.0,[19 21 28],99.0,294.0,113.0,269.0,144.0,258.0,113.0,342.0,104.0,243.0
20,125,2.0,0.0,3.0,[19 21 28],104.0,243.0,144.0,258.0,99.0,294.0,107.0,172.0,113.0,342.0
20,126,2.0,0.0,3.0,[19 21 28],113.0,342.0,99.0,294.0,104.0,243.0,109.0,272.0,107.0,172.0
20,127,2.0,0.0,3.0,[19 21 28],107.0,172.0,104.0,243.0,113.0,342.0,117.0,319.0,109.0,272.0
20,128,2.0,0.0,3.0,[19 21 28],109.0,272.0,113.0,342.0,107.0,172.0,101.0,211.0,117.0,319.0
20,129,2.0,0.0,3.0,[19 21 28],117.0,319.0,107.0,172.0,109.0,272.0,89.0,222.0,101.0,211.0
20,130,2.0,0.0,3.0,[19 21 28],101.0,211.0,109.0,272.0,117.0,319.0,62.0,159.0,89.0,222.0
20,131,2.0,0.0,3.0,[19 21 28],89.0,222.0,117.0,319.0,101.0,211.0,77.0,189.0,62.0,159.0
20,132,2.0,0.0,3.0,[19 21 28],62.0,159.0,101.0,211.0,89.0,222.0,65.0,225.0,77.0,189.0
20,133,2.0,0.0,3.0,[19 21 28],77.0,189.0,89.0,222.0,62.0,159.0,60.0,282.0,65.0,225.0
20,134,2.0,0.0,3.0,[19 21 28],65.0,225.0,62.0,159.0,77.0,189.0,34.0,233.0,60.0,282.0
20,135,2.0,0.0,3.0,[19 21 28],60.0,282.0,77.0,189.0,65.0,225.0,29.0,134.0,34.0,233.0
20,136,2.0,0.0,3.0,[19 21 28],34.0,233.0,65.0,225.0,60.0,282.0,22.0,133.0,29.0,134.0
20,137,2.0,0.0,3.0,[19 21 28],29.0,134.0,60.0,282.0,34.0,233.0,15.0,57.0,22.0,133.0
20,138,2.0,0.0,3.0,[19 21 28],22.0,133.0,34.0,233.0,29.0,134.0,4.0,51.0,15.0,57.0
20,139,2.0,0.0,3.0,[19 21 28],15.0,57.0,29.0,134.0,22.0,133.0,3.0,55.0,4.0,51.0
20,140,2.0,0.0,3.0,[19 21 28],4.0,51.0,22.0,133.0,15.0,57.0,4.0,9.0,3.0,55.0
20,141,2.0,0.0,3.0,[19 21 28],3.0,55.0,15.0,57.0,4.0,51.0,2.0,10.0,4.0,9.0
20,142,2.0,0.0,3.0,[19 21 28],4.0,9.0,4.0,51.0,3.0,55.0,0.0,0.0,2.0,10.0
20,143,2.0,0.0,3.0,[19 21 28],2.0,10.0,3.0,55.0,4.0,9.0,0.0,0.0,0.0,0.0
21,0,2.0,0.0,2.0,[20 22],0.0,1.0,0.0,0.0,0.0,0.0,0.0,0.0,0.0,0.0
21,1,2.0,0.0,2.0,[20 22],0.0,0.0,0.0,0.0,0.0,1.0,0.0,0.0,0.0,0.0
21,2,2.0,0.0,2.0,[20 22],0.0,0.0,0.0,1.0,0.0,0.0,0.0,0.0,0.0,0.0
21,3,2.0,0.0,2.0,[20 22],0.0,0.0,0.0,0.0,0.0,0.0,0.0,0.0,0.0,0.0
21,4,2.0,0.0,2.0,[20 22],0.0,0.0,0.0,0.0,0.0,0.0,0.0,0.0,0.0,0.0
21,5,2.0,0.0,2.0,[20 22],0.0,0.0,0.0,0.0,0.0,0.0,0.0,0.0,0.0,0.0
21,6,2.0,0.0,2.0,[20 22],0.0,0.0,0.0,0.0,0.0,0.0,0.0,0.0,0.0,0.0
21,7,2.0,0.0,2.0,[20 22],0.0,0.0,0.0,0.0,0.0,0.0,0.0,0.0,0.0,0.0
21,8,2.0,0.0,2.0,[20 22],0.0,0.0,0.0,0.0,0.0,0.0,0.0,0.0,0.0,0.0
21,9,2.0,0.0,2.0,[20 22],0.0,0.0,0.0,0.0,0.0,0.0,0.0,0.0,0.0,0.0
21,10,2.0,0.0,2.0,[20 22],0.0,0.0,0.0,0.0,0.0,0.0,0.0,0.0,0.0,0.0
21,11,2.0,0.0,2.0,[20 22],0.0,0.0,0.0,0.0,0.0,0.0,0.0,0.0,0.0,0.0
21,12,2.0,0.0,2.0,[20 22],0.0,0.0,0.0,0.0,0.0,0.0,0.0,0.0,0.0,0.0
21,13,2.0,0.0,2.0,[20 22],0.0,0.0,0.0,0.0,0.0,0.0,0.0,0.0,0.0,0.0
21,14,2.0,0.0,2.0,[20 22],0.0,0.0,0.0,0.0,0.0,0.0,0.0,0.0,0.0,0.0
21,15,2.0,0.0,2.0,[20 22],0.0,0.0,0.0,0.0,0.0,0.0,0.0,0.0,0.0,0.0
21,16,2.0,0.0,2.0,[20 22],0.0,0.0,0.0,0.0,0.0,0.0,0.0,0.0,0.0,0.0
21,17,2.0,0.0,2.0,[20 22],0.0,0.0,0.0,0.0,0.0,0.0,0.0,0.0,0.0,0.0
21,18,2.0,0.0,2.0,[20 22],0.0,0.0,0.0,0.0,0.0,0.0,0.0,0.0,0.0,0.0
21,19,2.0,0.0,2.0,[20 22],0.0,0.0,0.0,0.0,0.0,0.0,0.0,0.0,0.0,0.0
21,20,2.0,0.0,2.0,[20 22],0.0,0.0,0.0,0.0,0.0,0.0,0.0,0.0,0.0,0.0
21,21,2.0,0.0,2.0,[20 22],0.0,0.0,0.0,0.0,0.0,0.0,0.0,0.0,0.0,0.0
21,22,2.0,0.0,2.0,[20 22],0.0,0.0,0.0,0.0,0.0,0.0,0.0,0.0,0.0,0.0
21,23,2.0,0.0,2.0,[20 22],0.0,0.0,0.0,0.0,0.0,0.0,0.0,0.0,0.0,0.0
21,24,2.0,0.0,2.0,[20 22],0.0,0.0,0.0,0.0,0.0,0.0,0.0,0.0,0.0,0.0
21,25,2.0,0.0,2.0,[20 22],0.0,0.0,0.0,0.0,0.0,0.0,0.0,0.0,0.0,0.0
21,26,2.0,0.0,2.0,[20 22],0.0,0.0,0.0,0.0,0.0,0.0,0.0,0.0,0.0,0.0
21,27,2.0,0.0,2.0,[20 22],0.0,0.0,0.0,0.0,0.0,0.0,0.0,0.0,0.0,0.0
21,28,2.0,0.0,2.0,[20 22],0.0,0.0,0.0,0.0,0.0,0.0,0.0,0.0,0.0,0.0
21,29,2.0,0.0,2.0,[20 22],0.0,0.0,0.0,0.0,0.0,0.0,0.0,0.0,0.0,0.0
21,30,2.0,0.0,2.0,[20 22],0.0,0.0,0.0,0.0,0.0,0.0,0.0,0.0,0.0,0.0
21,31,2.0,0.0,2.0,[20 22],0.0,0.0,0.0,0.0,0.0,0.0,0.0,0.0,0.0,0.0
21,32,2.0,0.0,2.0,[20 22],0.0,0.0,0.0,0.0,0.0,0.0,0.0,0.0,0.0,0.0
21,33,2.0,0.0,2.0,[20 22],0.0,0.0,0.0,0.0,0.0,0.0,16.0,0.0,0.0,0.0
21,34,2.0,0.0,2.0,[20 22],0.0,0.0,0.0,0.0,0.0,0.0,19.0,0.0,16.0,0.0
21,35,2.0,0.0,2.0,[20 22],16.0,0.0,0.0,0.0,0.0,0.0,19.0,1.0,19.0,0.0
21,36,2.0,0.0,2.0,[20 22],19.0,0.0,0.0,0.0,16.0,0.0,22.0,4.0,19.0,1.0
21,37,2.0,0.0,2.0,[20 22],19.0,1.0,16.0,0.0,19.0,0.0,38.0,1.0,22.0,4.0
21,38,2.0,0.0,2.0,[20 22],22.0,4.0,19.0,0.0,19.0,1.0,65.0,4.0,38.0,1.0
21,39,2.0,0.0,2.0,[20 22],38.0,1.0,19.0,1.0,22.0,4.0,90.0,13.0,65.0,4.0
21,40,2.0,0.0,2.0,[20 22],65.0,4.0,22.0,4.0,38.0,1.0,103.0,12.0,90.0,13.0
21,41,2.0,0.0,2.0,[20 22],90.0,13.0,38.0,1.0,65.0,4.0,98.0,16.0,103.0,12.0
21,42,2.0,0.0,2.0,[20 22],103.0,12.0,65.0,4.0,90.0,13.0,128.0,22.0,98.0,16.0
21,43,2.0,0.0,2.0,[20 22],98.0,16.0,90.0,13.0,103.0,12.0,230.0,36.0,128.0,22.0
21,44,2.0,0.0,2.0,[20 22],128.0,22.0,103.0,12.0,98.0,16.0,286.0,50.0,230.0,36.0
21,45,2.0,0.0,2.0,[20 22],230.0,36.0,98.0,16.0,128.0,22.0,276.0,74.0,286.0,50.0
21,46,2.0,0.0,2.0,[20 22],286.0,50.0,128.0,22.0,230.0,36.0,330.0,70.0,276.0,74.0
21,47,2.0,0.0,2.0,[20 22],276.0,74.0,230.0,36.0,286.0,50.0,304.0,137.0,330.0,70.0
21,48,2.0,0.0,2.0,[20 22],330.0,70.0,286.0,50.0,276.0,74.0,310.0,179.0,304.0,137.0
21,49,2.0,0.0,2.0,[20 22],304.0,137.0,276.0,74.0,330.0,70.0,226.0,149.0,310.0,179.0
21,50,2.0,0.0,2.0,[20 22],310.0,179.0,330.0,70.0,304.0,137.0,192.0,227.0,226.0,149.0
21,51,2.0,0.0,2.0,[20 22],226.0,149.0,304.0,137.0,310.0,179.0,119.0,94.0,192.0,227.0
21,52,2.0,0.0,2.0,[20 22],192.0,227.0,310.0,179.0,226.0,149.0,108.0,107.0,119.0,94.0
21,53,2.0,0.0,2.0,[20 22],119.0,94.0,226.0,149.0,192.0,227.0,100.0,67.0,108.0,107.0
21,54,2.0,0.0,2.0,[20 22],108.0,107.0,192.0,227.0,119.0,94.0,80.0,127.0,100.0,67.0
21,55,2.0,0.0,2.0,[20 22],100.0,67.0,119.0,94.0,108.0,107.0,70.0,63.0,80.0,127.0
21,56,2.0,0.0,2.0,[20 22],80.0,127.0,108.0,107.0,100.0,67.0,71.0,55.0,70.0,63.0
21,57,2.0,0.0,2.0,[20 22],70.0,63.0,100.0,67.0,80.0,127.0,51.0,76.0,71.0,55.0
21,58,2.0,0.0,2.0,[20 22],71.0,55.0,80.0,127.0,70.0,63.0,42.0,27.0,51.0,76.0
21,59,2.0,0.0,2.0,[20 22],51.0,76.0,70.0,63.0,71.0,55.0,54.0,64.0,42.0,27.0
21,60,2.0,0.0,2.0,[20 22],42.0,27.0,71.0,55.0,51.0,76.0,39.0,43.0,54.0,64.0
21,61,2.0,0.0,2.0,[20 22],54.0,64.0,51.0,76.0,42.0,27.0,41.0,42.0,39.0,43.0
21,62,2.0,0.0,2.0,[20 22],39.0,43.0,42.0,27.0,54.0,64.0,48.0,33.0,41.0,42.0
21,63,2.0,0.0,2.0,[20 22],41.0,42.0,54.0,64.0,39.0,43.0,58.0,58.0,48.0,33.0
21,64,2.0,0.0,2.0,[20 22],48.0,33.0,39.0,43.0,41.0,42.0,43.0,27.0,58.0,58.0
21,65,2.0,0.0,2.0,[20 22],58.0,58.0,41.0,42.0,48.0,33.0,71.0,21.0,43.0,27.0
21,66,2.0,0.0,2.0,[20 22],43.0,27.0,48.0,33.0,58.0,58.0,59.0,45.0,71.0,21.0
21,67,2.0,0.0,2.0,[20 22],71.0,21.0,58.0,58.0,43.0,27.0,45.0,23.0,59.0,45.0
21,68,2.0,0.0,2.0,[20 22],59.0,45.0,43.0,27.0,71.0,21.0,36.0,33.0,45.0,23.0
21,69,2.0,0.0,2.0,[20 22],45.0,23.0,71.0,21.0,59.0,45.0,44.0,45.0,36.0,33.0
21,70,2.0,0.0,2.0,[20 22],36.0,33.0,59.0,45.0,45.0,23.0,43.0,18.0,44.0,45.0
21,71,2.0,0.0,2.0,[20 22],44.0,45.0,45.0,23.0,36.0,33.0,67.0,37.0,43.0,18.0
21,72,2.0,0.0,2.0,[20 22],43.0,18.0,36.0,33.0,44.0,45.0,50.0,54.0,67.0,37.0
21,73,2.0,0.0,2.0,[20 22],67.0,37.0,44.0,45.0,43.0,18.0,52.0,37.0,50.0,54.0
21,74,2.0,0.0,2.0,[20 22],50.0,54.0,43.0,18.0,67.0,37.0,50.0,26.0,52.0,37.0
21,75,2.0,0.0,2.0,[20 22],52.0,37.0,67.0,37.0,50.0,54.0,44.0,65.0,50.0,26.0
21,76,2.0,0.0,2.0,[20 22],50.0,26.0,50.0,54.0,52.0,37.0,62.0,35.0,44.0,65.0
21,77,2.0,0.0,2.0,[20 22],44.0,65.0,52.0,37.0,50.0,26.0,57.0,34.0,62.0,35.0
21,78,2.0,0.0,2.0,[20 22],62.0,35.0,50.0,26.0,44.0,65.0,51.0,54.0,57.0,34.0
21,79,2.0,0.0,2.0,[20 22],57.0,34.0,44.0,65.0,62.0,35.0,50.0,35.0,51.0,54.0
21,80,2.0,0.0,2.0,[20 22],51.0,54.0,62.0,35.0,57.0,34.0,60.0,32.0,50.0,35.0
21,81,2.0,0.0,2.0,[20 22],50.0,35.0,57.0,34.0,51.0,54.0,42.0,51.0,60.0,32.0
21,82,2.0,0.0,2.0,[20 22],60.0,32.0,51.0,54.0,50.0,35.0,39.0,31.0,42.0,51.0
21,83,2.0,0.0,2.0,[20 22],42.0,51.0,50.0,35.0,60.0,32.0,48.0,32.0,39.0,31.0
21,84,2.0,0.0,2.0,[20 22],39.0,31.0,60.0,32.0,42.0,51.0,41.0,26.0,48.0,32.0
21,85,2.0,0.0,2.0,[20 22],48.0,32.0,42.0,51.0,39.0,31.0,42.0,60.0,41.0,26.0
21,86,2.0,0.0,2.0,[20 22],41.0,26.0,39.0,31.0,48.0,32.0,43.0,32.0,42.0,60.0
21,87,2.0,0.0,2.0,[20 22],42.0,60.0,48.0,32.0,41.0,26.0,34.0,52.0,43.0,32.0
21,88,2.0,0.0,2.0,[20 22],43.0,32.0,41.0,26.0,42.0,60.0,47.0,25.0,34.0,52.0
21,89,2.0,0.0,2.0,[20 22],34.0,52.0,42.0,60.0,43.0,32.0,65.0,35.0,47.0,25.0
21,90,2.0,0.0,2.0,[20 22],47.0,25.0,43.0,32.0,34.0,52.0,54.0,73.0,65.0,35.0
21,91,2.0,0.0,2.0,[20 22],65.0,35.0,34.0,52.0,47.0,25.0,49.0,30.0,54.0,73.0
21,92,2.0,0.0,2.0,[20 22],54.0,73.0,47.0,25.0,65.0,35.0,65.0,48.0,49.0,30.0
21,93,2.0,0.0,2.0,[20 22],49.0,30.0,65.0,35.0,54.0,73.0,39.0,78.0,65.0,48.0
21,94,2.0,0.0,2.0,[20 22],65.0,48.0,54.0,73.0,49.0,30.0,36.0,28.0,39.0,78.0
21,95,2.0,0.0,2.0,[20 22],39.0,78.0,49.0,30.0,65.0,48.0,54.0,42.0,36.0,28.0
21,96,2.0,0.0,2.0,[20 22],36.0,28.0,65.0,48.0,39.0,78.0,50.0,67.0,54.0,42.0
21,97,2.0,0.0,2.0,[20 22],54.0,42.0,39.0,78.0,36.0,28.0,54.0,35.0,50.0,67.0
21,98,2.0,0.0,2.0,[20 22],50.0,67.0,36.0,28.0,54.0,42.0,63.0,32.0,54.0,35.0
21,99,2.0,0.0,2.0,[20 22],54.0,35.0,54.0,42.0,50.0,67.0,56.0,87.0,63.0,32.0
21,100,2.0,0.0,2.0,[20 22],63.0,32.0,50.0,67.0,54.0,35.0,69.0,46.0,56.0,87.0
21,101,2.0,0.0,2.0,[20 22],56.0,87.0,54.0,35.0,63.0,32.0,101.0,57.0,69.0,46.0
21,102,2.0,0.0,2.0,[20 22],69.0,46.0,63.0,32.0,56.0,87.0,83.0,115.0,101.0,57.0
21,103,2.0,0.0,2.0,[20 22],101.0,57.0,56.0,87.0,69.0,46.0,88.0,74.0,83.0,115.0
21,104,2.0,0.0,2.0,[20 22],83.0,115.0,69.0,46.0,101.0,57.0,76.0,114.0,88.0,74.0
21,105,2.0,0.0,2.0,[20 22],88.0,74.0,101.0,57.0,83.0,115.0,94.0,167.0,76.0,114.0
21,106,2.0,0.0,2.0,[20 22],76.0,114.0,83.0,115.0,88.0,74.0,75.0,154.0,94.0,167.0
21,107,2.0,0.0,2.0,[20 22],94.0,167.0,88.0,74.0,76.0,114.0,130.0,192.0,75.0,154.0
21,108,2.0,0.0,2.0,[20 22],75.0,154.0,76.0,114.0,94.0,167.0,88.0,175.0,130.0,192.0
21,109,2.0,0.0,2.0,[20 22],130.0,192.0,94.0,167.0,75.0,154.0,87.0,161.0,88.0,175.0
21,110,2.0,0.0,2.0,[20 22],88.0,175.0,75.0,154.0,130.0,192.0,52.0,133.0,87.0,161.0
21,111,2.0,0.0,2.0,[20 22],87.0,161.0,130.0,192.0,88.0,175.0,64.0,187.0,52.0,133.0
21,112,2.0,0.0,2.0,[20 22],52.0,133.0,88.0,175.0,87.0,161.0,47.0,135.0,64.0,187.0
21,113,2.0,0.0,2.0,[20 22],64.0,187.0,87.0,161.0,52.0,133.0,49.0,180.0,47.0,135.0
21,114,2.0,0.0,2.0,[20 22],47.0,135.0,52.0,133.0,64.0,187.0,47.0,92.0,49.0,180.0
21,115,2.0,0.0,2.0,[20 22],49.0,180.0,64.0,187.0,47.0,135.0,40.0,87.0,47.0,92.0
21,116,2.0,0.0,2.0,[20 22],47.0,92.0,47.0,135.0,49.0,180.0,39.0,128.0,40.0,87.0
21,117,2.0,0.0,2.0,[20 22],40.0,87.0,49.0,180.0,47.0,92.0,36.0,82.0,39.0,128.0
21,118,2.0,0.0,2.0,[20 22],39.0,128.0,47.0,92.0,40.0,87.0,50.0,85.0,36.0,82.0
21,119,2.0,0.0,2.0,[20 22],36.0,82.0,40.0,87.0,39.0,128.0,54.0,105.0,50.0,85.0
21,120,2.0,0.0,2.0,[20 22],50.0,85.0,39.0,128.0,36.0,82.0,31.0,112.0,54.0,105.0
21,121,2.0,0.0,2.0,[20 22],54.0,105.0,36.0,82.0,50.0,85.0,32.0,146.0,31.0,112.0
21,122,2.0,0.0,2.0,[20 22],31.0,112.0,50.0,85.0,54.0,105.0,31.0,96.0,32.0,146.0
21,123,2.0,0.0,2.0,[20 22],32.0,146.0,54.0,105.0,31.0,112.0,32.0,76.0,31.0,96.0
21,124,2.0,0.0,2.0,[20 22],31.0,96.0,31.0,112.0,32.0,146.0,44.0,72.0,32.0,76.0
21,125,2.0,0.0,2.0,[20 22],32.0,76.0,32.0,146.0,31.0,96.0,32.0,89.0,44.0,72.0
21,126,2.0,0.0,2.0,[20 22],44.0,72.0,31.0,96.0,32.0,76.0,12.0,85.0,32.0,89.0
21,127,2.0,0.0,2.0,[20 22],32.0,89.0,32.0,76.0,44.0,72.0,35.0,110.0,12.0,85.0
21,128,2.0,0.0,2.0,[20 22],12.0,85.0,44.0,72.0,32.0,89.0,14.0,62.0,35.0,110.0
21,129,2.0,0.0,2.0,[20 22],35.0,110.0,32.0,89.0,12.0,85.0,10.0,78.0,14.0,62.0
21,130,2.0,0.0,2.0,[20 22],14.0,62.0,12.0,85.0,35.0,110.0,14.0,74.0,10.0,78.0
21,131,2.0,0.0,2.0,[20 22],10.0,78.0,35.0,110.0,14.0,62.0,13.0,74.0,14.0,74.0
21,132,2.0,0.0,2.0,[20 22],14.0,74.0,14.0,62.0,10.0,78.0,12.0,65.0,13.0,74.0
21,133,2.0,0.0,2.0,[20 22],13.0,74.0,10.0,78.0,14.0,74.0,14.0,14.0,12.0,65.0
21,134,2.0,0.0,2.0,[20 22],12.0,65.0,14.0,74.0,13.0,74.0,7.0,69.0,14.0,14.0
21,135,2.0,0.0,2.0,[20 22],14.0,14.0,13.0,74.0,12.0,65.0,3.0,50.0,7.0,69.0
21,136,2.0,0.0,2.0,[20 22],7.0,69.0,12.0,65.0,14.0,14.0,1.0,43.0,3.0,50.0
21,137,2.0,0.0,2.0,[20 22],3.0,50.0,14.0,14.0,7.0,69.0,3.0,36.0,1.0,43.0
21,138,2.0,0.0,2.0,[20 22],1.0,43.0,7.0,69.0,3.0,50.0,1.0,26.0,3.0,36.0
21,139,2.0,0.0,2.0,[20 22],3.0,36.0,3.0,50.0,1.0,43.0,0.0,19.0,1.0,26.0
21,140,2.0,0.0,2.0,[20 22],1.0,26.0,1.0,43.0,3.0,36.0,0.0,4.0,0.0,19.0
21,141,2.0,0.0,2.0,[20 22],0.0,19.0,3.0,36.0,1.0,26.0,0.0,2.0,0.0,4.0
21,142,2.0,0.0,2.0,[20 22],0.0,4.0,1.0,26.0,0.0,19.0,0.0,0.0,0.0,2.0
21,143,2.0,0.0,2.0,[20 22],0.0,2.0,0.0,19.0,0.0,4.0,0.0,0.0,0.0,0.0
22,0,2.0,0.0,2.0,[21 23],0.0,2.0,0.0,0.0,0.0,0.0,0.0,0.0,0.0,0.0
22,1,2.0,0.0,2.0,[21 23],0.0,0.0,0.0,0.0,0.0,2.0,0.0,0.0,0.0,0.0
22,2,2.0,0.0,2.0,[21 23],0.0,0.0,0.0,2.0,0.0,0.0,0.0,0.0,0.0,0.0
22,3,2.0,0.0,2.0,[21 23],0.0,0.0,0.0,0.0,0.0,0.0,0.0,0.0,0.0,0.0
22,4,2.0,0.0,2.0,[21 23],0.0,0.0,0.0,0.0,0.0,0.0,0.0,0.0,0.0,0.0
22,5,2.0,0.0,2.0,[21 23],0.0,0.0,0.0,0.0,0.0,0.0,0.0,0.0,0.0,0.0
22,6,2.0,0.0,2.0,[21 23],0.0,0.0,0.0,0.0,0.0,0.0,0.0,0.0,0.0,0.0
22,7,2.0,0.0,2.0,[21 23],0.0,0.0,0.0,0.0,0.0,0.0,0.0,0.0,0.0,0.0
22,8,2.0,0.0,2.0,[21 23],0.0,0.0,0.0,0.0,0.0,0.0,0.0,0.0,0.0,0.0
22,9,2.0,0.0,2.0,[21 23],0.0,0.0,0.0,0.0,0.0,0.0,0.0,0.0,0.0,0.0
22,10,2.0,0.0,2.0,[21 23],0.0,0.0,0.0,0.0,0.0,0.0,0.0,0.0,0.0,0.0
22,11,2.0,0.0,2.0,[21 23],0.0,0.0,0.0,0.0,0.0,0.0,0.0,0.0,0.0,0.0
22,12,2.0,0.0,2.0,[21 23],0.0,0.0,0.0,0.0,0.0,0.0,0.0,0.0,0.0,0.0
22,13,2.0,0.0,2.0,[21 23],0.0,0.0,0.0,0.0,0.0,0.0,0.0,0.0,0.0,0.0
22,14,2.0,0.0,2.0,[21 23],0.0,0.0,0.0,0.0,0.0,0.0,0.0,0.0,0.0,0.0
22,15,2.0,0.0,2.0,[21 23],0.0,0.0,0.0,0.0,0.0,0.0,0.0,0.0,0.0,0.0
22,16,2.0,0.0,2.0,[21 23],0.0,0.0,0.0,0.0,0.0,0.0,0.0,0.0,0.0,0.0
22,17,2.0,0.0,2.0,[21 23],0.0,0.0,0.0,0.0,0.0,0.0,0.0,0.0,0.0,0.0
22,18,2.0,0.0,2.0,[21 23],0.0,0.0,0.0,0.0,0.0,0.0,0.0,0.0,0.0,0.0
22,19,2.0,0.0,2.0,[21 23],0.0,0.0,0.0,0.0,0.0,0.0,0.0,0.0,0.0,0.0
22,20,2.0,0.0,2.0,[21 23],0.0,0.0,0.0,0.0,0.0,0.0,0.0,0.0,0.0,0.0
22,21,2.0,0.0,2.0,[21 23],0.0,0.0,0.0,0.0,0.0,0.0,0.0,0.0,0.0,0.0
22,22,2.0,0.0,2.0,[21 23],0.0,0.0,0.0,0.0,0.0,0.0,0.0,0.0,0.0,0.0
22,23,2.0,0.0,2.0,[21 23],0.0,0.0,0.0,0.0,0.0,0.0,0.0,0.0,0.0,0.0
22,24,2.0,0.0,2.0,[21 23],0.0,0.0,0.0,0.0,0.0,0.0,0.0,0.0,0.0,0.0
22,25,2.0,0.0,2.0,[21 23],0.0,0.0,0.0,0.0,0.0,0.0,0.0,0.0,0.0,0.0
22,26,2.0,0.0,2.0,[21 23],0.0,0.0,0.0,0.0,0.0,0.0,0.0,0.0,0.0,0.0
22,27,2.0,0.0,2.0,[21 23],0.0,0.0,0.0,0.0,0.0,0.0,0.0,0.0,0.0,0.0
22,28,2.0,0.0,2.0,[21 23],0.0,0.0,0.0,0.0,0.0,0.0,0.0,0.0,0.0,0.0
22,29,2.0,0.0,2.0,[21 23],0.0,0.0,0.0,0.0,0.0,0.0,0.0,0.0,0.0,0.0
22,30,2.0,0.0,2.0,[21 23],0.0,0.0,0.0,0.0,0.0,0.0,0.0,0.0,0.0,0.0
22,31,2.0,0.0,2.0,[21 23],0.0,0.0,0.0,0.0,0.0,0.0,0.0,0.0,0.0,0.0
22,32,2.0,0.0,2.0,[21 23],0.0,0.0,0.0,0.0,0.0,0.0,10.0,1.0,0.0,0.0
22,33,2.0,0.0,2.0,[21 23],0.0,0.0,0.0,0.0,0.0,0.0,35.0,0.0,10.0,1.0
22,34,2.0,0.0,2.0,[21 23],10.0,1.0,0.0,0.0,0.0,0.0,62.0,1.0,35.0,0.0
22,35,2.0,0.0,2.0,[21 23],35.0,0.0,0.0,0.0,10.0,1.0,68.0,5.0,62.0,1.0
22,36,2.0,0.0,2.0,[21 23],62.0,1.0,10.0,1.0,35.0,0.0,83.0,8.0,68.0,5.0
22,37,2.0,0.0,2.0,[21 23],68.0,5.0,35.0,0.0,62.0,1.0,99.0,5.0,83.0,8.0
22,38,2.0,0.0,2.0,[21 23],83.0,8.0,62.0,1.0,68.0,5.0,170.0,19.0,99.0,5.0
22,39,2.0,0.0,2.0,[21 23],99.0,5.0,68.0,5.0,83.0,8.0,155.0,35.0,170.0,19.0
22,40,2.0,0.0,2.0,[21 23],170.0,19.0,83.0,8.0,99.0,5.0,258.0,26.0,155.0,35.0
22,41,2.0,0.0,2.0,[21 23],155.0,35.0,99.0,5.0,170.0,19.0,288.0,87.0,258.0,26.0
22,42,2.0,0.0,2.0,[21 23],258.0,26.0,170.0,19.0,155.0,35.0,420.0,47.0,288.0,87.0
22,43,2.0,0.0,2.0,[21 23],288.0,87.0,155.0,35.0,258.0,26.0,660.0,89.0,420.0,47.0
22,44,2.0,0.0,2.0,[21 23],420.0,47.0,258.0,26.0,288.0,87.0,710.0,112.0,660.0,89.0
22,45,2.0,0.0,2.0,[21 23],660.0,89.0,288.0,87.0,420.0,47.0,741.0,127.0,710.0,112.0
22,46,2.0,0.0,2.0,[21 23],710.0,112.0,420.0,47.0,660.0,89.0,830.0,269.0,741.0,127.0
22,47,2.0,0.0,2.0,[21 23],741.0,127.0,660.0,89.0,710.0,112.0,831.0,227.0,830.0,269.0
22,48,2.0,0.0,2.0,[21 23],830.0,269.0,710.0,112.0,741.0,127.0,722.0,261.0,831.0,227.0
22,49,2.0,0.0,2.0,[21 23],831.0,227.0,741.0,127.0,830.0,269.0,611.0,256.0,722.0,261.0
22,50,2.0,0.0,2.0,[21 23],722.0,261.0,830.0,269.0,831.0,227.0,416.0,361.0,611.0,256.0
22,51,2.0,0.0,2.0,[21 23],611.0,256.0,831.0,227.0,722.0,261.0,306.0,355.0,416.0,361.0
22,52,2.0,0.0,2.0,[21 23],416.0,361.0,722.0,261.0,611.0,256.0,245.0,172.0,306.0,355.0
22,53,2.0,0.0,2.0,[21 23],306.0,355.0,611.0,256.0,416.0,361.0,248.0,135.0,245.0,172.0
22,54,2.0,0.0,2.0,[21 23],245.0,172.0,416.0,361.0,306.0,355.0,216.0,143.0,248.0,135.0
22,55,2.0,0.0,2.0,[21 23],248.0,135.0,306.0,355.0,245.0,172.0,189.0,157.0,216.0,143.0
22,56,2.0,0.0,2.0,[21 23],216.0,143.0,245.0,172.0,248.0,135.0,178.0,86.0,189.0,157.0
22,57,2.0,0.0,2.0,[21 23],189.0,157.0,248.0,135.0,216.0,143.0,174.0,105.0,178.0,86.0
22,58,2.0,0.0,2.0,[21 23],178.0,86.0,216.0,143.0,189.0,157.0,164.0,172.0,174.0,105.0
22,59,2.0,0.0,2.0,[21 23],174.0,105.0,189.0,157.0,178.0,86.0,122.0,94.0,164.0,172.0
22,60,2.0,0.0,2.0,[21 23],164.0,172.0,178.0,86.0,174.0,105.0,180.0,84.0,122.0,94.0
22,61,2.0,0.0,2.0,[21 23],122.0,94.0,174.0,105.0,164.0,172.0,140.0,191.0,180.0,84.0
22,62,2.0,0.0,2.0,[21 23],180.0,84.0,164.0,172.0,122.0,94.0,165.0,82.0,140.0,191.0
22,63,2.0,0.0,2.0,[21 23],140.0,191.0,122.0,94.0,180.0,84.0,108.0,86.0,165.0,82.0
22,64,2.0,0.0,2.0,[21 23],165.0,82.0,180.0,84.0,140.0,191.0,135.0,155.0,108.0,86.0
22,65,2.0,0.0,2.0,[21 23],108.0,86.0,140.0,191.0,165.0,82.0,140.0,86.0,135.0,155.0
22,66,2.0,0.0,2.0,[21 23],135.0,155.0,165.0,82.0,108.0,86.0,135.0,119.0,140.0,86.0
22,67,2.0,0.0,2.0,[21 23],140.0,86.0,108.0,86.0,135.0,155.0,111.0,159.0,135.0,119.0
22,68,2.0,0.0,2.0,[21 23],135.0,119.0,135.0,155.0,140.0,86.0,131.0,120.0,111.0,159.0
22,69,2.0,0.0,2.0,[21 23],111.0,159.0,140.0,86.0,135.0,119.0,131.0,120.0,131.0,120.0
22,70,2.0,0.0,2.0,[21 23],131.0,120.0,135.0,119.0,111.0,159.0,155.0,179.0,131.0,120.0
22,71,2.0,0.0,2.0,[21 23],131.0,120.0,111.0,159.0,131.0,120.0,171.0,150.0,155.0,179.0
22,72,2.0,0.0,2.0,[21 23],155.0,179.0,131.0,120.0,131.0,120.0,171.0,105.0,171.0,150.0
22,73,2.0,0.0,2.0,[21 23],171.0,150.0,131.0,120.0,155.0,179.0,171.0,207.0,171.0,105.0
22,74,2.0,0.0,2.0,[21 23],171.0,105.0,155.0,179.0,171.0,150.0,162.0,112.0,171.0,207.0
22,75,2.0,0.0,2.0,[21 23],171.0,207.0,171.0,150.0,171.0,105.0,197.0,154.0,162.0,112.0
22,76,2.0,0.0,2.0,[21 23],162.0,112.0,171.0,105.0,171.0,207.0,190.0,154.0,197.0,154.0
22,77,2.0,0.0,2.0,[21 23],197.0,154.0,171.0,207.0,162.0,112.0,191.0,124.0,190.0,154.0
22,78,2.0,0.0,2.0,[21 23],190.0,154.0,162.0,112.0,197.0,154.0,173.0,181.0,191.0,124.0
22,79,2.0,0.0,2.0,[21 23],191.0,124.0,197.0,154.0,190.0,154.0,165.0,209.0,173.0,181.0
22,80,2.0,0.0,2.0,[21 23],173.0,181.0,190.0,154.0,191.0,124.0,167.0,123.0,165.0,209.0
22,81,2.0,0.0,2.0,[21 23],165.0,209.0,191.0,124.0,173.0,181.0,161.0,108.0,167.0,123.0
22,82,2.0,0.0,2.0,[21 23],167.0,123.0,173.0,181.0,165.0,209.0,152.0,220.0,161.0,108.0
22,83,2.0,0.0,2.0,[21 23],161.0,108.0,165.0,209.0,167.0,123.0,150.0,142.0,152.0,220.0
22,84,2.0,0.0,2.0,[21 23],152.0,220.0,167.0,123.0,161.0,108.0,167.0,90.0,150.0,142.0
22,85,2.0,0.0,2.0,[21 23],150.0,142.0,161.0,108.0,152.0,220.0,152.0,242.0,167.0,90.0
22,86,2.0,0.0,2.0,[21 23],167.0,90.0,152.0,220.0,150.0,142.0,168.0,99.0,152.0,242.0
22,87,2.0,0.0,2.0,[21 23],152.0,242.0,150.0,142.0,167.0,90.0,152.0,167.0,168.0,99.0
22,88,2.0,0.0,2.0,[21 23],168.0,99.0,167.0,90.0,152.0,242.0,157.0,201.0,152.0,167.0
22,89,2.0,0.0,2.0,[21 23],152.0,167.0,152.0,242.0,168.0,99.0,133.0,110.0,157.0,201.0
22,90,2.0,0.0,2.0,[21 23],157.0,201.0,168.0,99.0,152.0,167.0,160.0,150.0,133.0,110.0
22,91,2.0,0.0,2.0,[21 23],133.0,110.0,152.0,167.0,157.0,201.0,157.0,269.0,160.0,150.0
22,92,2.0,0.0,2.0,[21 23],160.0,150.0,157.0,201.0,133.0,110.0,142.0,155.0,157.0,269.0
22,93,2.0,0.0,2.0,[21 23],157.0,269.0,133.0,110.0,160.0,150.0,153.0,216.0,142.0,155.0
22,94,2.0,0.0,2.0,[21 23],142.0,155.0,160.0,150.0,157.0,269.0,146.0,268.0,153.0,216.0
22,95,2.0,0.0,2.0,[21 23],153.0,216.0,157.0,269.0,142.0,155.0,186.0,171.0,146.0,268.0
22,96,2.0,0.0,2.0,[21 23],146.0,268.0,142.0,155.0,153.0,216.0,158.0,170.0,186.0,171.0
22,97,2.0,0.0,2.0,[21 23],186.0,171.0,153.0,216.0,146.0,268.0,153.0,352.0,158.0,170.0
22,98,2.0,0.0,2.0,[21 23],158.0,170.0,146.0,268.0,186.0,171.0,183.0,195.0,153.0,352.0
22,99,2.0,0.0,2.0,[21 23],153.0,352.0,186.0,171.0,158.0,170.0,198.0,198.0,183.0,195.0
22,100,2.0,0.0,2.0,[21 23],183.0,195.0,158.0,170.0,153.0,352.0,192.0,349.0,198.0,198.0
22,101,2.0,0.0,2.0,[21 23],198.0,198.0,153.0,352.0,183.0,195.0,240.0,222.0,192.0,349.0
22,102,2.0,0.0,2.0,[21 23],192.0,349.0,183.0,195.0,198.0,198.0,272.0,292.0,240.0,222.0
22,103,2.0,0.0,2.0,[21 23],240.0,222.0,198.0,198.0,192.0,349.0,296.0,537.0,272.0,292.0
22,104,2.0,0.0,2.0,[21 23],272.0,292.0,192.0,349.0,240.0,222.0,330.0,306.0,296.0,537.0
22,105,2.0,0.0,2.0,[21 23],296.0,537.0,240.0,222.0,272.0,292.0,279.0,683.0,330.0,306.0
22,106,2.0,0.0,2.0,[21 23],330.0,306.0,272.0,292.0,296.0,537.0,235.0,633.0,279.0,683.0
22,107,2.0,0.0,2.0,[21 23],279.0,683.0,296.0,537.0,330.0,306.0,282.0,540.0,235.0,633.0
22,108,2.0,0.0,2.0,[21 23],235.0,633.0,330.0,306.0,279.0,683.0,216.0,694.0,282.0,540.0
22,109,2.0,0.0,2.0,[21 23],282.0,540.0,279.0,683.0,235.0,633.0,233.0,907.0,216.0,694.0
22,110,2.0,0.0,2.0,[21 23],216.0,694.0,235.0,633.0,282.0,540.0,196.0,635.0,233.0,907.0
22,111,2.0,0.0,2.0,[21 23],233.0,907.0,282.0,540.0,216.0,694.0,162.0,626.0,196.0,635.0
22,112,2.0,0.0,2.0,[21 23],196.0,635.0,216.0,694.0,233.0,907.0,212.0,418.0,162.0,626.0
22,113,2.0,0.0,2.0,[21 23],162.0,626.0,233.0,907.0,196.0,635.0,185.0,337.0,212.0,418.0
22,114,2.0,0.0,2.0,[21 23],212.0,418.0,196.0,635.0,162.0,626.0,212.0,534.0,185.0,337.0
22,115,2.0,0.0,2.0,[21 23],185.0,337.0,162.0,626.0,212.0,418.0,215.0,320.0,212.0,534.0
22,116,2.0,0.0,2.0,[21 23],212.0,534.0,212.0,418.0,185.0,337.0,168.0,259.0,215.0,320.0
22,117,2.0,0.0,2.0,[21 23],215.0,320.0,185.0,337.0,212.0,534.0,182.0,403.0,168.0,259.0
22,118,2.0,0.0,2.0,[21 23],168.0,259.0,212.0,534.0,215.0,320.0,219.0,252.0,182.0,403.0
22,119,2.0,0.0,2.0,[21 23],182.0,403.0,215.0,320.0,168.0,259.0,267.0,244.0,219.0,252.0
22,120,2.0,0.0,2.0,[21 23],219.0,252.0,168.0,259.0,182.0,403.0,254.0,214.0,267.0,244.0
22,121,2.0,0.0,2.0,[21 23],267.0,244.0,182.0,403.0,219.0,252.0,246.0,215.0,254.0,214.0
22,122,2.0,0.0,2.0,[21 23],254.0,214.0,219.0,252.0,267.0,244.0,273.0,266.0,246.0,215.0
22,123,2.0,0.0,2.0,[21 23],246.0,215.0,267.0,244.0,254.0,214.0,226.0,461.0,273.0,266.0
22,124,2.0,0.0,2.0,[21 23],273.0,266.0,254.0,214.0,246.0,215.0,263.0,261.0,226.0,461.0
22,125,2.0,0.0,2.0,[21 23],226.0,461.0,246.0,215.0,273.0,266.0,204.0,243.0,263.0,261.0
22,126,2.0,0.0,2.0,[21 23],263.0,261.0,273.0,266.0,226.0,461.0,208.0,216.0,204.0,243.0
22,127,2.0,0.0,2.0,[21 23],204.0,243.0,226.0,461.0,263.0,261.0,170.0,243.0,208.0,216.0
22,128,2.0,0.0,2.0,[21 23],208.0,216.0,263.0,261.0,204.0,243.0,153.0,164.0,170.0,243.0
22,129,2.0,0.0,2.0,[21 23],170.0,243.0,204.0,243.0,208.0,216.0,145.0,176.0,153.0,164.0
22,130,2.0,0.0,2.0,[21 23],153.0,164.0,208.0,216.0,170.0,243.0,196.0,169.0,145.0,176.0
22,131,2.0,0.0,2.0,[21 23],145.0,176.0,170.0,243.0,153.0,164.0,136.0,114.0,196.0,169.0
22,132,2.0,0.0,2.0,[21 23],196.0,169.0,153.0,164.0,145.0,176.0,116.0,150.0,136.0,114.0
22,133,2.0,0.0,2.0,[21 23],136.0,114.0,145.0,176.0,196.0,169.0,61.0,137.0,116.0,150.0
22,134,2.0,0.0,2.0,[21 23],116.0,150.0,196.0,169.0,136.0,114.0,51.0,178.0,61.0,137.0
22,135,2.0,0.0,2.0,[21 23],61.0,137.0,136.0,114.0,116.0,150.0,36.0,154.0,51.0,178.0
22,136,2.0,0.0,2.0,[21 23],51.0,178.0,116.0,150.0,61.0,137.0,23.0,96.0,36.0,154.0
22,137,2.0,0.0,2.0,[21 23],36.0,154.0,61.0,137.0,51.0,178.0,10.0,95.0,23.0,96.0
22,138,2.0,0.0,2.0,[21 23],23.0,96.0,51.0,178.0,36.0,154.0,0.0,53.0,10.0,95.0
22,139,2.0,0.0,2.0,[21 23],10.0,95.0,36.0,154.0,23.0,96.0,4.0,32.0,0.0,53.0
22,140,2.0,0.0,2.0,[21 23],0.0,53.0,23.0,96.0,10.0,95.0,1.0,1.0,4.0,32.0
22,141,2.0,0.0,2.0,[21 23],4.0,32.0,10.0,95.0,0.0,53.0,0.0,11.0,1.0,1.0
22,142,2.0,0.0,2.0,[21 23],1.0,1.0,0.0,53.0,4.0,32.0,0.0,0.0,0.0,11.0
22,143,2.0,0.0,2.0,[21 23],0.0,11.0,4.0,32.0,1.0,1.0,0.0,0.0,0.0,0.0
23,0,2.0,0.0,2.0,[22 24],0.0,1.0,0.0,0.0,0.0,0.0,0.0,0.0,0.0,0.0
23,1,2.0,0.0,2.0,[22 24],0.0,0.0,0.0,0.0,0.0,1.0,0.0,0.0,0.0,0.0
23,2,2.0,0.0,2.0,[22 24],0.0,0.0,0.0,1.0,0.0,0.0,0.0,0.0,0.0,0.0
23,3,2.0,0.0,2.0,[22 24],0.0,0.0,0.0,0.0,0.0,0.0,0.0,0.0,0.0,0.0
23,4,2.0,0.0,2.0,[22 24],0.0,0.0,0.0,0.0,0.0,0.0,0.0,0.0,0.0,0.0
23,5,2.0,0.0,2.0,[22 24],0.0,0.0,0.0,0.0,0.0,0.0,0.0,0.0,0.0,0.0
23,6,2.0,0.0,2.0,[22 24],0.0,0.0,0.0,0.0,0.0,0.0,1.0,0.0,0.0,0.0
23,7,2.0,0.0,2.0,[22 24],0.0,0.0,0.0,0.0,0.0,0.0,0.0,0.0,1.0,0.0
23,8,2.0,0.0,2.0,[22 24],1.0,0.0,0.0,0.0,0.0,0.0,0.0,0.0,0.0,0.0
23,9,2.0,0.0,2.0,[22 24],0.0,0.0,0.0,0.0,1.0,0.0,0.0,1.0,0.0,0.0
23,10,2.0,0.0,2.0,[22 24],0.0,0.0,1.0,0.0,0.0,0.0,0.0,0.0,0.0,1.0
23,11,2.0,0.0,2.0,[22 24],0.0,1.0,0.0,0.0,0.0,0.0,0.0,0.0,0.0,0.0
23,12,2.0,0.0,2.0,[22 24],0.0,0.0,0.0,0.0,0.0,1.0,0.0,0.0,0.0,0.0
23,13,2.0,0.0,2.0,[22 24],0.0,0.0,0.0,1.0,0.0,0.0,0.0,0.0,0.0,0.0
23,14,2.0,0.0,2.0,[22 24],0.0,0.0,0.0,0.0,0.0,0.0,0.0,0.0,0.0,0.0
23,15,2.0,0.0,2.0,[22 24],0.0,0.0,0.0,0.0,0.0,0.0,0.0,0.0,0.0,0.0
23,16,2.0,0.0,2.0,[22 24],0.0,0.0,0.0,0.0,0.0,0.0,0.0,0.0,0.0,0.0
23,17,2.0,0.0,2.0,[22 24],0.0,0.0,0.0,0.0,0.0,0.0,0.0,0.0,0.0,0.0
23,18,2.0,0.0,2.0,[22 24],0.0,0.0,0.0,0.0,0.0,0.0,0.0,0.0,0.0,0.0
23,19,2.0,0.0,2.0,[22 24],0.0,0.0,0.0,0.0,0.0,0.0,0.0,0.0,0.0,0.0
23,20,2.0,0.0,2.0,[22 24],0.0,0.0,0.0,0.0,0.0,0.0,0.0,0.0,0.0,0.0
23,21,2.0,0.0,2.0,[22 24],0.0,0.0,0.0,0.0,0.0,0.0,0.0,0.0,0.0,0.0
23,22,2.0,0.0,2.0,[22 24],0.0,0.0,0.0,0.0,0.0,0.0,0.0,0.0,0.0,0.0
23,23,2.0,0.0,2.0,[22 24],0.0,0.0,0.0,0.0,0.0,0.0,0.0,0.0,0.0,0.0
23,24,2.0,0.0,2.0,[22 24],0.0,0.0,0.0,0.0,0.0,0.0,0.0,0.0,0.0,0.0
23,25,2.0,0.0,2.0,[22 24],0.0,0.0,0.0,0.0,0.0,0.0,0.0,0.0,0.0,0.0
23,26,2.0,0.0,2.0,[22 24],0.0,0.0,0.0,0.0,0.0,0.0,0.0,0.0,0.0,0.0
23,27,2.0,0.0,2.0,[22 24],0.0,0.0,0.0,0.0,0.0,0.0,0.0,0.0,0.0,0.0
23,28,2.0,0.0,2.0,[22 24],0.0,0.0,0.0,0.0,0.0,0.0,0.0,0.0,0.0,0.0
23,29,2.0,0.0,2.0,[22 24],0.0,0.0,0.0,0.0,0.0,0.0,0.0,0.0,0.0,0.0
23,30,2.0,0.0,2.0,[22 24],0.0,0.0,0.0,0.0,0.0,0.0,1.0,1.0,0.0,0.0
23,31,2.0,0.0,2.0,[22 24],0.0,0.0,0.0,0.0,0.0,0.0,0.0,0.0,1.0,1.0
23,32,2.0,0.0,2.0,[22 24],1.0,1.0,0.0,0.0,0.0,0.0,16.0,0.0,0.0,0.0
23,33,2.0,0.0,2.0,[22 24],0.0,0.0,0.0,0.0,1.0,1.0,19.0,1.0,16.0,0.0
23,34,2.0,0.0,2.0,[22 24],16.0,0.0,1.0,1.0,0.0,0.0,27.0,1.0,19.0,1.0
23,35,2.0,0.0,2.0,[22 24],19.0,1.0,0.0,0.0,16.0,0.0,37.0,0.0,27.0,1.0
23,36,2.0,0.0,2.0,[22 24],27.0,1.0,16.0,0.0,19.0,1.0,50.0,4.0,37.0,0.0
23,37,2.0,0.0,2.0,[22 24],37.0,0.0,19.0,1.0,27.0,1.0,77.0,12.0,50.0,4.0
23,38,2.0,0.0,2.0,[22 24],50.0,4.0,27.0,1.0,37.0,0.0,76.0,9.0,77.0,12.0
23,39,2.0,0.0,2.0,[22 24],77.0,12.0,37.0,0.0,50.0,4.0,118.0,30.0,76.0,9.0
23,40,2.0,0.0,2.0,[22 24],76.0,9.0,50.0,4.0,77.0,12.0,171.0,14.0,118.0,30.0
23,41,2.0,0.0,2.0,[22 24],118.0,30.0,77.0,12.0,76.0,9.0,192.0,28.0,171.0,14.0
23,42,2.0,0.0,2.0,[22 24],171.0,14.0,76.0,9.0,118.0,30.0,253.0,46.0,192.0,28.0
23,43,2.0,0.0,2.0,[22 24],192.0,28.0,118.0,30.0,171.0,14.0,318.0,90.0,253.0,46.0
23,44,2.0,0.0,2.0,[22 24],253.0,46.0,171.0,14.0,192.0,28.0,378.0,47.0,318.0,90.0
23,45,2.0,0.0,2.0,[22 24],318.0,90.0,192.0,28.0,253.0,46.0,401.0,60.0,378.0,47.0
23,46,2.0,0.0,2.0,[22 24],378.0,47.0,253.0,46.0,318.0,90.0,401.0,78.0,401.0,60.0
23,47,2.0,0.0,2.0,[22 24],401.0,60.0,318.0,90.0,378.0,47.0,447.0,156.0,401.0,78.0
23,48,2.0,0.0,2.0,[22 24],401.0,78.0,378.0,47.0,401.0,60.0,365.0,146.0,447.0,156.0
23,49,2.0,0.0,2.0,[22 24],447.0,156.0,401.0,60.0,401.0,78.0,342.0,120.0,365.0,146.0
23,50,2.0,0.0,2.0,[22 24],365.0,146.0,401.0,78.0,447.0,156.0,218.0,186.0,342.0,120.0
23,51,2.0,0.0,2.0,[22 24],342.0,120.0,447.0,156.0,365.0,146.0,132.0,102.0,218.0,186.0
23,52,2.0,0.0,2.0,[22 24],218.0,186.0,365.0,146.0,342.0,120.0,152.0,167.0,132.0,102.0
23,53,2.0,0.0,2.0,[22 24],132.0,102.0,342.0,120.0,218.0,186.0,124.0,130.0,152.0,167.0
23,54,2.0,0.0,2.0,[22 24],152.0,167.0,218.0,186.0,132.0,102.0,128.0,61.0,124.0,130.0
23,55,2.0,0.0,2.0,[22 24],124.0,130.0,132.0,102.0,152.0,167.0,103.0,57.0,128.0,61.0
23,56,2.0,0.0,2.0,[22 24],128.0,61.0,152.0,167.0,124.0,130.0,100.0,107.0,103.0,57.0
23,57,2.0,0.0,2.0,[22 24],103.0,57.0,124.0,130.0,128.0,61.0,102.0,42.0,100.0,107.0
23,58,2.0,0.0,2.0,[22 24],100.0,107.0,128.0,61.0,103.0,57.0,83.0,80.0,102.0,42.0
23,59,2.0,0.0,2.0,[22 24],102.0,42.0,103.0,57.0,100.0,107.0,103.0,57.0,83.0,80.0
23,60,2.0,0.0,2.0,[22 24],83.0,80.0,100.0,107.0,102.0,42.0,78.0,61.0,103.0,57.0
23,61,2.0,0.0,2.0,[22 24],103.0,57.0,102.0,42.0,83.0,80.0,96.0,59.0,78.0,61.0
23,62,2.0,0.0,2.0,[22 24],78.0,61.0,83.0,80.0,103.0,57.0,79.0,91.0,96.0,59.0
23,63,2.0,0.0,2.0,[22 24],96.0,59.0,103.0,57.0,78.0,61.0,92.0,45.0,79.0,91.0
23,64,2.0,0.0,2.0,[22 24],79.0,91.0,78.0,61.0,96.0,59.0,98.0,78.0,92.0,45.0
23,65,2.0,0.0,2.0,[22 24],92.0,45.0,96.0,59.0,79.0,91.0,88.0,56.0,98.0,78.0
23,66,2.0,0.0,2.0,[22 24],98.0,78.0,79.0,91.0,92.0,45.0,89.0,40.0,88.0,56.0
23,67,2.0,0.0,2.0,[22 24],88.0,56.0,92.0,45.0,98.0,78.0,85.0,81.0,89.0,40.0
23,68,2.0,0.0,2.0,[22 24],89.0,40.0,98.0,78.0,88.0,56.0,111.0,83.0,85.0,81.0
23,69,2.0,0.0,2.0,[22 24],85.0,81.0,88.0,56.0,89.0,40.0,104.0,60.0,111.0,83.0
23,70,2.0,0.0,2.0,[22 24],111.0,83.0,89.0,40.0,85.0,81.0,108.0,104.0,104.0,60.0
23,71,2.0,0.0,2.0,[22 24],104.0,60.0,85.0,81.0,111.0,83.0,121.0,74.0,108.0,104.0
23,72,2.0,0.0,2.0,[22 24],108.0,104.0,111.0,83.0,104.0,60.0,120.0,61.0,121.0,74.0
23,73,2.0,0.0,2.0,[22 24],121.0,74.0,104.0,60.0,108.0,104.0,125.0,91.0,120.0,61.0
23,74,2.0,0.0,2.0,[22 24],120.0,61.0,108.0,104.0,121.0,74.0,125.0,104.0,125.0,91.0
23,75,2.0,0.0,2.0,[22 24],125.0,91.0,121.0,74.0,120.0,61.0,109.0,84.0,125.0,104.0
23,76,2.0,0.0,2.0,[22 24],125.0,104.0,120.0,61.0,125.0,91.0,122.0,107.0,109.0,84.0
23,77,2.0,0.0,2.0,[22 24],109.0,84.0,125.0,91.0,125.0,104.0,109.0,67.0,122.0,107.0
23,78,2.0,0.0,2.0,[22 24],122.0,107.0,125.0,104.0,109.0,84.0,61.0,102.0,109.0,67.0
23,79,2.0,0.0,2.0,[22 24],109.0,67.0,109.0,84.0,122.0,107.0,76.0,107.0,61.0,102.0
23,80,2.0,0.0,2.0,[22 24],61.0,102.0,122.0,107.0,109.0,67.0,93.0,96.0,76.0,107.0
23,81,2.0,0.0,2.0,[22 24],76.0,107.0,109.0,67.0,61.0,102.0,84.0,76.0,93.0,96.0
23,82,2.0,0.0,2.0,[22 24],93.0,96.0,61.0,102.0,76.0,107.0,79.0,142.0,84.0,76.0
23,83,2.0,0.0,2.0,[22 24],84.0,76.0,76.0,107.0,93.0,96.0,91.0,133.0,79.0,142.0
23,84,2.0,0.0,2.0,[22 24],79.0,142.0,93.0,96.0,84.0,76.0,94.0,73.0,91.0,133.0
23,85,2.0,0.0,2.0,[22 24],91.0,133.0,84.0,76.0,79.0,142.0,84.0,109.0,94.0,73.0
23,86,2.0,0.0,2.0,[22 24],94.0,73.0,79.0,142.0,91.0,133.0,87.0,164.0,84.0,109.0
23,87,2.0,0.0,2.0,[22 24],84.0,109.0,91.0,133.0,94.0,73.0,89.0,70.0,87.0,164.0
23,88,2.0,0.0,2.0,[22 24],87.0,164.0,94.0,73.0,84.0,109.0,99.0,104.0,89.0,70.0
23,89,2.0,0.0,2.0,[22 24],89.0,70.0,84.0,109.0,87.0,164.0,66.0,79.0,99.0,104.0
23,90,2.0,0.0,2.0,[22 24],99.0,104.0,87.0,164.0,89.0,70.0,64.0,91.0,66.0,79.0
23,91,2.0,0.0,2.0,[22 24],66.0,79.0,89.0,70.0,99.0,104.0,66.0,110.0,64.0,91.0
23,92,2.0,0.0,2.0,[22 24],64.0,91.0,99.0,104.0,66.0,79.0,63.0,150.0,66.0,110.0
23,93,2.0,0.0,2.0,[22 24],66.0,110.0,66.0,79.0,64.0,91.0,63.0,115.0,63.0,150.0
23,94,2.0,0.0,2.0,[22 24],63.0,150.0,64.0,91.0,66.0,110.0,75.0,91.0,63.0,115.0
23,95,2.0,0.0,2.0,[22 24],63.0,115.0,66.0,110.0,63.0,150.0,88.0,231.0,75.0,91.0
23,96,2.0,0.0,2.0,[22 24],75.0,91.0,63.0,150.0,63.0,115.0,87.0,102.0,88.0,231.0
23,97,2.0,0.0,2.0,[22 24],88.0,231.0,63.0,115.0,75.0,91.0,101.0,173.0,87.0,102.0
23,98,2.0,0.0,2.0,[22 24],87.0,102.0,75.0,91.0,88.0,231.0,92.0,154.0,101.0,173.0
23,99,2.0,0.0,2.0,[22 24],101.0,173.0,88.0,231.0,87.0,102.0,111.0,120.0,92.0,154.0
23,100,2.0,0.0,2.0,[22 24],92.0,154.0,87.0,102.0,101.0,173.0,99.0,166.0,111.0,120.0
23,101,2.0,0.0,2.0,[22 24],111.0,120.0,101.0,173.0,92.0,154.0,122.0,205.0,99.0,166.0
23,102,2.0,0.0,2.0,[22 24],99.0,166.0,92.0,154.0,111.0,120.0,136.0,140.0,122.0,205.0
23,103,2.0,0.0,2.0,[22 24],122.0,205.0,111.0,120.0,99.0,166.0,121.0,160.0,136.0,140.0
23,104,2.0,0.0,2.0,[22 24],136.0,140.0,99.0,166.0,122.0,205.0,127.0,211.0,121.0,160.0
23,105,2.0,0.0,2.0,[22 24],121.0,160.0,122.0,205.0,136.0,140.0,114.0,280.0,127.0,211.0
23,106,2.0,0.0,2.0,[22 24],127.0,211.0,136.0,140.0,121.0,160.0,112.0,333.0,114.0,280.0
23,107,2.0,0.0,2.0,[22 24],114.0,280.0,121.0,160.0,127.0,211.0,152.0,318.0,112.0,333.0
23,108,2.0,0.0,2.0,[22 24],112.0,333.0,127.0,211.0,114.0,280.0,109.0,264.0,152.0,318.0
23,109,2.0,0.0,2.0,[22 24],152.0,318.0,114.0,280.0,112.0,333.0,127.0,455.0,109.0,264.0
23,110,2.0,0.0,2.0,[22 24],109.0,264.0,112.0,333.0,152.0,318.0,119.0,353.0,127.0,455.0
23,111,2.0,0.0,2.0,[22 24],127.0,455.0,152.0,318.0,109.0,264.0,97.0,179.0,119.0,353.0
23,112,2.0,0.0,2.0,[22 24],119.0,353.0,109.0,264.0,127.0,455.0,88.0,295.0,97.0,179.0
23,113,2.0,0.0,2.0,[22 24],97.0,179.0,127.0,455.0,119.0,353.0,123.0,160.0,88.0,295.0
23,114,2.0,0.0,2.0,[22 24],88.0,295.0,119.0,353.0,97.0,179.0,80.0,244.0,123.0,160.0
23,115,2.0,0.0,2.0,[22 24],123.0,160.0,97.0,179.0,88.0,295.0,61.0,158.0,80.0,244.0
23,116,2.0,0.0,2.0,[22 24],80.0,244.0,88.0,295.0,123.0,160.0,66.0,173.0,61.0,158.0
23,117,2.0,0.0,2.0,[22 24],61.0,158.0,123.0,160.0,80.0,244.0,57.0,149.0,66.0,173.0
23,118,2.0,0.0,2.0,[22 24],66.0,173.0,80.0,244.0,61.0,158.0,63.0,239.0,57.0,149.0
23,119,2.0,0.0,2.0,[22 24],57.0,149.0,61.0,158.0,66.0,173.0,82.0,159.0,63.0,239.0
23,120,2.0,0.0,2.0,[22 24],63.0,239.0,66.0,173.0,57.0,149.0,103.0,127.0,82.0,159.0
23,121,2.0,0.0,2.0,[22 24],82.0,159.0,57.0,149.0,63.0,239.0,107.0,135.0,103.0,127.0
23,122,2.0,0.0,2.0,[22 24],103.0,127.0,63.0,239.0,82.0,159.0,106.0,183.0,107.0,135.0
23,123,2.0,0.0,2.0,[22 24],107.0,135.0,82.0,159.0,103.0,127.0,70.0,174.0,106.0,183.0
23,124,2.0,0.0,2.0,[22 24],106.0,183.0,103.0,127.0,107.0,135.0,88.0,290.0,70.0,174.0
23,125,2.0,0.0,2.0,[22 24],70.0,174.0,107.0,135.0,106.0,183.0,71.0,196.0,88.0,290.0
23,126,2.0,0.0,2.0,[22 24],88.0,290.0,106.0,183.0,70.0,174.0,46.0,61.0,71.0,196.0
23,127,2.0,0.0,2.0,[22 24],71.0,196.0,70.0,174.0,88.0,290.0,73.0,198.0,46.0,61.0
23,128,2.0,0.0,2.0,[22 24],46.0,61.0,88.0,290.0,71.0,196.0,71.0,242.0,73.0,198.0
23,129,2.0,0.0,2.0,[22 24],73.0,198.0,71.0,196.0,46.0,61.0,79.0,161.0,71.0,242.0
23,130,2.0,0.0,2.0,[22 24],71.0,242.0,46.0,61.0,73.0,198.0,42.0,105.0,79.0,161.0
23,131,2.0,0.0,2.0,[22 24],79.0,161.0,73.0,198.0,71.0,242.0,55.0,109.0,42.0,105.0
23,132,2.0,0.0,2.0,[22 24],42.0,105.0,71.0,242.0,79.0,161.0,35.0,112.0,55.0,109.0
23,133,2.0,0.0,2.0,[22 24],55.0,109.0,79.0,161.0,42.0,105.0,25.0,140.0,35.0,112.0
23,134,2.0,0.0,2.0,[22 24],35.0,112.0,42.0,105.0,55.0,109.0,24.0,196.0,25.0,140.0
23,135,2.0,0.0,2.0,[22 24],25.0,140.0,55.0,109.0,35.0,112.0,8.0,98.0,24.0,196.0
23,136,2.0,0.0,2.0,[22 24],24.0,196.0,35.0,112.0,25.0,140.0,14.0,106.0,8.0,98.0
23,137,2.0,0.0,2.0,[22 24],8.0,98.0,25.0,140.0,24.0,196.0,12.0,80.0,14.0,106.0
23,138,2.0,0.0,2.0,[22 24],14.0,106.0,24.0,196.0,8.0,98.0,9.0,65.0,12.0,80.0
23,139,2.0,0.0,2.0,[22 24],12.0,80.0,8.0,98.0,14.0,106.0,1.0,19.0,9.0,65.0
23,140,2.0,0.0,2.0,[22 24],9.0,65.0,14.0,106.0,12.0,80.0,2.0,22.0,1.0,19.0
23,141,2.0,0.0,2.0,[22 24],1.0,19.0,12.0,80.0,9.0,65.0,0.0,10.0,2.0,22.0
23,142,2.0,0.0,2.0,[22 24],2.0,22.0,9.0,65.0,1.0,19.0,0.0,0.0,0.0,10.0
23,143,2.0,0.0,2.0,[22 24],0.0,10.0,1.0,19.0,2.0,22.0,0.0,0.0,0.0,0.0
24,0,2.0,0.0,2.0,[23 25],0.0,1.0,0.0,0.0,0.0,0.0,0.0,0.0,0.0,0.0
24,1,2.0,0.0,2.0,[23 25],0.0,0.0,0.0,0.0,0.0,1.0,0.0,0.0,0.0,0.0
24,2,2.0,0.0,2.0,[23 25],0.0,0.0,0.0,1.0,0.0,0.0,1.0,0.0,0.0,0.0
24,3,2.0,0.0,2.0,[23 25],0.0,0.0,0.0,0.0,0.0,0.0,0.0,1.0,1.0,0.0
24,4,2.0,0.0,2.0,[23 25],1.0,0.0,0.0,0.0,0.0,0.0,0.0,0.0,0.0,1.0
24,5,2.0,0.0,2.0,[23 25],0.0,1.0,0.0,0.0,1.0,0.0,0.0,0.0,0.0,0.0
24,6,2.0,0.0,2.0,[23 25],0.0,0.0,1.0,0.0,0.0,1.0,0.0,0.0,0.0,0.0
24,7,2.0,0.0,2.0,[23 25],0.0,0.0,0.0,1.0,0.0,0.0,0.0,0.0,0.0,0.0
24,8,2.0,0.0,2.0,[23 25],0.0,0.0,0.0,0.0,0.0,0.0,0.0,0.0,0.0,0.0
24,9,2.0,0.0,2.0,[23 25],0.0,0.0,0.0,0.0,0.0,0.0,0.0,0.0,0.0,0.0
24,10,2.0,0.0,2.0,[23 25],0.0,0.0,0.0,0.0,0.0,0.0,0.0,0.0,0.0,0.0
24,11,2.0,0.0,2.0,[23 25],0.0,0.0,0.0,0.0,0.0,0.0,0.0,0.0,0.0,0.0
24,12,2.0,0.0,2.0,[23 25],0.0,0.0,0.0,0.0,0.0,0.0,0.0,0.0,0.0,0.0
24,13,2.0,0.0,2.0,[23 25],0.0,0.0,0.0,0.0,0.0,0.0,0.0,0.0,0.0,0.0
24,14,2.0,0.0,2.0,[23 25],0.0,0.0,0.0,0.0,0.0,0.0,0.0,0.0,0.0,0.0
24,15,2.0,0.0,2.0,[23 25],0.0,0.0,0.0,0.0,0.0,0.0,0.0,0.0,0.0,0.0
24,16,2.0,0.0,2.0,[23 25],0.0,0.0,0.0,0.0,0.0,0.0,0.0,0.0,0.0,0.0
24,17,2.0,0.0,2.0,[23 25],0.0,0.0,0.0,0.0,0.0,0.0,0.0,0.0,0.0,0.0
24,18,2.0,0.0,2.0,[23 25],0.0,0.0,0.0,0.0,0.0,0.0,0.0,0.0,0.0,0.0
24,19,2.0,0.0,2.0,[23 25],0.0,0.0,0.0,0.0,0.0,0.0,0.0,0.0,0.0,0.0
24,20,2.0,0.0,2.0,[23 25],0.0,0.0,0.0,0.0,0.0,0.0,0.0,0.0,0.0,0.0
24,21,2.0,0.0,2.0,[23 25],0.0,0.0,0.0,0.0,0.0,0.0,0.0,0.0,0.0,0.0
24,22,2.0,0.0,2.0,[23 25],0.0,0.0,0.0,0.0,0.0,0.0,0.0,0.0,0.0,0.0
24,23,2.0,0.0,2.0,[23 25],0.0,0.0,0.0,0.0,0.0,0.0,0.0,0.0,0.0,0.0
24,24,2.0,0.0,2.0,[23 25],0.0,0.0,0.0,0.0,0.0,0.0,0.0,0.0,0.0,0.0
24,25,2.0,0.0,2.0,[23 25],0.0,0.0,0.0,0.0,0.0,0.0,0.0,0.0,0.0,0.0
24,26,2.0,0.0,2.0,[23 25],0.0,0.0,0.0,0.0,0.0,0.0,0.0,0.0,0.0,0.0
24,27,2.0,0.0,2.0,[23 25],0.0,0.0,0.0,0.0,0.0,0.0,0.0,0.0,0.0,0.0
24,28,2.0,0.0,2.0,[23 25],0.0,0.0,0.0,0.0,0.0,0.0,0.0,0.0,0.0,0.0
24,29,2.0,0.0,2.0,[23 25],0.0,0.0,0.0,0.0,0.0,0.0,0.0,0.0,0.0,0.0
24,30,2.0,0.0,2.0,[23 25],0.0,0.0,0.0,0.0,0.0,0.0,0.0,0.0,0.0,0.0
24,31,2.0,0.0,2.0,[23 25],0.0,0.0,0.0,0.0,0.0,0.0,5.0,0.0,0.0,0.0
24,32,2.0,0.0,2.0,[23 25],0.0,0.0,0.0,0.0,0.0,0.0,16.0,0.0,5.0,0.0
24,33,2.0,0.0,2.0,[23 25],5.0,0.0,0.0,0.0,0.0,0.0,34.0,0.0,16.0,0.0
24,34,2.0,0.0,2.0,[23 25],16.0,0.0,0.0,0.0,5.0,0.0,54.0,1.0,34.0,0.0
24,35,2.0,0.0,2.0,[23 25],34.0,0.0,5.0,0.0,16.0,0.0,47.0,4.0,54.0,1.0
24,36,2.0,0.0,2.0,[23 25],54.0,1.0,16.0,0.0,34.0,0.0,110.0,3.0,47.0,4.0
24,37,2.0,0.0,2.0,[23 25],47.0,4.0,34.0,0.0,54.0,1.0,111.0,18.0,110.0,3.0
24,38,2.0,0.0,2.0,[23 25],110.0,3.0,54.0,1.0,47.0,4.0,110.0,43.0,111.0,18.0
24,39,2.0,0.0,2.0,[23 25],111.0,18.0,47.0,4.0,110.0,3.0,189.0,62.0,110.0,43.0
24,40,2.0,0.0,2.0,[23 25],110.0,43.0,110.0,3.0,111.0,18.0,241.0,67.0,189.0,62.0
24,41,2.0,0.0,2.0,[23 25],189.0,62.0,111.0,18.0,110.0,43.0,384.0,52.0,241.0,67.0
24,42,2.0,0.0,2.0,[23 25],241.0,67.0,110.0,43.0,189.0,62.0,447.0,113.0,384.0,52.0
24,43,2.0,0.0,2.0,[23 25],384.0,52.0,189.0,62.0,241.0,67.0,384.0,167.0,447.0,113.0
24,44,2.0,0.0,2.0,[23 25],447.0,113.0,241.0,67.0,384.0,52.0,414.0,260.0,384.0,167.0
24,45,2.0,0.0,2.0,[23 25],384.0,167.0,384.0,52.0,447.0,113.0,456.0,212.0,414.0,260.0
24,46,2.0,0.0,2.0,[23 25],414.0,260.0,447.0,113.0,384.0,167.0,442.0,200.0,456.0,212.0
24,47,2.0,0.0,2.0,[23 25],456.0,212.0,384.0,167.0,414.0,260.0,406.0,330.0,442.0,200.0
24,48,2.0,0.0,2.0,[23 25],442.0,200.0,414.0,260.0,456.0,212.0,328.0,244.0,406.0,330.0
24,49,2.0,0.0,2.0,[23 25],406.0,330.0,456.0,212.0,442.0,200.0,278.0,192.0,328.0,244.0
24,50,2.0,0.0,2.0,[23 25],328.0,244.0,442.0,200.0,406.0,330.0,220.0,235.0,278.0,192.0
24,51,2.0,0.0,2.0,[23 25],278.0,192.0,406.0,330.0,328.0,244.0,223.0,128.0,220.0,235.0
24,52,2.0,0.0,2.0,[23 25],220.0,235.0,328.0,244.0,278.0,192.0,214.0,100.0,223.0,128.0
24,53,2.0,0.0,2.0,[23 25],223.0,128.0,278.0,192.0,220.0,235.0,189.0,118.0,214.0,100.0
24,54,2.0,0.0,2.0,[23 25],214.0,100.0,220.0,235.0,223.0,128.0,204.0,196.0,189.0,118.0
24,55,2.0,0.0,2.0,[23 25],189.0,118.0,223.0,128.0,214.0,100.0,163.0,83.0,204.0,196.0
24,56,2.0,0.0,2.0,[23 25],204.0,196.0,214.0,100.0,189.0,118.0,168.0,83.0,163.0,83.0
24,57,2.0,0.0,2.0,[23 25],163.0,83.0,189.0,118.0,204.0,196.0,158.0,146.0,168.0,83.0
24,58,2.0,0.0,2.0,[23 25],168.0,83.0,204.0,196.0,163.0,83.0,133.0,69.0,158.0,146.0
24,59,2.0,0.0,2.0,[23 25],158.0,146.0,163.0,83.0,168.0,83.0,145.0,154.0,133.0,69.0
24,60,2.0,0.0,2.0,[23 25],133.0,69.0,168.0,83.0,158.0,146.0,119.0,106.0,145.0,154.0
24,61,2.0,0.0,2.0,[23 25],145.0,154.0,158.0,146.0,133.0,69.0,130.0,98.0,119.0,106.0
24,62,2.0,0.0,2.0,[23 25],119.0,106.0,133.0,69.0,145.0,154.0,152.0,104.0,130.0,98.0
24,63,2.0,0.0,2.0,[23 25],130.0,98.0,145.0,154.0,119.0,106.0,138.0,151.0,152.0,104.0
24,64,2.0,0.0,2.0,[23 25],152.0,104.0,119.0,106.0,130.0,98.0,128.0,97.0,138.0,151.0
24,65,2.0,0.0,2.0,[23 25],138.0,151.0,130.0,98.0,152.0,104.0,141.0,140.0,128.0,97.0
24,66,2.0,0.0,2.0,[23 25],128.0,97.0,152.0,104.0,138.0,151.0,179.0,116.0,141.0,140.0
24,67,2.0,0.0,2.0,[23 25],141.0,140.0,138.0,151.0,128.0,97.0,166.0,70.0,179.0,116.0
24,68,2.0,0.0,2.0,[23 25],179.0,116.0,128.0,97.0,141.0,140.0,157.0,127.0,166.0,70.0
24,69,2.0,0.0,2.0,[23 25],166.0,70.0,141.0,140.0,179.0,116.0,141.0,158.0,157.0,127.0
24,70,2.0,0.0,2.0,[23 25],157.0,127.0,179.0,116.0,166.0,70.0,172.0,138.0,141.0,158.0
24,71,2.0,0.0,2.0,[23 25],141.0,158.0,166.0,70.0,157.0,127.0,209.0,187.0,172.0,138.0
24,72,2.0,0.0,2.0,[23 25],172.0,138.0,157.0,127.0,141.0,158.0,228.0,172.0,209.0,187.0
24,73,2.0,0.0,2.0,[23 25],209.0,187.0,141.0,158.0,172.0,138.0,165.0,107.0,228.0,172.0
24,74,2.0,0.0,2.0,[23 25],228.0,172.0,172.0,138.0,209.0,187.0,198.0,154.0,165.0,107.0
24,75,2.0,0.0,2.0,[23 25],165.0,107.0,209.0,187.0,228.0,172.0,175.0,142.0,198.0,154.0
24,76,2.0,0.0,2.0,[23 25],198.0,154.0,228.0,172.0,165.0,107.0,193.0,112.0,175.0,142.0
24,77,2.0,0.0,2.0,[23 25],175.0,142.0,165.0,107.0,198.0,154.0,155.0,142.0,193.0,112.0
24,78,2.0,0.0,2.0,[23 25],193.0,112.0,198.0,154.0,175.0,142.0,173.0,189.0,155.0,142.0
24,79,2.0,0.0,2.0,[23 25],155.0,142.0,175.0,142.0,193.0,112.0,168.0,158.0,173.0,189.0
24,80,2.0,0.0,2.0,[23 25],173.0,189.0,193.0,112.0,155.0,142.0,118.0,221.0,168.0,158.0
24,81,2.0,0.0,2.0,[23 25],168.0,158.0,155.0,142.0,173.0,189.0,184.0,143.0,118.0,221.0
24,82,2.0,0.0,2.0,[23 25],118.0,221.0,173.0,189.0,168.0,158.0,172.0,119.0,184.0,143.0
24,83,2.0,0.0,2.0,[23 25],184.0,143.0,168.0,158.0,118.0,221.0,194.0,182.0,172.0,119.0
24,84,2.0,0.0,2.0,[23 25],172.0,119.0,118.0,221.0,184.0,143.0,158.0,124.0,194.0,182.0
24,85,2.0,0.0,2.0,[23 25],194.0,182.0,184.0,143.0,172.0,119.0,156.0,114.0,158.0,124.0
24,86,2.0,0.0,2.0,[23 25],158.0,124.0,172.0,119.0,194.0,182.0,126.0,216.0,156.0,114.0
24,87,2.0,0.0,2.0,[23 25],156.0,114.0,194.0,182.0,158.0,124.0,191.0,166.0,126.0,216.0
24,88,2.0,0.0,2.0,[23 25],126.0,216.0,158.0,124.0,156.0,114.0,174.0,104.0,191.0,166.0
24,89,2.0,0.0,2.0,[23 25],191.0,166.0,156.0,114.0,126.0,216.0,159.0,170.0,174.0,104.0
24,90,2.0,0.0,2.0,[23 25],174.0,104.0,126.0,216.0,191.0,166.0,153.0,176.0,159.0,170.0
24,91,2.0,0.0,2.0,[23 25],159.0,170.0,191.0,166.0,174.0,104.0,148.0,126.0,153.0,176.0
24,92,2.0,0.0,2.0,[23 25],153.0,176.0,174.0,104.0,159.0,170.0,155.0,235.0,148.0,126.0
24,93,2.0,0.0,2.0,[23 25],148.0,126.0,159.0,170.0,153.0,176.0,175.0,206.0,155.0,235.0
24,94,2.0,0.0,2.0,[23 25],155.0,235.0,153.0,176.0,148.0,126.0,163.0,120.0,175.0,206.0
24,95,2.0,0.0,2.0,[23 25],175.0,206.0,148.0,126.0,155.0,235.0,184.0,177.0,163.0,120.0
24,96,2.0,0.0,2.0,[23 25],163.0,120.0,155.0,235.0,175.0,206.0,170.0,260.0,184.0,177.0
24,97,2.0,0.0,2.0,[23 25],184.0,177.0,175.0,206.0,163.0,120.0,221.0,115.0,170.0,260.0
24,98,2.0,0.0,2.0,[23 25],170.0,260.0,163.0,120.0,184.0,177.0,240.0,165.0,221.0,115.0
24,99,2.0,0.0,2.0,[23 25],221.0,115.0,184.0,177.0,170.0,260.0,228.0,297.0,240.0,165.0
24,100,2.0,0.0,2.0,[23 25],240.0,165.0,170.0,260.0,221.0,115.0,235.0,169.0,228.0,297.0
24,101,2.0,0.0,2.0,[23 25],228.0,297.0,221.0,115.0,240.0,165.0,279.0,300.0,235.0,169.0
24,102,2.0,0.0,2.0,[23 25],235.0,169.0,240.0,165.0,228.0,297.0,226.0,271.0,279.0,300.0
24,103,2.0,0.0,2.0,[23 25],279.0,300.0,228.0,297.0,235.0,169.0,277.0,180.0,226.0,271.0
24,104,2.0,0.0,2.0,[23 25],226.0,271.0,235.0,169.0,279.0,300.0,252.0,236.0,277.0,180.0
24,105,2.0,0.0,2.0,[23 25],277.0,180.0,279.0,300.0,226.0,271.0,252.0,441.0,252.0,236.0
24,106,2.0,0.0,2.0,[23 25],252.0,236.0,226.0,271.0,277.0,180.0,225.0,229.0,252.0,441.0
24,107,2.0,0.0,2.0,[23 25],252.0,441.0,277.0,180.0,252.0,236.0,250.0,439.0,225.0,229.0
24,108,2.0,0.0,2.0,[23 25],225.0,229.0,252.0,236.0,252.0,441.0,259.0,405.0,250.0,439.0
24,109,2.0,0.0,2.0,[23 25],250.0,439.0,252.0,441.0,225.0,229.0,299.0,262.0,259.0,405.0
24,110,2.0,0.0,2.0,[23 25],259.0,405.0,225.0,229.0,250.0,439.0,237.0,375.0,299.0,262.0
24,111,2.0,0.0,2.0,[23 25],299.0,262.0,250.0,439.0,259.0,405.0,194.0,224.0,237.0,375.0
24,112,2.0,0.0,2.0,[23 25],237.0,375.0,259.0,405.0,299.0,262.0,174.0,282.0,194.0,224.0
24,113,2.0,0.0,2.0,[23 25],194.0,224.0,299.0,262.0,237.0,375.0,161.0,186.0,174.0,282.0
24,114,2.0,0.0,2.0,[23 25],174.0,282.0,237.0,375.0,194.0,224.0,150.0,168.0,161.0,186.0
24,115,2.0,0.0,2.0,[23 25],161.0,186.0,194.0,224.0,174.0,282.0,134.0,226.0,150.0,168.0
24,116,2.0,0.0,2.0,[23 25],150.0,168.0,174.0,282.0,161.0,186.0,102.0,215.0,134.0,226.0
24,117,2.0,0.0,2.0,[23 25],134.0,226.0,161.0,186.0,150.0,168.0,129.0,131.0,102.0,215.0
24,118,2.0,0.0,2.0,[23 25],102.0,215.0,150.0,168.0,134.0,226.0,192.0,171.0,129.0,131.0
24,119,2.0,0.0,2.0,[23 25],129.0,131.0,134.0,226.0,102.0,215.0,197.0,311.0,192.0,171.0
24,120,2.0,0.0,2.0,[23 25],192.0,171.0,102.0,215.0,129.0,131.0,154.0,156.0,197.0,311.0
24,121,2.0,0.0,2.0,[23 25],197.0,311.0,129.0,131.0,192.0,171.0,127.0,127.0,154.0,156.0
24,122,2.0,0.0,2.0,[23 25],154.0,156.0,192.0,171.0,197.0,311.0,122.0,153.0,127.0,127.0
24,123,2.0,0.0,2.0,[23 25],127.0,127.0,197.0,311.0,154.0,156.0,103.0,181.0,122.0,153.0
24,124,2.0,0.0,2.0,[23 25],122.0,153.0,154.0,156.0,127.0,127.0,123.0,179.0,103.0,181.0
24,125,2.0,0.0,2.0,[23 25],103.0,181.0,127.0,127.0,122.0,153.0,125.0,197.0,123.0,179.0
24,126,2.0,0.0,2.0,[23 25],123.0,179.0,122.0,153.0,103.0,181.0,92.0,143.0,125.0,197.0
24,127,2.0,0.0,2.0,[23 25],125.0,197.0,103.0,181.0,123.0,179.0,84.0,225.0,92.0,143.0
24,128,2.0,0.0,2.0,[23 25],92.0,143.0,123.0,179.0,125.0,197.0,69.0,144.0,84.0,225.0
24,129,2.0,0.0,2.0,[23 25],84.0,225.0,125.0,197.0,92.0,143.0,71.0,165.0,69.0,144.0
24,130,2.0,0.0,2.0,[23 25],69.0,144.0,92.0,143.0,84.0,225.0,108.0,232.0,71.0,165.0
24,131,2.0,0.0,2.0,[23 25],71.0,165.0,84.0,225.0,69.0,144.0,120.0,86.0,108.0,232.0
24,132,2.0,0.0,2.0,[23 25],108.0,232.0,69.0,144.0,71.0,165.0,47.0,69.0,120.0,86.0
24,133,2.0,0.0,2.0,[23 25],120.0,86.0,71.0,165.0,108.0,232.0,33.0,101.0,47.0,69.0
24,134,2.0,0.0,2.0,[23 25],47.0,69.0,108.0,232.0,120.0,86.0,22.0,112.0,33.0,101.0
24,135,2.0,0.0,2.0,[23 25],33.0,101.0,120.0,86.0,47.0,69.0,12.0,96.0,22.0,112.0
24,136,2.0,0.0,2.0,[23 25],22.0,112.0,47.0,69.0,33.0,101.0,6.0,67.0,12.0,96.0
24,137,2.0,0.0,2.0,[23 25],12.0,96.0,33.0,101.0,22.0,112.0,2.0,54.0,6.0,67.0
24,138,2.0,0.0,2.0,[23 25],6.0,67.0,22.0,112.0,12.0,96.0,4.0,18.0,2.0,54.0
24,139,2.0,0.0,2.0,[23 25],2.0,54.0,12.0,96.0,6.0,67.0,3.0,33.0,4.0,18.0
24,140,2.0,0.0,2.0,[23 25],4.0,18.0,6.0,67.0,2.0,54.0,0.0,38.0,3.0,33.0
24,141,2.0,0.0,2.0,[23 25],3.0,33.0,2.0,54.0,4.0,18.0,0.0,12.0,0.0,38.0
24,142,2.0,0.0,2.0,[23 25],0.0,38.0,4.0,18.0,3.0,33.0,0.0,0.0,0.0,12.0
24,143,2.0,0.0,2.0,[23 25],0.0,12.0,3.0,33.0,0.0,38.0,0.0,0.0,0.0,0.0
25,0,2.0,0.0,2.0,[24 26],0.0,3.0,0.0,0.0,0.0,0.0,0.0,0.0,0.0,3.0
25,1,2.0,0.0,2.0,[24 26],0.0,3.0,0.0,0.0,0.0,3.0,0.0,0.0,0.0,0.0
25,2,2.0,0.0,2.0,[24 26],0.0,0.0,0.0,3.0,0.0,3.0,0.0,0.0,0.0,0.0
25,3,2.0,0.0,2.0,[24 26],0.0,0.0,0.0,3.0,0.0,0.0,0.0,0.0,0.0,0.0
25,4,2.0,0.0,2.0,[24 26],0.0,0.0,0.0,0.0,0.0,0.0,0.0,0.0,0.0,0.0
25,5,2.0,0.0,2.0,[24 26],0.0,0.0,0.0,0.0,0.0,0.0,0.0,0.0,0.0,0.0
25,6,2.0,0.0,2.0,[24 26],0.0,0.0,0.0,0.0,0.0,0.0,0.0,0.0,0.0,0.0
25,7,2.0,0.0,2.0,[24 26],0.0,0.0,0.0,0.0,0.0,0.0,0.0,0.0,0.0,0.0
25,8,2.0,0.0,2.0,[24 26],0.0,0.0,0.0,0.0,0.0,0.0,0.0,0.0,0.0,0.0
25,9,2.0,0.0,2.0,[24 26],0.0,0.0,0.0,0.0,0.0,0.0,0.0,0.0,0.0,0.0
25,10,2.0,0.0,2.0,[24 26],0.0,0.0,0.0,0.0,0.0,0.0,0.0,0.0,0.0,0.0
25,11,2.0,0.0,2.0,[24 26],0.0,0.0,0.0,0.0,0.0,0.0,0.0,0.0,0.0,0.0
25,12,2.0,0.0,2.0,[24 26],0.0,0.0,0.0,0.0,0.0,0.0,0.0,0.0,0.0,0.0
25,13,2.0,0.0,2.0,[24 26],0.0,0.0,0.0,0.0,0.0,0.0,0.0,0.0,0.0,0.0
25,14,2.0,0.0,2.0,[24 26],0.0,0.0,0.0,0.0,0.0,0.0,0.0,0.0,0.0,0.0
25,15,2.0,0.0,2.0,[24 26],0.0,0.0,0.0,0.0,0.0,0.0,0.0,0.0,0.0,0.0
25,16,2.0,0.0,2.0,[24 26],0.0,0.0,0.0,0.0,0.0,0.0,0.0,0.0,0.0,0.0
25,17,2.0,0.0,2.0,[24 26],0.0,0.0,0.0,0.0,0.0,0.0,0.0,0.0,0.0,0.0
25,18,2.0,0.0,2.0,[24 26],0.0,0.0,0.0,0.0,0.0,0.0,0.0,0.0,0.0,0.0
25,19,2.0,0.0,2.0,[24 26],0.0,0.0,0.0,0.0,0.0,0.0,0.0,0.0,0.0,0.0
25,20,2.0,0.0,2.0,[24 26],0.0,0.0,0.0,0.0,0.0,0.0,0.0,0.0,0.0,0.0
25,21,2.0,0.0,2.0,[24 26],0.0,0.0,0.0,0.0,0.0,0.0,0.0,0.0,0.0,0.0
25,22,2.0,0.0,2.0,[24 26],0.0,0.0,0.0,0.0,0.0,0.0,0.0,0.0,0.0,0.0
25,23,2.0,0.0,2.0,[24 26],0.0,0.0,0.0,0.0,0.0,0.0,0.0,0.0,0.0,0.0
25,24,2.0,0.0,2.0,[24 26],0.0,0.0,0.0,0.0,0.0,0.0,0.0,0.0,0.0,0.0
25,25,2.0,0.0,2.0,[24 26],0.0,0.0,0.0,0.0,0.0,0.0,0.0,0.0,0.0,0.0
25,26,2.0,0.0,2.0,[24 26],0.0,0.0,0.0,0.0,0.0,0.0,0.0,0.0,0.0,0.0
25,27,2.0,0.0,2.0,[24 26],0.0,0.0,0.0,0.0,0.0,0.0,0.0,0.0,0.0,0.0
25,28,2.0,0.0,2.0,[24 26],0.0,0.0,0.0,0.0,0.0,0.0,0.0,0.0,0.0,0.0
25,29,2.0,0.0,2.0,[24 26],0.0,0.0,0.0,0.0,0.0,0.0,0.0,0.0,0.0,0.0
25,30,2.0,0.0,2.0,[24 26],0.0,0.0,0.0,0.0,0.0,0.0,0.0,0.0,0.0,0.0
25,31,2.0,0.0,2.0,[24 26],0.0,0.0,0.0,0.0,0.0,0.0,2.0,0.0,0.0,0.0
25,32,2.0,0.0,2.0,[24 26],0.0,0.0,0.0,0.0,0.0,0.0,14.0,1.0,2.0,0.0
25,33,2.0,0.0,2.0,[24 26],2.0,0.0,0.0,0.0,0.0,0.0,32.0,2.0,14.0,1.0
25,34,2.0,0.0,2.0,[24 26],14.0,1.0,0.0,0.0,2.0,0.0,29.0,1.0,32.0,2.0
25,35,2.0,0.0,2.0,[24 26],32.0,2.0,2.0,0.0,14.0,1.0,72.0,1.0,29.0,1.0
25,36,2.0,0.0,2.0,[24 26],29.0,1.0,14.0,1.0,32.0,2.0,59.0,10.0,72.0,1.0
25,37,2.0,0.0,2.0,[24 26],72.0,1.0,32.0,2.0,29.0,1.0,110.0,12.0,59.0,10.0
25,38,2.0,0.0,2.0,[24 26],59.0,10.0,29.0,1.0,72.0,1.0,116.0,21.0,110.0,12.0
25,39,2.0,0.0,2.0,[24 26],110.0,12.0,72.0,1.0,59.0,10.0,90.0,21.0,116.0,21.0
25,40,2.0,0.0,2.0,[24 26],116.0,21.0,59.0,10.0,110.0,12.0,163.0,48.0,90.0,21.0
25,41,2.0,0.0,2.0,[24 26],90.0,21.0,110.0,12.0,116.0,21.0,243.0,154.0,163.0,48.0
25,42,2.0,0.0,2.0,[24 26],163.0,48.0,116.0,21.0,90.0,21.0,293.0,71.0,243.0,154.0
25,43,2.0,0.0,2.0,[24 26],243.0,154.0,90.0,21.0,163.0,48.0,297.0,94.0,293.0,71.0
25,44,2.0,0.0,2.0,[24 26],293.0,71.0,163.0,48.0,243.0,154.0,322.0,109.0,297.0,94.0
25,45,2.0,0.0,2.0,[24 26],297.0,94.0,243.0,154.0,293.0,71.0,330.0,110.0,322.0,109.0
25,46,2.0,0.0,2.0,[24 26],322.0,109.0,293.0,71.0,297.0,94.0,290.0,355.0,330.0,110.0
25,47,2.0,0.0,2.0,[24 26],330.0,110.0,297.0,94.0,322.0,109.0,271.0,254.0,290.0,355.0
25,48,2.0,0.0,2.0,[24 26],290.0,355.0,322.0,109.0,330.0,110.0,270.0,237.0,271.0,254.0
25,49,2.0,0.0,2.0,[24 26],271.0,254.0,330.0,110.0,290.0,355.0,209.0,670.0,270.0,237.0
25,50,2.0,0.0,2.0,[24 26],270.0,237.0,290.0,355.0,271.0,254.0,162.0,417.0,209.0,670.0
25,51,2.0,0.0,2.0,[24 26],209.0,670.0,271.0,254.0,270.0,237.0,173.0,194.0,162.0,417.0
25,52,2.0,0.0,2.0,[24 26],162.0,417.0,270.0,237.0,209.0,670.0,128.0,117.0,173.0,194.0
25,53,2.0,0.0,2.0,[24 26],173.0,194.0,209.0,670.0,162.0,417.0,121.0,142.0,128.0,117.0
25,54,2.0,0.0,2.0,[24 26],128.0,117.0,162.0,417.0,173.0,194.0,137.0,76.0,121.0,142.0
25,55,2.0,0.0,2.0,[24 26],121.0,142.0,173.0,194.0,128.0,117.0,121.0,157.0,137.0,76.0
25,56,2.0,0.0,2.0,[24 26],137.0,76.0,128.0,117.0,121.0,142.0,88.0,81.0,121.0,157.0
25,57,2.0,0.0,2.0,[24 26],121.0,157.0,121.0,142.0,137.0,76.0,98.0,66.0,88.0,81.0
25,58,2.0,0.0,2.0,[24 26],88.0,81.0,137.0,76.0,121.0,157.0,118.0,109.0,98.0,66.0
25,59,2.0,0.0,2.0,[24 26],98.0,66.0,121.0,157.0,88.0,81.0,111.0,46.0,118.0,109.0
25,60,2.0,0.0,2.0,[24 26],118.0,109.0,88.0,81.0,98.0,66.0,109.0,82.0,111.0,46.0
25,61,2.0,0.0,2.0,[24 26],111.0,46.0,98.0,66.0,118.0,109.0,95.0,91.0,109.0,82.0
25,62,2.0,0.0,2.0,[24 26],109.0,82.0,118.0,109.0,111.0,46.0,78.0,50.0,95.0,91.0
25,63,2.0,0.0,2.0,[24 26],95.0,91.0,111.0,46.0,109.0,82.0,87.0,41.0,78.0,50.0
25,64,2.0,0.0,2.0,[24 26],78.0,50.0,109.0,82.0,95.0,91.0,101.0,76.0,87.0,41.0
25,65,2.0,0.0,2.0,[24 26],87.0,41.0,95.0,91.0,78.0,50.0,59.0,33.0,101.0,76.0
25,66,2.0,0.0,2.0,[24 26],101.0,76.0,78.0,50.0,87.0,41.0,82.0,50.0,59.0,33.0
25,67,2.0,0.0,2.0,[24 26],59.0,33.0,87.0,41.0,101.0,76.0,88.0,114.0,82.0,50.0
25,68,2.0,0.0,2.0,[24 26],82.0,50.0,101.0,76.0,59.0,33.0,89.0,43.0,88.0,114.0
25,69,2.0,0.0,2.0,[24 26],88.0,114.0,59.0,33.0,82.0,50.0,129.0,68.0,89.0,43.0
25,70,2.0,0.0,2.0,[24 26],89.0,43.0,82.0,50.0,88.0,114.0,91.0,78.0,129.0,68.0
25,71,2.0,0.0,2.0,[24 26],129.0,68.0,88.0,114.0,89.0,43.0,135.0,41.0,91.0,78.0
25,72,2.0,0.0,2.0,[24 26],91.0,78.0,89.0,43.0,129.0,68.0,117.0,46.0,135.0,41.0
25,73,2.0,0.0,2.0,[24 26],135.0,41.0,129.0,68.0,91.0,78.0,113.0,97.0,117.0,46.0
25,74,2.0,0.0,2.0,[24 26],117.0,46.0,91.0,78.0,135.0,41.0,135.0,50.0,113.0,97.0
25,75,2.0,0.0,2.0,[24 26],113.0,97.0,135.0,41.0,117.0,46.0,99.0,48.0,135.0,50.0
25,76,2.0,0.0,2.0,[24 26],135.0,50.0,117.0,46.0,113.0,97.0,88.0,167.0,99.0,48.0
25,77,2.0,0.0,2.0,[24 26],99.0,48.0,113.0,97.0,135.0,50.0,136.0,60.0,88.0,167.0
25,78,2.0,0.0,2.0,[24 26],88.0,167.0,135.0,50.0,99.0,48.0,83.0,55.0,136.0,60.0
25,79,2.0,0.0,2.0,[24 26],136.0,60.0,99.0,48.0,88.0,167.0,87.0,118.0,83.0,55.0
25,80,2.0,0.0,2.0,[24 26],83.0,55.0,88.0,167.0,136.0,60.0,84.0,66.0,87.0,118.0
25,81,2.0,0.0,2.0,[24 26],87.0,118.0,136.0,60.0,83.0,55.0,77.0,59.0,84.0,66.0
25,82,2.0,0.0,2.0,[24 26],84.0,66.0,83.0,55.0,87.0,118.0,79.0,104.0,77.0,59.0
25,83,2.0,0.0,2.0,[24 26],77.0,59.0,87.0,118.0,84.0,66.0,100.0,56.0,79.0,104.0
25,84,2.0,0.0,2.0,[24 26],79.0,104.0,84.0,66.0,77.0,59.0,79.0,61.0,100.0,56.0
25,85,2.0,0.0,2.0,[24 26],100.0,56.0,77.0,59.0,79.0,104.0,89.0,112.0,79.0,61.0
25,86,2.0,0.0,2.0,[24 26],79.0,61.0,79.0,104.0,100.0,56.0,96.0,91.0,89.0,112.0
25,87,2.0,0.0,2.0,[24 26],89.0,112.0,100.0,56.0,79.0,61.0,105.0,60.0,96.0,91.0
25,88,2.0,0.0,2.0,[24 26],96.0,91.0,79.0,61.0,89.0,112.0,85.0,90.0,105.0,60.0
25,89,2.0,0.0,2.0,[24 26],105.0,60.0,89.0,112.0,96.0,91.0,103.0,81.0,85.0,90.0
25,90,2.0,0.0,2.0,[24 26],85.0,90.0,96.0,91.0,105.0,60.0,144.0,60.0,103.0,81.0
25,91,2.0,0.0,2.0,[24 26],103.0,81.0,105.0,60.0,85.0,90.0,87.0,135.0,144.0,60.0
25,92,2.0,0.0,2.0,[24 26],144.0,60.0,85.0,90.0,103.0,81.0,82.0,70.0,87.0,135.0
25,93,2.0,0.0,2.0,[24 26],87.0,135.0,103.0,81.0,144.0,60.0,65.0,72.0,82.0,70.0
25,94,2.0,0.0,2.0,[24 26],82.0,70.0,144.0,60.0,87.0,135.0,82.0,132.0,65.0,72.0
25,95,2.0,0.0,2.0,[24 26],65.0,72.0,87.0,135.0,82.0,70.0,93.0,80.0,82.0,132.0
25,96,2.0,0.0,2.0,[24 26],82.0,132.0,82.0,70.0,65.0,72.0,105.0,75.0,93.0,80.0
25,97,2.0,0.0,2.0,[24 26],93.0,80.0,65.0,72.0,82.0,132.0,107.0,151.0,105.0,75.0
25,98,2.0,0.0,2.0,[24 26],105.0,75.0,82.0,132.0,93.0,80.0,140.0,82.0,107.0,151.0
25,99,2.0,0.0,2.0,[24 26],107.0,151.0,93.0,80.0,105.0,75.0,268.0,109.0,140.0,82.0
25,100,2.0,0.0,2.0,[24 26],140.0,82.0,105.0,75.0,107.0,151.0,128.0,162.0,268.0,109.0
25,101,2.0,0.0,2.0,[24 26],268.0,109.0,107.0,151.0,140.0,82.0,186.0,89.0,128.0,162.0
25,102,2.0,0.0,2.0,[24 26],128.0,162.0,140.0,82.0,268.0,109.0,163.0,88.0,186.0,89.0
25,103,2.0,0.0,2.0,[24 26],186.0,89.0,268.0,109.0,128.0,162.0,140.0,195.0,163.0,88.0
25,104,2.0,0.0,2.0,[24 26],163.0,88.0,128.0,162.0,186.0,89.0,257.0,116.0,140.0,195.0
25,105,2.0,0.0,2.0,[24 26],140.0,195.0,186.0,89.0,163.0,88.0,259.0,202.0,257.0,116.0
25,106,2.0,0.0,2.0,[24 26],257.0,116.0,163.0,88.0,140.0,195.0,188.0,260.0,259.0,202.0
25,107,2.0,0.0,2.0,[24 26],259.0,202.0,140.0,195.0,257.0,116.0,321.0,164.0,188.0,260.0
25,108,2.0,0.0,2.0,[24 26],188.0,260.0,257.0,116.0,259.0,202.0,336.0,266.0,321.0,164.0
25,109,2.0,0.0,2.0,[24 26],321.0,164.0,259.0,202.0,188.0,260.0,209.0,263.0,336.0,266.0
25,110,2.0,0.0,2.0,[24 26],336.0,266.0,188.0,260.0,321.0,164.0,172.0,164.0,209.0,263.0
25,111,2.0,0.0,2.0,[24 26],209.0,263.0,321.0,164.0,336.0,266.0,161.0,169.0,172.0,164.0
25,112,2.0,0.0,2.0,[24 26],172.0,164.0,336.0,266.0,209.0,263.0,137.0,231.0,161.0,169.0
25,113,2.0,0.0,2.0,[24 26],161.0,169.0,209.0,263.0,172.0,164.0,112.0,137.0,137.0,231.0
25,114,2.0,0.0,2.0,[24 26],137.0,231.0,172.0,164.0,161.0,169.0,113.0,214.0,112.0,137.0
25,115,2.0,0.0,2.0,[24 26],112.0,137.0,161.0,169.0,137.0,231.0,90.0,114.0,113.0,214.0
25,116,2.0,0.0,2.0,[24 26],113.0,214.0,137.0,231.0,112.0,137.0,84.0,92.0,90.0,114.0
25,117,2.0,0.0,2.0,[24 26],90.0,114.0,112.0,137.0,113.0,214.0,79.0,170.0,84.0,92.0
25,118,2.0,0.0,2.0,[24 26],84.0,92.0,113.0,214.0,90.0,114.0,72.0,80.0,79.0,170.0
25,119,2.0,0.0,2.0,[24 26],79.0,170.0,90.0,114.0,84.0,92.0,91.0,92.0,72.0,80.0
25,120,2.0,0.0,2.0,[24 26],72.0,80.0,84.0,92.0,79.0,170.0,88.0,100.0,91.0,92.0
25,121,2.0,0.0,2.0,[24 26],91.0,92.0,79.0,170.0,72.0,80.0,59.0,129.0,88.0,100.0
25,122,2.0,0.0,2.0,[24 26],88.0,100.0,72.0,80.0,91.0,92.0,87.0,159.0,59.0,129.0
25,123,2.0,0.0,2.0,[24 26],59.0,129.0,91.0,92.0,88.0,100.0,79.0,144.0,87.0,159.0
25,124,2.0,0.0,2.0,[24 26],87.0,159.0,88.0,100.0,59.0,129.0,73.0,91.0,79.0,144.0
25,125,2.0,0.0,2.0,[24 26],79.0,144.0,59.0,129.0,87.0,159.0,111.0,92.0,73.0,91.0
25,126,2.0,0.0,2.0,[24 26],73.0,91.0,87.0,159.0,79.0,144.0,64.0,83.0,111.0,92.0
25,127,2.0,0.0,2.0,[24 26],111.0,92.0,79.0,144.0,73.0,91.0,56.0,104.0,64.0,83.0
25,128,2.0,0.0,2.0,[24 26],64.0,83.0,73.0,91.0,111.0,92.0,50.0,106.0,56.0,104.0
25,129,2.0,0.0,2.0,[24 26],56.0,104.0,111.0,92.0,64.0,83.0,53.0,86.0,50.0,106.0
25,130,2.0,0.0,2.0,[24 26],50.0,106.0,64.0,83.0,56.0,104.0,45.0,84.0,53.0,86.0
25,131,2.0,0.0,2.0,[24 26],53.0,86.0,56.0,104.0,50.0,106.0,54.0,73.0,45.0,84.0
25,132,2.0,0.0,2.0,[24 26],45.0,84.0,50.0,106.0,53.0,86.0,33.0,86.0,54.0,73.0
25,133,2.0,0.0,2.0,[24 26],54.0,73.0,53.0,86.0,45.0,84.0,26.0,79.0,33.0,86.0
25,134,2.0,0.0,2.0,[24 26],33.0,86.0,45.0,84.0,54.0,73.0,15.0,10.0,26.0,79.0
25,135,2.0,0.0,2.0,[24 26],26.0,79.0,54.0,73.0,33.0,86.0,12.0,52.0,15.0,10.0
25,136,2.0,0.0,2.0,[24 26],15.0,10.0,33.0,86.0,26.0,79.0,3.0,34.0,12.0,52.0
25,137,2.0,0.0,2.0,[24 26],12.0,52.0,26.0,79.0,15.0,10.0,2.0,30.0,3.0,34.0
25,138,2.0,0.0,2.0,[24 26],3.0,34.0,15.0,10.0,12.0,52.0,1.0,43.0,2.0,30.0
25,139,2.0,0.0,2.0,[24 26],2.0,30.0,12.0,52.0,3.0,34.0,1.0,23.0,1.0,43.0
25,140,2.0,0.0,2.0,[24 26],1.0,43.0,3.0,34.0,2.0,30.0,0.0,17.0,1.0,23.0
25,141,2.0,0.0,2.0,[24 26],1.0,23.0,2.0,30.0,1.0,43.0,0.0,7.0,0.0,17.0
25,142,2.0,0.0,2.0,[24 26],0.0,17.0,1.0,43.0,1.0,23.0,0.0,0.0,0.0,7.0
25,143,2.0,0.0,2.0,[24 26],0.0,7.0,1.0,23.0,0.0,17.0,0.0,0.0,0.0,0.0
26,0,2.0,0.0,2.0,[25 27],1.0,6.0,0.0,0.0,0.0,0.0,0.0,0.0,0.0,3.0
26,1,2.0,0.0,2.0,[25 27],0.0,3.0,0.0,0.0,1.0,6.0,0.0,0.0,0.0,0.0
26,2,2.0,0.0,2.0,[25 27],0.0,0.0,1.0,6.0,0.0,3.0,0.0,0.0,0.0,0.0
26,3,2.0,0.0,2.0,[25 27],0.0,0.0,0.0,3.0,0.0,0.0,0.0,0.0,0.0,0.0
26,4,2.0,0.0,2.0,[25 27],0.0,0.0,0.0,0.0,0.0,0.0,0.0,0.0,0.0,0.0
26,5,2.0,0.0,2.0,[25 27],0.0,0.0,0.0,0.0,0.0,0.0,0.0,0.0,0.0,0.0
26,6,2.0,0.0,2.0,[25 27],0.0,0.0,0.0,0.0,0.0,0.0,0.0,0.0,0.0,0.0
26,7,2.0,0.0,2.0,[25 27],0.0,0.0,0.0,0.0,0.0,0.0,0.0,0.0,0.0,0.0
26,8,2.0,0.0,2.0,[25 27],0.0,0.0,0.0,0.0,0.0,0.0,0.0,0.0,0.0,0.0
26,9,2.0,0.0,2.0,[25 27],0.0,0.0,0.0,0.0,0.0,0.0,0.0,0.0,0.0,0.0
26,10,2.0,0.0,2.0,[25 27],0.0,0.0,0.0,0.0,0.0,0.0,0.0,0.0,0.0,0.0
26,11,2.0,0.0,2.0,[25 27],0.0,0.0,0.0,0.0,0.0,0.0,0.0,0.0,0.0,0.0
26,12,2.0,0.0,2.0,[25 27],0.0,0.0,0.0,0.0,0.0,0.0,0.0,0.0,0.0,0.0
26,13,2.0,0.0,2.0,[25 27],0.0,0.0,0.0,0.0,0.0,0.0,0.0,0.0,0.0,0.0
26,14,2.0,0.0,2.0,[25 27],0.0,0.0,0.0,0.0,0.0,0.0,0.0,0.0,0.0,0.0
26,15,2.0,0.0,2.0,[25 27],0.0,0.0,0.0,0.0,0.0,0.0,0.0,0.0,0.0,0.0
26,16,2.0,0.0,2.0,[25 27],0.0,0.0,0.0,0.0,0.0,0.0,0.0,0.0,0.0,0.0
26,17,2.0,0.0,2.0,[25 27],0.0,0.0,0.0,0.0,0.0,0.0,0.0,0.0,0.0,0.0
26,18,2.0,0.0,2.0,[25 27],0.0,0.0,0.0,0.0,0.0,0.0,0.0,0.0,0.0,0.0
26,19,2.0,0.0,2.0,[25 27],0.0,0.0,0.0,0.0,0.0,0.0,0.0,0.0,0.0,0.0
26,20,2.0,0.0,2.0,[25 27],0.0,0.0,0.0,0.0,0.0,0.0,0.0,0.0,0.0,0.0
26,21,2.0,0.0,2.0,[25 27],0.0,0.0,0.0,0.0,0.0,0.0,0.0,0.0,0.0,0.0
26,22,2.0,0.0,2.0,[25 27],0.0,0.0,0.0,0.0,0.0,0.0,0.0,0.0,0.0,0.0
26,23,2.0,0.0,2.0,[25 27],0.0,0.0,0.0,0.0,0.0,0.0,0.0,0.0,0.0,0.0
26,24,2.0,0.0,2.0,[25 27],0.0,0.0,0.0,0.0,0.0,0.0,0.0,0.0,0.0,0.0
26,25,2.0,0.0,2.0,[25 27],0.0,0.0,0.0,0.0,0.0,0.0,0.0,0.0,0.0,0.0
26,26,2.0,0.0,2.0,[25 27],0.0,0.0,0.0,0.0,0.0,0.0,1.0,1.0,0.0,0.0
26,27,2.0,0.0,2.0,[25 27],0.0,0.0,0.0,0.0,0.0,0.0,0.0,0.0,1.0,1.0
26,28,2.0,0.0,2.0,[25 27],1.0,1.0,0.0,0.0,0.0,0.0,0.0,0.0,0.0,0.0
26,29,2.0,0.0,2.0,[25 27],0.0,0.0,0.0,0.0,1.0,1.0,0.0,0.0,0.0,0.0
26,30,2.0,0.0,2.0,[25 27],0.0,0.0,1.0,1.0,0.0,0.0,0.0,0.0,0.0,0.0
26,31,2.0,0.0,2.0,[25 27],0.0,0.0,0.0,0.0,0.0,0.0,0.0,0.0,0.0,0.0
26,32,2.0,0.0,2.0,[25 27],0.0,0.0,0.0,0.0,0.0,0.0,21.0,0.0,0.0,0.0
26,33,2.0,0.0,2.0,[25 27],0.0,0.0,0.0,0.0,0.0,0.0,28.0,1.0,21.0,0.0
26,34,2.0,0.0,2.0,[25 27],21.0,0.0,0.0,0.0,0.0,0.0,50.0,1.0,28.0,1.0
26,35,2.0,0.0,2.0,[25 27],28.0,1.0,0.0,0.0,21.0,0.0,57.0,0.0,50.0,1.0
26,36,2.0,0.0,2.0,[25 27],50.0,1.0,21.0,0.0,28.0,1.0,80.0,6.0,57.0,0.0
26,37,2.0,0.0,2.0,[25 27],57.0,0.0,28.0,1.0,50.0,1.0,100.0,13.0,80.0,6.0
26,38,2.0,0.0,2.0,[25 27],80.0,6.0,50.0,1.0,57.0,0.0,162.0,3.0,100.0,13.0
26,39,2.0,0.0,2.0,[25 27],100.0,13.0,57.0,0.0,80.0,6.0,150.0,20.0,162.0,3.0
26,40,2.0,0.0,2.0,[25 27],162.0,3.0,80.0,6.0,100.0,13.0,208.0,33.0,150.0,20.0
26,41,2.0,0.0,2.0,[25 27],150.0,20.0,100.0,13.0,162.0,3.0,241.0,39.0,208.0,33.0
26,42,2.0,0.0,2.0,[25 27],208.0,33.0,162.0,3.0,150.0,20.0,331.0,112.0,241.0,39.0
26,43,2.0,0.0,2.0,[25 27],241.0,39.0,150.0,20.0,208.0,33.0,341.0,75.0,331.0,112.0
26,44,2.0,0.0,2.0,[25 27],331.0,112.0,208.0,33.0,241.0,39.0,351.0,59.0,341.0,75.0
26,45,2.0,0.0,2.0,[25 27],341.0,75.0,241.0,39.0,331.0,112.0,356.0,97.0,351.0,59.0
26,46,2.0,0.0,2.0,[25 27],351.0,59.0,331.0,112.0,341.0,75.0,373.0,109.0,356.0,97.0
26,47,2.0,0.0,2.0,[25 27],356.0,97.0,341.0,75.0,351.0,59.0,324.0,223.0,373.0,109.0
26,48,2.0,0.0,2.0,[25 27],373.0,109.0,351.0,59.0,356.0,97.0,311.0,100.0,324.0,223.0
26,49,2.0,0.0,2.0,[25 27],324.0,223.0,356.0,97.0,373.0,109.0,301.0,114.0,311.0,100.0
26,50,2.0,0.0,2.0,[25 27],311.0,100.0,373.0,109.0,324.0,223.0,194.0,97.0,301.0,114.0
26,51,2.0,0.0,2.0,[25 27],301.0,114.0,324.0,223.0,311.0,100.0,129.0,110.0,194.0,97.0
26,52,2.0,0.0,2.0,[25 27],194.0,97.0,311.0,100.0,301.0,114.0,147.0,111.0,129.0,110.0
26,53,2.0,0.0,2.0,[25 27],129.0,110.0,301.0,114.0,194.0,97.0,120.0,62.0,147.0,111.0
26,54,2.0,0.0,2.0,[25 27],147.0,111.0,194.0,97.0,129.0,110.0,89.0,33.0,120.0,62.0
26,55,2.0,0.0,2.0,[25 27],120.0,62.0,129.0,110.0,147.0,111.0,80.0,35.0,89.0,33.0
26,56,2.0,0.0,2.0,[25 27],89.0,33.0,147.0,111.0,120.0,62.0,93.0,64.0,80.0,35.0
26,57,2.0,0.0,2.0,[25 27],80.0,35.0,120.0,62.0,89.0,33.0,102.0,38.0,93.0,64.0
26,58,2.0,0.0,2.0,[25 27],93.0,64.0,89.0,33.0,80.0,35.0,69.0,25.0,102.0,38.0
26,59,2.0,0.0,2.0,[25 27],102.0,38.0,80.0,35.0,93.0,64.0,86.0,68.0,69.0,25.0
26,60,2.0,0.0,2.0,[25 27],69.0,25.0,93.0,64.0,102.0,38.0,72.0,28.0,86.0,68.0
26,61,2.0,0.0,2.0,[25 27],86.0,68.0,102.0,38.0,69.0,25.0,89.0,34.0,72.0,28.0
26,62,2.0,0.0,2.0,[25 27],72.0,28.0,69.0,25.0,86.0,68.0,64.0,73.0,89.0,34.0
26,63,2.0,0.0,2.0,[25 27],89.0,34.0,86.0,68.0,72.0,28.0,89.0,30.0,64.0,73.0
26,64,2.0,0.0,2.0,[25 27],64.0,73.0,72.0,28.0,89.0,34.0,46.0,32.0,89.0,30.0
26,65,2.0,0.0,2.0,[25 27],89.0,30.0,89.0,34.0,64.0,73.0,58.0,89.0,46.0,32.0
26,66,2.0,0.0,2.0,[25 27],46.0,32.0,64.0,73.0,89.0,30.0,60.0,46.0,58.0,89.0
26,67,2.0,0.0,2.0,[25 27],58.0,89.0,89.0,30.0,46.0,32.0,67.0,53.0,60.0,46.0
26,68,2.0,0.0,2.0,[25 27],60.0,46.0,46.0,32.0,58.0,89.0,114.0,82.0,67.0,53.0
26,69,2.0,0.0,2.0,[25 27],67.0,53.0,58.0,89.0,60.0,46.0,144.0,36.0,114.0,82.0
26,70,2.0,0.0,2.0,[25 27],114.0,82.0,60.0,46.0,67.0,53.0,128.0,48.0,144.0,36.0
26,71,2.0,0.0,2.0,[25 27],144.0,36.0,67.0,53.0,114.0,82.0,102.0,51.0,128.0,48.0
26,72,2.0,0.0,2.0,[25 27],128.0,48.0,114.0,82.0,144.0,36.0,64.0,51.0,102.0,51.0
26,73,2.0,0.0,2.0,[25 27],102.0,51.0,144.0,36.0,128.0,48.0,78.0,44.0,64.0,51.0
26,74,2.0,0.0,2.0,[25 27],64.0,51.0,128.0,48.0,102.0,51.0,94.0,69.0,78.0,44.0
26,75,2.0,0.0,2.0,[25 27],78.0,44.0,102.0,51.0,64.0,51.0,85.0,35.0,94.0,69.0
26,76,2.0,0.0,2.0,[25 27],94.0,69.0,64.0,51.0,78.0,44.0,74.0,44.0,85.0,35.0
26,77,2.0,0.0,2.0,[25 27],85.0,35.0,78.0,44.0,94.0,69.0,67.0,60.0,74.0,44.0
26,78,2.0,0.0,2.0,[25 27],74.0,44.0,94.0,69.0,85.0,35.0,74.0,62.0,67.0,60.0
26,79,2.0,0.0,2.0,[25 27],67.0,60.0,85.0,35.0,74.0,44.0,70.0,44.0,74.0,62.0
26,80,2.0,0.0,2.0,[25 27],74.0,62.0,74.0,44.0,67.0,60.0,59.0,77.0,70.0,44.0
26,81,2.0,0.0,2.0,[25 27],70.0,44.0,67.0,60.0,74.0,62.0,70.0,40.0,59.0,77.0
26,82,2.0,0.0,2.0,[25 27],59.0,77.0,74.0,62.0,70.0,44.0,82.0,42.0,70.0,40.0
26,83,2.0,0.0,2.0,[25 27],70.0,40.0,70.0,44.0,59.0,77.0,56.0,84.0,82.0,42.0
26,84,2.0,0.0,2.0,[25 27],82.0,42.0,59.0,77.0,70.0,40.0,73.0,50.0,56.0,84.0
26,85,2.0,0.0,2.0,[25 27],56.0,84.0,70.0,40.0,82.0,42.0,67.0,38.0,73.0,50.0
26,86,2.0,0.0,2.0,[25 27],73.0,50.0,82.0,42.0,56.0,84.0,59.0,104.0,67.0,38.0
26,87,2.0,0.0,2.0,[25 27],67.0,38.0,56.0,84.0,73.0,50.0,62.0,48.0,59.0,104.0
26,88,2.0,0.0,2.0,[25 27],59.0,104.0,73.0,50.0,67.0,38.0,67.0,58.0,62.0,48.0
26,89,2.0,0.0,2.0,[25 27],62.0,48.0,67.0,38.0,59.0,104.0,89.0,96.0,67.0,58.0
26,90,2.0,0.0,2.0,[25 27],67.0,58.0,59.0,104.0,62.0,48.0,95.0,42.0,89.0,96.0
26,91,2.0,0.0,2.0,[25 27],89.0,96.0,62.0,48.0,67.0,58.0,96.0,48.0,95.0,42.0
26,92,2.0,0.0,2.0,[25 27],95.0,42.0,67.0,58.0,89.0,96.0,69.0,127.0,96.0,48.0
26,93,2.0,0.0,2.0,[25 27],96.0,48.0,89.0,96.0,95.0,42.0,74.0,66.0,69.0,127.0
26,94,2.0,0.0,2.0,[25 27],69.0,127.0,95.0,42.0,96.0,48.0,78.0,62.0,74.0,66.0
26,95,2.0,0.0,2.0,[25 27],74.0,66.0,96.0,48.0,69.0,127.0,79.0,130.0,78.0,62.0
26,96,2.0,0.0,2.0,[25 27],78.0,62.0,69.0,127.0,74.0,66.0,82.0,73.0,79.0,130.0
26,97,2.0,0.0,2.0,[25 27],79.0,130.0,74.0,66.0,78.0,62.0,78.0,78.0,82.0,73.0
26,98,2.0,0.0,2.0,[25 27],82.0,73.0,78.0,62.0,79.0,130.0,137.0,169.0,78.0,78.0
26,99,2.0,0.0,2.0,[25 27],78.0,78.0,79.0,130.0,82.0,73.0,135.0,112.0,137.0,169.0
26,100,2.0,0.0,2.0,[25 27],137.0,169.0,82.0,73.0,78.0,78.0,105.0,140.0,135.0,112.0
26,101,2.0,0.0,2.0,[25 27],135.0,112.0,78.0,78.0,137.0,169.0,134.0,188.0,105.0,140.0
26,102,2.0,0.0,2.0,[25 27],105.0,140.0,137.0,169.0,135.0,112.0,97.0,89.0,134.0,188.0
26,103,2.0,0.0,2.0,[25 27],134.0,188.0,135.0,112.0,105.0,140.0,76.0,99.0,97.0,89.0
26,104,2.0,0.0,2.0,[25 27],97.0,89.0,105.0,140.0,134.0,188.0,136.0,239.0,76.0,99.0
26,105,2.0,0.0,2.0,[25 27],76.0,99.0,134.0,188.0,97.0,89.0,122.0,153.0,136.0,239.0
26,106,2.0,0.0,2.0,[25 27],136.0,239.0,97.0,89.0,76.0,99.0,129.0,289.0,122.0,153.0
26,107,2.0,0.0,2.0,[25 27],122.0,153.0,76.0,99.0,136.0,239.0,91.0,255.0,129.0,289.0
26,108,2.0,0.0,2.0,[25 27],129.0,289.0,136.0,239.0,122.0,153.0,149.0,211.0,91.0,255.0
26,109,2.0,0.0,2.0,[25 27],91.0,255.0,122.0,153.0,129.0,289.0,106.0,309.0,149.0,211.0
26,110,2.0,0.0,2.0,[25 27],149.0,211.0,129.0,289.0,91.0,255.0,97.0,261.0,106.0,309.0
26,111,2.0,0.0,2.0,[25 27],106.0,309.0,91.0,255.0,149.0,211.0,91.0,134.0,97.0,261.0
26,112,2.0,0.0,2.0,[25 27],97.0,261.0,149.0,211.0,106.0,309.0,58.0,218.0,91.0,134.0
26,113,2.0,0.0,2.0,[25 27],91.0,134.0,106.0,309.0,97.0,261.0,74.0,139.0,58.0,218.0
26,114,2.0,0.0,2.0,[25 27],58.0,218.0,97.0,261.0,91.0,134.0,57.0,137.0,74.0,139.0
26,115,2.0,0.0,2.0,[25 27],74.0,139.0,91.0,134.0,58.0,218.0,48.0,211.0,57.0,137.0
26,116,2.0,0.0,2.0,[25 27],57.0,137.0,58.0,218.0,74.0,139.0,69.0,114.0,48.0,211.0
26,117,2.0,0.0,2.0,[25 27],48.0,211.0,74.0,139.0,57.0,137.0,51.0,135.0,69.0,114.0
26,118,2.0,0.0,2.0,[25 27],69.0,114.0,57.0,137.0,48.0,211.0,68.0,163.0,51.0,135.0
26,119,2.0,0.0,2.0,[25 27],51.0,135.0,48.0,211.0,69.0,114.0,66.0,105.0,68.0,163.0
26,120,2.0,0.0,2.0,[25 27],68.0,163.0,69.0,114.0,51.0,135.0,60.0,95.0,66.0,105.0
26,121,2.0,0.0,2.0,[25 27],66.0,105.0,51.0,135.0,68.0,163.0,59.0,98.0,60.0,95.0
26,122,2.0,0.0,2.0,[25 27],60.0,95.0,68.0,163.0,66.0,105.0,54.0,129.0,59.0,98.0
26,123,2.0,0.0,2.0,[25 27],59.0,98.0,66.0,105.0,60.0,95.0,52.0,114.0,54.0,129.0
26,124,2.0,0.0,2.0,[25 27],54.0,129.0,60.0,95.0,59.0,98.0,41.0,229.0,52.0,114.0
26,125,2.0,0.0,2.0,[25 27],52.0,114.0,59.0,98.0,54.0,129.0,42.0,142.0,41.0,229.0
26,126,2.0,0.0,2.0,[25 27],41.0,229.0,54.0,129.0,52.0,114.0,41.0,95.0,42.0,142.0
26,127,2.0,0.0,2.0,[25 27],42.0,142.0,52.0,114.0,41.0,229.0,21.0,132.0,41.0,95.0
26,128,2.0,0.0,2.0,[25 27],41.0,95.0,41.0,229.0,42.0,142.0,44.0,117.0,21.0,132.0
26,129,2.0,0.0,2.0,[25 27],21.0,132.0,42.0,142.0,41.0,95.0,31.0,74.0,44.0,117.0
26,130,2.0,0.0,2.0,[25 27],44.0,117.0,41.0,95.0,21.0,132.0,39.0,100.0,31.0,74.0
26,131,2.0,0.0,2.0,[25 27],31.0,74.0,21.0,132.0,44.0,117.0,35.0,88.0,39.0,100.0
26,132,2.0,0.0,2.0,[25 27],39.0,100.0,44.0,117.0,31.0,74.0,29.0,70.0,35.0,88.0
26,133,2.0,0.0,2.0,[25 27],35.0,88.0,31.0,74.0,39.0,100.0,14.0,58.0,29.0,70.0
26,134,2.0,0.0,2.0,[25 27],29.0,70.0,39.0,100.0,35.0,88.0,11.0,79.0,14.0,58.0
26,135,2.0,0.0,2.0,[25 27],14.0,58.0,35.0,88.0,29.0,70.0,7.0,62.0,11.0,79.0
26,136,2.0,0.0,2.0,[25 27],11.0,79.0,29.0,70.0,14.0,58.0,4.0,49.0,7.0,62.0
26,137,2.0,0.0,2.0,[25 27],7.0,62.0,14.0,58.0,11.0,79.0,2.0,48.0,4.0,49.0
26,138,2.0,0.0,2.0,[25 27],4.0,49.0,11.0,79.0,7.0,62.0,2.0,29.0,2.0,48.0
26,139,2.0,0.0,2.0,[25 27],2.0,48.0,7.0,62.0,4.0,49.0,1.0,21.0,2.0,29.0
26,140,2.0,0.0,2.0,[25 27],2.0,29.0,4.0,49.0,2.0,48.0,1.0,18.0,1.0,21.0
26,141,2.0,0.0,2.0,[25 27],1.0,21.0,2.0,48.0,2.0,29.0,0.0,0.0,1.0,18.0
26,142,2.0,0.0,2.0,[25 27],1.0,18.0,2.0,29.0,1.0,21.0,0.0,0.0,0.0,0.0
26,143,2.0,0.0,2.0,[25 27],0.0,0.0,1.0,21.0,1.0,18.0,0.0,0.0,0.0,0.0
27,0,2.0,0.0,1.0,[26],0.0,10.0,0.0,0.0,0.0,0.0,0.0,0.0,0.0,2.0
27,1,2.0,0.0,1.0,[26],0.0,2.0,0.0,0.0,0.0,10.0,0.0,0.0,0.0,0.0
27,2,2.0,0.0,1.0,[26],0.0,0.0,0.0,10.0,0.0,2.0,0.0,0.0,0.0,0.0
27,3,2.0,0.0,1.0,[26],0.0,0.0,0.0,2.0,0.0,0.0,0.0,0.0,0.0,0.0
27,4,2.0,0.0,1.0,[26],0.0,0.0,0.0,0.0,0.0,0.0,0.0,0.0,0.0,0.0
27,5,2.0,0.0,1.0,[26],0.0,0.0,0.0,0.0,0.0,0.0,0.0,0.0,0.0,0.0
27,6,2.0,0.0,1.0,[26],0.0,0.0,0.0,0.0,0.0,0.0,0.0,0.0,0.0,0.0
27,7,2.0,0.0,1.0,[26],0.0,0.0,0.0,0.0,0.0,0.0,0.0,0.0,0.0,0.0
27,8,2.0,0.0,1.0,[26],0.0,0.0,0.0,0.0,0.0,0.0,0.0,0.0,0.0,0.0
27,9,2.0,0.0,1.0,[26],0.0,0.0,0.0,0.0,0.0,0.0,0.0,0.0,0.0,0.0
27,10,2.0,0.0,1.0,[26],0.0,0.0,0.0,0.0,0.0,0.0,0.0,0.0,0.0,0.0
27,11,2.0,0.0,1.0,[26],0.0,0.0,0.0,0.0,0.0,0.0,0.0,0.0,0.0,0.0
27,12,2.0,0.0,1.0,[26],0.0,0.0,0.0,0.0,0.0,0.0,0.0,0.0,0.0,0.0
27,13,2.0,0.0,1.0,[26],0.0,0.0,0.0,0.0,0.0,0.0,0.0,0.0,0.0,0.0
27,14,2.0,0.0,1.0,[26],0.0,0.0,0.0,0.0,0.0,0.0,0.0,0.0,0.0,0.0
27,15,2.0,0.0,1.0,[26],0.0,0.0,0.0,0.0,0.0,0.0,0.0,0.0,0.0,0.0
27,16,2.0,0.0,1.0,[26],0.0,0.0,0.0,0.0,0.0,0.0,0.0,0.0,0.0,0.0
27,17,2.0,0.0,1.0,[26],0.0,0.0,0.0,0.0,0.0,0.0,0.0,0.0,0.0,0.0
27,18,2.0,0.0,1.0,[26],0.0,0.0,0.0,0.0,0.0,0.0,0.0,0.0,0.0,0.0
27,19,2.0,0.0,1.0,[26],0.0,0.0,0.0,0.0,0.0,0.0,0.0,0.0,0.0,0.0
27,20,2.0,0.0,1.0,[26],0.0,0.0,0.0,0.0,0.0,0.0,0.0,0.0,0.0,0.0
27,21,2.0,0.0,1.0,[26],0.0,0.0,0.0,0.0,0.0,0.0,0.0,0.0,0.0,0.0
27,22,2.0,0.0,1.0,[26],0.0,0.0,0.0,0.0,0.0,0.0,0.0,0.0,0.0,0.0
27,23,2.0,0.0,1.0,[26],0.0,0.0,0.0,0.0,0.0,0.0,0.0,0.0,0.0,0.0
27,24,2.0,0.0,1.0,[26],0.0,0.0,0.0,0.0,0.0,0.0,0.0,0.0,0.0,0.0
27,25,2.0,0.0,1.0,[26],0.0,0.0,0.0,0.0,0.0,0.0,0.0,0.0,0.0,0.0
27,26,2.0,0.0,1.0,[26],0.0,0.0,0.0,0.0,0.0,0.0,0.0,0.0,0.0,0.0
27,27,2.0,0.0,1.0,[26],0.0,0.0,0.0,0.0,0.0,0.0,0.0,0.0,0.0,0.0
27,28,2.0,0.0,1.0,[26],0.0,0.0,0.0,0.0,0.0,0.0,0.0,0.0,0.0,0.0
27,29,2.0,0.0,1.0,[26],0.0,0.0,0.0,0.0,0.0,0.0,0.0,0.0,0.0,0.0
27,30,2.0,0.0,1.0,[26],0.0,0.0,0.0,0.0,0.0,0.0,0.0,0.0,0.0,0.0
27,31,2.0,0.0,1.0,[26],0.0,0.0,0.0,0.0,0.0,0.0,12.0,2.0,0.0,0.0
27,32,2.0,0.0,1.0,[26],0.0,0.0,0.0,0.0,0.0,0.0,27.0,3.0,12.0,2.0
27,33,2.0,0.0,1.0,[26],12.0,2.0,0.0,0.0,0.0,0.0,33.0,3.0,27.0,3.0
27,34,2.0,0.0,1.0,[26],27.0,3.0,0.0,0.0,12.0,2.0,47.0,1.0,33.0,3.0
27,35,2.0,0.0,1.0,[26],33.0,3.0,12.0,2.0,27.0,3.0,44.0,1.0,47.0,1.0
27,36,2.0,0.0,1.0,[26],47.0,1.0,27.0,3.0,33.0,3.0,67.0,4.0,44.0,1.0
27,37,2.0,0.0,1.0,[26],44.0,1.0,33.0,3.0,47.0,1.0,101.0,3.0,67.0,4.0
27,38,2.0,0.0,1.0,[26],67.0,4.0,47.0,1.0,44.0,1.0,132.0,17.0,101.0,3.0
27,39,2.0,0.0,1.0,[26],101.0,3.0,44.0,1.0,67.0,4.0,181.0,10.0,132.0,17.0
27,40,2.0,0.0,1.0,[26],132.0,17.0,67.0,4.0,101.0,3.0,249.0,19.0,181.0,10.0
27,41,2.0,0.0,1.0,[26],181.0,10.0,101.0,3.0,132.0,17.0,329.0,25.0,249.0,19.0
27,42,2.0,0.0,1.0,[26],249.0,19.0,132.0,17.0,181.0,10.0,375.0,28.0,329.0,25.0
27,43,2.0,0.0,1.0,[26],329.0,25.0,181.0,10.0,249.0,19.0,429.0,47.0,375.0,28.0
27,44,2.0,0.0,1.0,[26],375.0,28.0,249.0,19.0,329.0,25.0,484.0,152.0,429.0,47.0
27,45,2.0,0.0,1.0,[26],429.0,47.0,329.0,25.0,375.0,28.0,488.0,63.0,484.0,152.0
27,46,2.0,0.0,1.0,[26],484.0,152.0,375.0,28.0,429.0,47.0,427.0,73.0,488.0,63.0
27,47,2.0,0.0,1.0,[26],488.0,63.0,429.0,47.0,484.0,152.0,426.0,87.0,427.0,73.0
27,48,2.0,0.0,1.0,[26],427.0,73.0,484.0,152.0,488.0,63.0,347.0,108.0,426.0,87.0
27,49,2.0,0.0,1.0,[26],426.0,87.0,488.0,63.0,427.0,73.0,298.0,43.0,347.0,108.0
27,50,2.0,0.0,1.0,[26],347.0,108.0,427.0,73.0,426.0,87.0,222.0,44.0,298.0,43.0
27,51,2.0,0.0,1.0,[26],298.0,43.0,426.0,87.0,347.0,108.0,151.0,49.0,222.0,44.0
27,52,2.0,0.0,1.0,[26],222.0,44.0,347.0,108.0,298.0,43.0,167.0,42.0,151.0,49.0
27,53,2.0,0.0,1.0,[26],151.0,49.0,298.0,43.0,222.0,44.0,137.0,28.0,167.0,42.0
27,54,2.0,0.0,1.0,[26],167.0,42.0,222.0,44.0,151.0,49.0,123.0,60.0,137.0,28.0
27,55,2.0,0.0,1.0,[26],137.0,28.0,151.0,49.0,167.0,42.0,108.0,39.0,123.0,60.0
27,56,2.0,0.0,1.0,[26],123.0,60.0,167.0,42.0,137.0,28.0,94.0,32.0,108.0,39.0
27,57,2.0,0.0,1.0,[26],108.0,39.0,137.0,28.0,123.0,60.0,81.0,32.0,94.0,32.0
27,58,2.0,0.0,1.0,[26],94.0,32.0,123.0,60.0,108.0,39.0,79.0,31.0,81.0,32.0
27,59,2.0,0.0,1.0,[26],81.0,32.0,108.0,39.0,94.0,32.0,87.0,29.0,79.0,31.0
27,60,2.0,0.0,1.0,[26],79.0,31.0,94.0,32.0,81.0,32.0,82.0,41.0,87.0,29.0
27,61,2.0,0.0,1.0,[26],87.0,29.0,81.0,32.0,79.0,31.0,81.0,26.0,82.0,41.0
27,62,2.0,0.0,1.0,[26],82.0,41.0,79.0,31.0,87.0,29.0,78.0,27.0,81.0,26.0
27,63,2.0,0.0,1.0,[26],81.0,26.0,87.0,29.0,82.0,41.0,79.0,46.0,78.0,27.0
27,64,2.0,0.0,1.0,[26],78.0,27.0,82.0,41.0,81.0,26.0,54.0,18.0,79.0,46.0
27,65,2.0,0.0,1.0,[26],79.0,46.0,81.0,26.0,78.0,27.0,58.0,25.0,54.0,18.0
27,66,2.0,0.0,1.0,[26],54.0,18.0,78.0,27.0,79.0,46.0,64.0,51.0,58.0,25.0
27,67,2.0,0.0,1.0,[26],58.0,25.0,79.0,46.0,54.0,18.0,53.0,30.0,64.0,51.0
27,68,2.0,0.0,1.0,[26],64.0,51.0,54.0,18.0,58.0,25.0,79.0,34.0,53.0,30.0
27,69,2.0,0.0,1.0,[26],53.0,30.0,58.0,25.0,64.0,51.0,69.0,54.0,79.0,34.0
27,70,2.0,0.0,1.0,[26],79.0,34.0,64.0,51.0,53.0,30.0,79.0,42.0,69.0,54.0
27,71,2.0,0.0,1.0,[26],69.0,54.0,53.0,30.0,79.0,34.0,81.0,32.0,79.0,42.0
27,72,2.0,0.0,1.0,[26],79.0,42.0,79.0,34.0,69.0,54.0,67.0,60.0,81.0,32.0
27,73,2.0,0.0,1.0,[26],81.0,32.0,69.0,54.0,79.0,42.0,69.0,40.0,67.0,60.0
27,74,2.0,0.0,1.0,[26],67.0,60.0,79.0,42.0,81.0,32.0,76.0,44.0,69.0,40.0
27,75,2.0,0.0,1.0,[26],69.0,40.0,81.0,32.0,67.0,60.0,68.0,68.0,76.0,44.0
27,76,2.0,0.0,1.0,[26],76.0,44.0,67.0,60.0,69.0,40.0,72.0,26.0,68.0,68.0
27,77,2.0,0.0,1.0,[26],68.0,68.0,69.0,40.0,76.0,44.0,77.0,30.0,72.0,26.0
27,78,2.0,0.0,1.0,[26],72.0,26.0,76.0,44.0,68.0,68.0,63.0,67.0,77.0,30.0
27,79,2.0,0.0,1.0,[26],77.0,30.0,68.0,68.0,72.0,26.0,60.0,35.0,63.0,67.0
27,80,2.0,0.0,1.0,[26],63.0,67.0,72.0,26.0,77.0,30.0,66.0,58.0,60.0,35.0
27,81,2.0,0.0,1.0,[26],60.0,35.0,77.0,30.0,63.0,67.0,39.0,84.0,66.0,58.0
27,82,2.0,0.0,1.0,[26],66.0,58.0,63.0,67.0,60.0,35.0,63.0,38.0,39.0,84.0
27,83,2.0,0.0,1.0,[26],39.0,84.0,60.0,35.0,66.0,58.0,69.0,35.0,63.0,38.0
27,84,2.0,0.0,1.0,[26],63.0,38.0,66.0,58.0,39.0,84.0,52.0,62.0,69.0,35.0
27,85,2.0,0.0,1.0,[26],69.0,35.0,39.0,84.0,63.0,38.0,56.0,36.0,52.0,62.0
27,86,2.0,0.0,1.0,[26],52.0,62.0,63.0,38.0,69.0,35.0,62.0,40.0,56.0,36.0
27,87,2.0,0.0,1.0,[26],56.0,36.0,69.0,35.0,52.0,62.0,60.0,68.0,62.0,40.0
27,88,2.0,0.0,1.0,[26],62.0,40.0,52.0,62.0,56.0,36.0,59.0,35.0,60.0,68.0
27,89,2.0,0.0,1.0,[26],60.0,68.0,56.0,36.0,62.0,40.0,45.0,45.0,59.0,35.0
27,90,2.0,0.0,1.0,[26],59.0,35.0,62.0,40.0,60.0,68.0,53.0,88.0,45.0,45.0
27,91,2.0,0.0,1.0,[26],45.0,45.0,60.0,68.0,59.0,35.0,56.0,48.0,53.0,88.0
27,92,2.0,0.0,1.0,[26],53.0,88.0,59.0,35.0,45.0,45.0,48.0,54.0,56.0,48.0
27,93,2.0,0.0,1.0,[26],56.0,48.0,45.0,45.0,53.0,88.0,43.0,121.0,48.0,54.0
27,94,2.0,0.0,1.0,[26],48.0,54.0,53.0,88.0,56.0,48.0,54.0,74.0,43.0,121.0
27,95,2.0,0.0,1.0,[26],43.0,121.0,56.0,48.0,48.0,54.0,55.0,45.0,54.0,74.0
27,96,2.0,0.0,1.0,[26],54.0,74.0,48.0,54.0,43.0,121.0,51.0,103.0,55.0,45.0
27,97,2.0,0.0,1.0,[26],55.0,45.0,43.0,121.0,54.0,74.0,62.0,65.0,51.0,103.0
27,98,2.0,0.0,1.0,[26],51.0,103.0,54.0,74.0,55.0,45.0,67.0,63.0,62.0,65.0
27,99,2.0,0.0,1.0,[26],62.0,65.0,55.0,45.0,51.0,103.0,85.0,137.0,67.0,63.0
27,100,2.0,0.0,1.0,[26],67.0,63.0,51.0,103.0,62.0,65.0,76.0,79.0,85.0,137.0
27,101,2.0,0.0,1.0,[26],85.0,137.0,62.0,65.0,67.0,63.0,108.0,77.0,76.0,79.0
27,102,2.0,0.0,1.0,[26],76.0,79.0,67.0,63.0,85.0,137.0,101.0,169.0,108.0,77.0
27,103,2.0,0.0,1.0,[26],108.0,77.0,85.0,137.0,76.0,79.0,113.0,92.0,101.0,169.0
27,104,2.0,0.0,1.0,[26],101.0,169.0,76.0,79.0,108.0,77.0,104.0,115.0,113.0,92.0
27,105,2.0,0.0,1.0,[26],113.0,92.0,108.0,77.0,101.0,169.0,90.0,234.0,104.0,115.0
27,106,2.0,0.0,1.0,[26],104.0,115.0,101.0,169.0,113.0,92.0,82.0,188.0,90.0,234.0
27,107,2.0,0.0,1.0,[26],90.0,234.0,113.0,92.0,104.0,115.0,62.0,248.0,82.0,188.0
27,108,2.0,0.0,1.0,[26],82.0,188.0,104.0,115.0,90.0,234.0,77.0,272.0,62.0,248.0
27,109,2.0,0.0,1.0,[26],62.0,248.0,90.0,234.0,82.0,188.0,57.0,232.0,77.0,272.0
27,110,2.0,0.0,1.0,[26],77.0,272.0,82.0,188.0,62.0,248.0,59.0,282.0,57.0,232.0
27,111,2.0,0.0,1.0,[26],57.0,232.0,62.0,248.0,77.0,272.0,46.0,265.0,59.0,282.0
27,112,2.0,0.0,1.0,[26],59.0,282.0,77.0,272.0,57.0,232.0,57.0,216.0,46.0,265.0
27,113,2.0,0.0,1.0,[26],46.0,265.0,57.0,232.0,59.0,282.0,44.0,241.0,57.0,216.0
27,114,2.0,0.0,1.0,[26],57.0,216.0,59.0,282.0,46.0,265.0,43.0,142.0,44.0,241.0
27,115,2.0,0.0,1.0,[26],44.0,241.0,46.0,265.0,57.0,216.0,32.0,138.0,43.0,142.0
27,116,2.0,0.0,1.0,[26],43.0,142.0,57.0,216.0,44.0,241.0,42.0,238.0,32.0,138.0
27,117,2.0,0.0,1.0,[26],32.0,138.0,44.0,241.0,43.0,142.0,39.0,126.0,42.0,238.0
27,118,2.0,0.0,1.0,[26],42.0,238.0,43.0,142.0,32.0,138.0,37.0,103.0,39.0,126.0
27,119,2.0,0.0,1.0,[26],39.0,126.0,32.0,138.0,42.0,238.0,42.0,217.0,37.0,103.0
27,120,2.0,0.0,1.0,[26],37.0,103.0,42.0,238.0,39.0,126.0,34.0,122.0,42.0,217.0
27,121,2.0,0.0,1.0,[26],42.0,217.0,39.0,126.0,37.0,103.0,14.0,128.0,34.0,122.0
27,122,2.0,0.0,1.0,[26],34.0,122.0,37.0,103.0,42.0,217.0,26.0,116.0,14.0,128.0
27,123,2.0,0.0,1.0,[26],14.0,128.0,42.0,217.0,34.0,122.0,35.0,135.0,26.0,116.0
27,124,2.0,0.0,1.0,[26],26.0,116.0,34.0,122.0,14.0,128.0,22.0,137.0,35.0,135.0
27,125,2.0,0.0,1.0,[26],35.0,135.0,14.0,128.0,26.0,116.0,23.0,179.0,22.0,137.0
27,126,2.0,0.0,1.0,[26],22.0,137.0,26.0,116.0,35.0,135.0,28.0,207.0,23.0,179.0
27,127,2.0,0.0,1.0,[26],23.0,179.0,35.0,135.0,22.0,137.0,18.0,21.0,28.0,207.0
27,128,2.0,0.0,1.0,[26],28.0,207.0,22.0,137.0,23.0,179.0,17.0,175.0,18.0,21.0
27,129,2.0,0.0,1.0,[26],18.0,21.0,23.0,179.0,28.0,207.0,29.0,197.0,17.0,175.0
27,130,2.0,0.0,1.0,[26],17.0,175.0,28.0,207.0,18.0,21.0,21.0,112.0,29.0,197.0
27,131,2.0,0.0,1.0,[26],29.0,197.0,18.0,21.0,17.0,175.0,15.0,123.0,21.0,112.0
27,132,2.0,0.0,1.0,[26],21.0,112.0,17.0,175.0,29.0,197.0,8.0,71.0,15.0,123.0
27,133,2.0,0.0,1.0,[26],15.0,123.0,29.0,197.0,21.0,112.0,10.0,91.0,8.0,71.0
27,134,2.0,0.0,1.0,[26],8.0,71.0,21.0,112.0,15.0,123.0,3.0,65.0,10.0,91.0
27,135,2.0,0.0,1.0,[26],10.0,91.0,15.0,123.0,8.0,71.0,4.0,73.0,3.0,65.0
27,136,2.0,0.0,1.0,[26],3.0,65.0,8.0,71.0,10.0,91.0,1.0,50.0,4.0,73.0
27,137,2.0,0.0,1.0,[26],4.0,73.0,10.0,91.0,3.0,65.0,0.0,59.0,1.0,50.0
27,138,2.0,0.0,1.0,[26],1.0,50.0,3.0,65.0,4.0,73.0,0.0,47.0,0.0,59.0
27,139,2.0,0.0,1.0,[26],0.0,59.0,4.0,73.0,1.0,50.0,0.0,37.0,0.0,47.0
27,140,2.0,0.0,1.0,[26],0.0,47.0,1.0,50.0,0.0,59.0,0.0,4.0,0.0,37.0
27,141,2.0,0.0,1.0,[26],0.0,37.0,0.0,59.0,0.0,47.0,0.0,15.0,0.0,4.0
27,142,2.0,0.0,1.0,[26],0.0,4.0,0.0,47.0,0.0,37.0,0.0,0.0,0.0,15.0
27,143,2.0,0.0,1.0,[26],0.0,15.0,0.0,37.0,0.0,4.0,0.0,0.0,0.0,0.0
28,0,2.0,0.0,2.0,[20 29],2.0,2.0,0.0,0.0,0.0,0.0,0.0,0.0,0.0,1.0
28,1,2.0,0.0,2.0,[20 29],0.0,1.0,0.0,0.0,2.0,2.0,0.0,0.0,0.0,0.0
28,2,2.0,0.0,2.0,[20 29],0.0,0.0,2.0,2.0,0.0,1.0,0.0,0.0,0.0,0.0
28,3,2.0,0.0,2.0,[20 29],0.0,0.0,0.0,1.0,0.0,0.0,0.0,0.0,0.0,0.0
28,4,2.0,0.0,2.0,[20 29],0.0,0.0,0.0,0.0,0.0,0.0,0.0,0.0,0.0,0.0
28,5,2.0,0.0,2.0,[20 29],0.0,0.0,0.0,0.0,0.0,0.0,0.0,0.0,0.0,0.0
28,6,2.0,0.0,2.0,[20 29],0.0,0.0,0.0,0.0,0.0,0.0,0.0,0.0,0.0,0.0
28,7,2.0,0.0,2.0,[20 29],0.0,0.0,0.0,0.0,0.0,0.0,0.0,0.0,0.0,0.0
28,8,2.0,0.0,2.0,[20 29],0.0,0.0,0.0,0.0,0.0,0.0,0.0,0.0,0.0,0.0
28,9,2.0,0.0,2.0,[20 29],0.0,0.0,0.0,0.0,0.0,0.0,0.0,0.0,0.0,0.0
28,10,2.0,0.0,2.0,[20 29],0.0,0.0,0.0,0.0,0.0,0.0,0.0,0.0,0.0,0.0
28,11,2.0,0.0,2.0,[20 29],0.0,0.0,0.0,0.0,0.0,0.0,0.0,0.0,0.0,0.0
28,12,2.0,0.0,2.0,[20 29],0.0,0.0,0.0,0.0,0.0,0.0,0.0,0.0,0.0,0.0
28,13,2.0,0.0,2.0,[20 29],0.0,0.0,0.0,0.0,0.0,0.0,0.0,0.0,0.0,0.0
28,14,2.0,0.0,2.0,[20 29],0.0,0.0,0.0,0.0,0.0,0.0,0.0,0.0,0.0,0.0
28,15,2.0,0.0,2.0,[20 29],0.0,0.0,0.0,0.0,0.0,0.0,0.0,0.0,0.0,0.0
28,16,2.0,0.0,2.0,[20 29],0.0,0.0,0.0,0.0,0.0,0.0,0.0,0.0,0.0,0.0
28,17,2.0,0.0,2.0,[20 29],0.0,0.0,0.0,0.0,0.0,0.0,0.0,0.0,0.0,0.0
28,18,2.0,0.0,2.0,[20 29],0.0,0.0,0.0,0.0,0.0,0.0,0.0,0.0,0.0,0.0
28,19,2.0,0.0,2.0,[20 29],0.0,0.0,0.0,0.0,0.0,0.0,0.0,0.0,0.0,0.0
28,20,2.0,0.0,2.0,[20 29],0.0,0.0,0.0,0.0,0.0,0.0,0.0,0.0,0.0,0.0
28,21,2.0,0.0,2.0,[20 29],0.0,0.0,0.0,0.0,0.0,0.0,0.0,0.0,0.0,0.0
28,22,2.0,0.0,2.0,[20 29],0.0,0.0,0.0,0.0,0.0,0.0,0.0,0.0,0.0,0.0
28,23,2.0,0.0,2.0,[20 29],0.0,0.0,0.0,0.0,0.0,0.0,0.0,0.0,0.0,0.0
28,24,2.0,0.0,2.0,[20 29],0.0,0.0,0.0,0.0,0.0,0.0,0.0,0.0,0.0,0.0
28,25,2.0,0.0,2.0,[20 29],0.0,0.0,0.0,0.0,0.0,0.0,0.0,0.0,0.0,0.0
28,26,2.0,0.0,2.0,[20 29],0.0,0.0,0.0,0.0,0.0,0.0,0.0,0.0,0.0,0.0
28,27,2.0,0.0,2.0,[20 29],0.0,0.0,0.0,0.0,0.0,0.0,0.0,0.0,0.0,0.0
28,28,2.0,0.0,2.0,[20 29],0.0,0.0,0.0,0.0,0.0,0.0,0.0,0.0,0.0,0.0
28,29,2.0,0.0,2.0,[20 29],0.0,0.0,0.0,0.0,0.0,0.0,0.0,0.0,0.0,0.0
28,30,2.0,0.0,2.0,[20 29],0.0,0.0,0.0,0.0,0.0,0.0,1.0,0.0,0.0,0.0
28,31,2.0,0.0,2.0,[20 29],0.0,0.0,0.0,0.0,0.0,0.0,0.0,0.0,1.0,0.0
28,32,2.0,0.0,2.0,[20 29],1.0,0.0,0.0,0.0,0.0,0.0,0.0,0.0,0.0,0.0
28,33,2.0,0.0,2.0,[20 29],0.0,0.0,0.0,0.0,1.0,0.0,4.0,0.0,0.0,0.0
28,34,2.0,0.0,2.0,[20 29],0.0,0.0,1.0,0.0,0.0,0.0,26.0,2.0,4.0,0.0
28,35,2.0,0.0,2.0,[20 29],4.0,0.0,0.0,0.0,0.0,0.0,22.0,2.0,26.0,2.0
28,36,2.0,0.0,2.0,[20 29],26.0,2.0,0.0,0.0,4.0,0.0,38.0,6.0,22.0,2.0
28,37,2.0,0.0,2.0,[20 29],22.0,2.0,4.0,0.0,26.0,2.0,50.0,17.0,38.0,6.0
28,38,2.0,0.0,2.0,[20 29],38.0,6.0,26.0,2.0,22.0,2.0,64.0,50.0,50.0,17.0
28,39,2.0,0.0,2.0,[20 29],50.0,17.0,22.0,2.0,38.0,6.0,78.0,21.0,64.0,50.0
28,40,2.0,0.0,2.0,[20 29],64.0,50.0,38.0,6.0,50.0,17.0,75.0,45.0,78.0,21.0
28,41,2.0,0.0,2.0,[20 29],78.0,21.0,50.0,17.0,64.0,50.0,111.0,66.0,75.0,45.0
28,42,2.0,0.0,2.0,[20 29],75.0,45.0,64.0,50.0,78.0,21.0,135.0,53.0,111.0,66.0
28,43,2.0,0.0,2.0,[20 29],111.0,66.0,78.0,21.0,75.0,45.0,138.0,22.0,135.0,53.0
28,44,2.0,0.0,2.0,[20 29],135.0,53.0,75.0,45.0,111.0,66.0,189.0,16.0,138.0,22.0
28,45,2.0,0.0,2.0,[20 29],138.0,22.0,111.0,66.0,135.0,53.0,212.0,25.0,189.0,16.0
28,46,2.0,0.0,2.0,[20 29],189.0,16.0,135.0,53.0,138.0,22.0,204.0,37.0,212.0,25.0
28,47,2.0,0.0,2.0,[20 29],212.0,25.0,138.0,22.0,189.0,16.0,197.0,25.0,204.0,37.0
28,48,2.0,0.0,2.0,[20 29],204.0,37.0,189.0,16.0,212.0,25.0,172.0,36.0,197.0,25.0
28,49,2.0,0.0,2.0,[20 29],197.0,25.0,212.0,25.0,204.0,37.0,138.0,30.0,172.0,36.0
28,50,2.0,0.0,2.0,[20 29],172.0,36.0,204.0,37.0,197.0,25.0,124.0,47.0,138.0,30.0
28,51,2.0,0.0,2.0,[20 29],138.0,30.0,197.0,25.0,172.0,36.0,94.0,36.0,124.0,47.0
28,52,2.0,0.0,2.0,[20 29],124.0,47.0,172.0,36.0,138.0,30.0,62.0,48.0,94.0,36.0
28,53,2.0,0.0,2.0,[20 29],94.0,36.0,138.0,30.0,124.0,47.0,71.0,30.0,62.0,48.0
28,54,2.0,0.0,2.0,[20 29],62.0,48.0,124.0,47.0,94.0,36.0,67.0,12.0,71.0,30.0
28,55,2.0,0.0,2.0,[20 29],71.0,30.0,94.0,36.0,62.0,48.0,41.0,26.0,67.0,12.0
28,56,2.0,0.0,2.0,[20 29],67.0,12.0,62.0,48.0,71.0,30.0,35.0,14.0,41.0,26.0
28,57,2.0,0.0,2.0,[20 29],41.0,26.0,71.0,30.0,67.0,12.0,53.0,11.0,35.0,14.0
28,58,2.0,0.0,2.0,[20 29],35.0,14.0,67.0,12.0,41.0,26.0,28.0,27.0,53.0,11.0
28,59,2.0,0.0,2.0,[20 29],53.0,11.0,41.0,26.0,35.0,14.0,34.0,15.0,28.0,27.0
28,60,2.0,0.0,2.0,[20 29],28.0,27.0,35.0,14.0,53.0,11.0,55.0,23.0,34.0,15.0
28,61,2.0,0.0,2.0,[20 29],34.0,15.0,53.0,11.0,28.0,27.0,47.0,33.0,55.0,23.0
28,62,2.0,0.0,2.0,[20 29],55.0,23.0,28.0,27.0,34.0,15.0,33.0,27.0,47.0,33.0
28,63,2.0,0.0,2.0,[20 29],47.0,33.0,34.0,15.0,55.0,23.0,48.0,8.0,33.0,27.0
28,64,2.0,0.0,2.0,[20 29],33.0,27.0,55.0,23.0,47.0,33.0,46.0,34.0,48.0,8.0
28,65,2.0,0.0,2.0,[20 29],48.0,8.0,47.0,33.0,33.0,27.0,36.0,20.0,46.0,34.0
28,66,2.0,0.0,2.0,[20 29],46.0,34.0,33.0,27.0,48.0,8.0,38.0,18.0,36.0,20.0
28,67,2.0,0.0,2.0,[20 29],36.0,20.0,48.0,8.0,46.0,34.0,32.0,32.0,38.0,18.0
28,68,2.0,0.0,2.0,[20 29],38.0,18.0,46.0,34.0,36.0,20.0,69.0,18.0,32.0,32.0
28,69,2.0,0.0,2.0,[20 29],32.0,32.0,36.0,20.0,38.0,18.0,54.0,11.0,69.0,18.0
28,70,2.0,0.0,2.0,[20 29],69.0,18.0,38.0,18.0,32.0,32.0,50.0,35.0,54.0,11.0
28,71,2.0,0.0,2.0,[20 29],54.0,11.0,32.0,32.0,69.0,18.0,74.0,20.0,50.0,35.0
28,72,2.0,0.0,2.0,[20 29],50.0,35.0,69.0,18.0,54.0,11.0,42.0,16.0,74.0,20.0
28,73,2.0,0.0,2.0,[20 29],74.0,20.0,54.0,11.0,50.0,35.0,38.0,35.0,42.0,16.0
28,74,2.0,0.0,2.0,[20 29],42.0,16.0,50.0,35.0,74.0,20.0,47.0,20.0,38.0,35.0
28,75,2.0,0.0,2.0,[20 29],38.0,35.0,74.0,20.0,42.0,16.0,39.0,19.0,47.0,20.0
28,76,2.0,0.0,2.0,[20 29],47.0,20.0,42.0,16.0,38.0,35.0,41.0,30.0,39.0,19.0
28,77,2.0,0.0,2.0,[20 29],39.0,19.0,38.0,35.0,47.0,20.0,40.0,16.0,41.0,30.0
28,78,2.0,0.0,2.0,[20 29],41.0,30.0,47.0,20.0,39.0,19.0,34.0,13.0,40.0,16.0
28,79,2.0,0.0,2.0,[20 29],40.0,16.0,39.0,19.0,41.0,30.0,31.0,40.0,34.0,13.0
28,80,2.0,0.0,2.0,[20 29],34.0,13.0,41.0,30.0,40.0,16.0,45.0,19.0,31.0,40.0
28,81,2.0,0.0,2.0,[20 29],31.0,40.0,40.0,16.0,34.0,13.0,41.0,7.0,45.0,19.0
28,82,2.0,0.0,2.0,[20 29],45.0,19.0,34.0,13.0,31.0,40.0,32.0,41.0,41.0,7.0
28,83,2.0,0.0,2.0,[20 29],41.0,7.0,31.0,40.0,45.0,19.0,24.0,16.0,32.0,41.0
28,84,2.0,0.0,2.0,[20 29],32.0,41.0,45.0,19.0,41.0,7.0,26.0,18.0,24.0,16.0
28,85,2.0,0.0,2.0,[20 29],24.0,16.0,41.0,7.0,32.0,41.0,32.0,32.0,26.0,18.0
28,86,2.0,0.0,2.0,[20 29],26.0,18.0,32.0,41.0,24.0,16.0,29.0,19.0,32.0,32.0
28,87,2.0,0.0,2.0,[20 29],32.0,32.0,24.0,16.0,26.0,18.0,19.0,26.0,29.0,19.0
28,88,2.0,0.0,2.0,[20 29],29.0,19.0,26.0,18.0,32.0,32.0,26.0,49.0,19.0,26.0
28,89,2.0,0.0,2.0,[20 29],19.0,26.0,32.0,32.0,29.0,19.0,49.0,41.0,26.0,49.0
28,90,2.0,0.0,2.0,[20 29],26.0,49.0,29.0,19.0,19.0,26.0,106.0,28.0,49.0,41.0
28,91,2.0,0.0,2.0,[20 29],49.0,41.0,19.0,26.0,26.0,49.0,112.0,55.0,106.0,28.0
28,92,2.0,0.0,2.0,[20 29],106.0,28.0,26.0,49.0,49.0,41.0,44.0,35.0,112.0,55.0
28,93,2.0,0.0,2.0,[20 29],112.0,55.0,49.0,41.0,106.0,28.0,35.0,31.0,44.0,35.0
28,94,2.0,0.0,2.0,[20 29],44.0,35.0,106.0,28.0,112.0,55.0,35.0,64.0,35.0,31.0
28,95,2.0,0.0,2.0,[20 29],35.0,31.0,112.0,55.0,44.0,35.0,36.0,26.0,35.0,64.0
28,96,2.0,0.0,2.0,[20 29],35.0,64.0,44.0,35.0,35.0,31.0,35.0,40.0,36.0,26.0
28,97,2.0,0.0,2.0,[20 29],36.0,26.0,35.0,31.0,35.0,64.0,31.0,62.0,35.0,40.0
28,98,2.0,0.0,2.0,[20 29],35.0,40.0,35.0,64.0,36.0,26.0,37.0,29.0,31.0,62.0
28,99,2.0,0.0,2.0,[20 29],31.0,62.0,36.0,26.0,35.0,40.0,24.0,41.0,37.0,29.0
28,100,2.0,0.0,2.0,[20 29],37.0,29.0,35.0,40.0,31.0,62.0,28.0,84.0,24.0,41.0
28,101,2.0,0.0,2.0,[20 29],24.0,41.0,31.0,62.0,37.0,29.0,47.0,50.0,28.0,84.0
28,102,2.0,0.0,2.0,[20 29],28.0,84.0,37.0,29.0,24.0,41.0,32.0,60.0,47.0,50.0
28,103,2.0,0.0,2.0,[20 29],47.0,50.0,24.0,41.0,28.0,84.0,40.0,114.0,32.0,60.0
28,104,2.0,0.0,2.0,[20 29],32.0,60.0,28.0,84.0,47.0,50.0,24.0,79.0,40.0,114.0
28,105,2.0,0.0,2.0,[20 29],40.0,114.0,47.0,50.0,32.0,60.0,47.0,84.0,24.0,79.0
28,106,2.0,0.0,2.0,[20 29],24.0,79.0,32.0,60.0,40.0,114.0,30.0,170.0,47.0,84.0
28,107,2.0,0.0,2.0,[20 29],47.0,84.0,40.0,114.0,24.0,79.0,50.0,100.0,30.0,170.0
28,108,2.0,0.0,2.0,[20 29],30.0,170.0,24.0,79.0,47.0,84.0,52.0,95.0,50.0,100.0
28,109,2.0,0.0,2.0,[20 29],50.0,100.0,47.0,84.0,30.0,170.0,28.0,170.0,52.0,95.0
28,110,2.0,0.0,2.0,[20 29],52.0,95.0,30.0,170.0,50.0,100.0,21.0,81.0,28.0,170.0
28,111,2.0,0.0,2.0,[20 29],28.0,170.0,50.0,100.0,52.0,95.0,39.0,125.0,21.0,81.0
28,112,2.0,0.0,2.0,[20 29],21.0,81.0,52.0,95.0,28.0,170.0,21.0,112.0,39.0,125.0
28,113,2.0,0.0,2.0,[20 29],39.0,125.0,28.0,170.0,21.0,81.0,21.0,66.0,21.0,112.0
28,114,2.0,0.0,2.0,[20 29],21.0,112.0,21.0,81.0,39.0,125.0,19.0,115.0,21.0,66.0
28,115,2.0,0.0,2.0,[20 29],21.0,66.0,39.0,125.0,21.0,112.0,22.0,58.0,19.0,115.0
28,116,2.0,0.0,2.0,[20 29],19.0,115.0,21.0,112.0,21.0,66.0,16.0,49.0,22.0,58.0
28,117,2.0,0.0,2.0,[20 29],22.0,58.0,21.0,66.0,19.0,115.0,19.0,87.0,16.0,49.0
28,118,2.0,0.0,2.0,[20 29],16.0,49.0,19.0,115.0,22.0,58.0,25.0,51.0,19.0,87.0
28,119,2.0,0.0,2.0,[20 29],19.0,87.0,22.0,58.0,16.0,49.0,11.0,55.0,25.0,51.0
28,120,2.0,0.0,2.0,[20 29],25.0,51.0,16.0,49.0,19.0,87.0,23.0,41.0,11.0,55.0
28,121,2.0,0.0,2.0,[20 29],11.0,55.0,19.0,87.0,25.0,51.0,9.0,62.0,23.0,41.0
28,122,2.0,0.0,2.0,[20 29],23.0,41.0,25.0,51.0,11.0,55.0,17.0,52.0,9.0,62.0
28,123,2.0,0.0,2.0,[20 29],9.0,62.0,11.0,55.0,23.0,41.0,7.0,97.0,17.0,52.0
28,124,2.0,0.0,2.0,[20 29],17.0,52.0,23.0,41.0,9.0,62.0,23.0,83.0,7.0,97.0
28,125,2.0,0.0,2.0,[20 29],7.0,97.0,9.0,62.0,17.0,52.0,14.0,55.0,23.0,83.0
28,126,2.0,0.0,2.0,[20 29],23.0,83.0,17.0,52.0,7.0,97.0,10.0,68.0,14.0,55.0
28,127,2.0,0.0,2.0,[20 29],14.0,55.0,7.0,97.0,23.0,83.0,14.0,57.0,10.0,68.0
28,128,2.0,0.0,2.0,[20 29],10.0,68.0,23.0,83.0,14.0,55.0,7.0,51.0,14.0,57.0
28,129,2.0,0.0,2.0,[20 29],14.0,57.0,14.0,55.0,10.0,68.0,8.0,50.0,7.0,51.0
28,130,2.0,0.0,2.0,[20 29],7.0,51.0,10.0,68.0,14.0,57.0,7.0,40.0,8.0,50.0
28,131,2.0,0.0,2.0,[20 29],8.0,50.0,14.0,57.0,7.0,51.0,5.0,30.0,7.0,40.0
28,132,2.0,0.0,2.0,[20 29],7.0,40.0,7.0,51.0,8.0,50.0,7.0,43.0,5.0,30.0
28,133,2.0,0.0,2.0,[20 29],5.0,30.0,8.0,50.0,7.0,40.0,5.0,49.0,7.0,43.0
28,134,2.0,0.0,2.0,[20 29],7.0,43.0,7.0,40.0,5.0,30.0,3.0,42.0,5.0,49.0
28,135,2.0,0.0,2.0,[20 29],5.0,49.0,5.0,30.0,7.0,43.0,2.0,45.0,3.0,42.0
28,136,2.0,0.0,2.0,[20 29],3.0,42.0,7.0,43.0,5.0,49.0,4.0,17.0,2.0,45.0
28,137,2.0,0.0,2.0,[20 29],2.0,45.0,5.0,49.0,3.0,42.0,0.0,17.0,4.0,17.0
28,138,2.0,0.0,2.0,[20 29],4.0,17.0,3.0,42.0,2.0,45.0,0.0,15.0,0.0,17.0
28,139,2.0,0.0,2.0,[20 29],0.0,17.0,2.0,45.0,4.0,17.0,2.0,2.0,0.0,15.0
28,140,2.0,0.0,2.0,[20 29],0.0,15.0,4.0,17.0,0.0,17.0,1.0,5.0,2.0,2.0
28,141,2.0,0.0,2.0,[20 29],2.0,2.0,0.0,17.0,0.0,15.0,0.0,5.0,1.0,5.0
28,142,2.0,0.0,2.0,[20 29],1.0,5.0,0.0,15.0,2.0,2.0,0.0,0.0,0.0,5.0
28,143,2.0,0.0,2.0,[20 29],0.0,5.0,2.0,2.0,1.0,5.0,0.0,0.0,0.0,0.0
29,0,2.0,0.0,2.0,[28 30],0.0,0.0,0.0,0.0,0.0,0.0,0.0,0.0,0.0,0.0
29,1,2.0,0.0,2.0,[28 30],0.0,0.0,0.0,0.0,0.0,0.0,0.0,0.0,0.0,0.0
29,2,2.0,0.0,2.0,[28 30],0.0,0.0,0.0,0.0,0.0,0.0,0.0,0.0,0.0,0.0
29,3,2.0,0.0,2.0,[28 30],0.0,0.0,0.0,0.0,0.0,0.0,0.0,0.0,0.0,0.0
29,4,2.0,0.0,2.0,[28 30],0.0,0.0,0.0,0.0,0.0,0.0,0.0,0.0,0.0,0.0
29,5,2.0,0.0,2.0,[28 30],0.0,0.0,0.0,0.0,0.0,0.0,0.0,0.0,0.0,0.0
29,6,2.0,0.0,2.0,[28 30],0.0,0.0,0.0,0.0,0.0,0.0,0.0,0.0,0.0,0.0
29,7,2.0,0.0,2.0,[28 30],0.0,0.0,0.0,0.0,0.0,0.0,0.0,0.0,0.0,0.0
29,8,2.0,0.0,2.0,[28 30],0.0,0.0,0.0,0.0,0.0,0.0,0.0,0.0,0.0,0.0
29,9,2.0,0.0,2.0,[28 30],0.0,0.0,0.0,0.0,0.0,0.0,0.0,0.0,0.0,0.0
29,10,2.0,0.0,2.0,[28 30],0.0,0.0,0.0,0.0,0.0,0.0,0.0,0.0,0.0,0.0
29,11,2.0,0.0,2.0,[28 30],0.0,0.0,0.0,0.0,0.0,0.0,0.0,0.0,0.0,0.0
29,12,2.0,0.0,2.0,[28 30],0.0,0.0,0.0,0.0,0.0,0.0,0.0,0.0,0.0,0.0
29,13,2.0,0.0,2.0,[28 30],0.0,0.0,0.0,0.0,0.0,0.0,0.0,0.0,0.0,0.0
29,14,2.0,0.0,2.0,[28 30],0.0,0.0,0.0,0.0,0.0,0.0,0.0,0.0,0.0,0.0
29,15,2.0,0.0,2.0,[28 30],0.0,0.0,0.0,0.0,0.0,0.0,0.0,0.0,0.0,0.0
29,16,2.0,0.0,2.0,[28 30],0.0,0.0,0.0,0.0,0.0,0.0,0.0,0.0,0.0,0.0
29,17,2.0,0.0,2.0,[28 30],0.0,0.0,0.0,0.0,0.0,0.0,0.0,0.0,0.0,0.0
29,18,2.0,0.0,2.0,[28 30],0.0,0.0,0.0,0.0,0.0,0.0,0.0,0.0,0.0,0.0
29,19,2.0,0.0,2.0,[28 30],0.0,0.0,0.0,0.0,0.0,0.0,0.0,0.0,0.0,0.0
29,20,2.0,0.0,2.0,[28 30],0.0,0.0,0.0,0.0,0.0,0.0,0.0,0.0,0.0,0.0
29,21,2.0,0.0,2.0,[28 30],0.0,0.0,0.0,0.0,0.0,0.0,0.0,0.0,0.0,0.0
29,22,2.0,0.0,2.0,[28 30],0.0,0.0,0.0,0.0,0.0,0.0,0.0,0.0,0.0,0.0
29,23,2.0,0.0,2.0,[28 30],0.0,0.0,0.0,0.0,0.0,0.0,0.0,0.0,0.0,0.0
29,24,2.0,0.0,2.0,[28 30],0.0,0.0,0.0,0.0,0.0,0.0,0.0,0.0,0.0,0.0
29,25,2.0,0.0,2.0,[28 30],0.0,0.0,0.0,0.0,0.0,0.0,0.0,0.0,0.0,0.0
29,26,2.0,0.0,2.0,[28 30],0.0,0.0,0.0,0.0,0.0,0.0,0.0,0.0,0.0,0.0
29,27,2.0,0.0,2.0,[28 30],0.0,0.0,0.0,0.0,0.0,0.0,0.0,0.0,0.0,0.0
29,28,2.0,0.0,2.0,[28 30],0.0,0.0,0.0,0.0,0.0,0.0,0.0,0.0,0.0,0.0
29,29,2.0,0.0,2.0,[28 30],0.0,0.0,0.0,0.0,0.0,0.0,0.0,0.0,0.0,0.0
29,30,2.0,0.0,2.0,[28 30],0.0,0.0,0.0,0.0,0.0,0.0,0.0,0.0,0.0,0.0
29,31,2.0,0.0,2.0,[28 30],0.0,0.0,0.0,0.0,0.0,0.0,0.0,0.0,0.0,0.0
29,32,2.0,0.0,2.0,[28 30],0.0,0.0,0.0,0.0,0.0,0.0,14.0,0.0,0.0,0.0
29,33,2.0,0.0,2.0,[28 30],0.0,0.0,0.0,0.0,0.0,0.0,41.0,2.0,14.0,0.0
29,34,2.0,0.0,2.0,[28 30],14.0,0.0,0.0,0.0,0.0,0.0,52.0,0.0,41.0,2.0
29,35,2.0,0.0,2.0,[28 30],41.0,2.0,0.0,0.0,14.0,0.0,64.0,4.0,52.0,0.0
29,36,2.0,0.0,2.0,[28 30],52.0,0.0,14.0,0.0,41.0,2.0,66.0,12.0,64.0,4.0
29,37,2.0,0.0,2.0,[28 30],64.0,4.0,41.0,2.0,52.0,0.0,86.0,8.0,66.0,12.0
29,38,2.0,0.0,2.0,[28 30],66.0,12.0,52.0,0.0,64.0,4.0,148.0,20.0,86.0,8.0
29,39,2.0,0.0,2.0,[28 30],86.0,8.0,64.0,4.0,66.0,12.0,157.0,18.0,148.0,20.0
29,40,2.0,0.0,2.0,[28 30],148.0,20.0,66.0,12.0,86.0,8.0,172.0,15.0,157.0,18.0
29,41,2.0,0.0,2.0,[28 30],157.0,18.0,86.0,8.0,148.0,20.0,220.0,17.0,172.0,15.0
29,42,2.0,0.0,2.0,[28 30],172.0,15.0,148.0,20.0,157.0,18.0,238.0,18.0,220.0,17.0
29,43,2.0,0.0,2.0,[28 30],220.0,17.0,157.0,18.0,172.0,15.0,282.0,22.0,238.0,18.0
29,44,2.0,0.0,2.0,[28 30],238.0,18.0,172.0,15.0,220.0,17.0,313.0,48.0,282.0,22.0
29,45,2.0,0.0,2.0,[28 30],282.0,22.0,220.0,17.0,238.0,18.0,297.0,56.0,313.0,48.0
29,46,2.0,0.0,2.0,[28 30],313.0,48.0,238.0,18.0,282.0,22.0,379.0,56.0,297.0,56.0
29,47,2.0,0.0,2.0,[28 30],297.0,56.0,282.0,22.0,313.0,48.0,309.0,100.0,379.0,56.0
29,48,2.0,0.0,2.0,[28 30],379.0,56.0,313.0,48.0,297.0,56.0,276.0,71.0,309.0,100.0
29,49,2.0,0.0,2.0,[28 30],309.0,100.0,297.0,56.0,379.0,56.0,284.0,60.0,276.0,71.0
29,50,2.0,0.0,2.0,[28 30],276.0,71.0,379.0,56.0,309.0,100.0,203.0,69.0,284.0,60.0
29,51,2.0,0.0,2.0,[28 30],284.0,60.0,309.0,100.0,276.0,71.0,185.0,61.0,203.0,69.0
29,52,2.0,0.0,2.0,[28 30],203.0,69.0,276.0,71.0,284.0,60.0,146.0,46.0,185.0,61.0
29,53,2.0,0.0,2.0,[28 30],185.0,61.0,284.0,60.0,203.0,69.0,161.0,48.0,146.0,46.0
29,54,2.0,0.0,2.0,[28 30],146.0,46.0,203.0,69.0,185.0,61.0,151.0,79.0,161.0,48.0
29,55,2.0,0.0,2.0,[28 30],161.0,48.0,185.0,61.0,146.0,46.0,144.0,40.0,151.0,79.0
29,56,2.0,0.0,2.0,[28 30],151.0,79.0,146.0,46.0,161.0,48.0,129.0,63.0,144.0,40.0
29,57,2.0,0.0,2.0,[28 30],144.0,40.0,161.0,48.0,151.0,79.0,141.0,66.0,129.0,63.0
29,58,2.0,0.0,2.0,[28 30],129.0,63.0,151.0,79.0,144.0,40.0,126.0,47.0,141.0,66.0
29,59,2.0,0.0,2.0,[28 30],141.0,66.0,144.0,40.0,129.0,63.0,114.0,75.0,126.0,47.0
29,60,2.0,0.0,2.0,[28 30],126.0,47.0,129.0,63.0,141.0,66.0,131.0,91.0,114.0,75.0
29,61,2.0,0.0,2.0,[28 30],114.0,75.0,141.0,66.0,126.0,47.0,100.0,49.0,131.0,91.0
29,62,2.0,0.0,2.0,[28 30],131.0,91.0,126.0,47.0,114.0,75.0,96.0,82.0,100.0,49.0
29,63,2.0,0.0,2.0,[28 30],100.0,49.0,114.0,75.0,131.0,91.0,104.0,97.0,96.0,82.0
29,64,2.0,0.0,2.0,[28 30],96.0,82.0,131.0,91.0,100.0,49.0,80.0,35.0,104.0,97.0
29,65,2.0,0.0,2.0,[28 30],104.0,97.0,100.0,49.0,96.0,82.0,122.0,130.0,80.0,35.0
29,66,2.0,0.0,2.0,[28 30],80.0,35.0,96.0,82.0,104.0,97.0,98.0,62.0,122.0,130.0
29,67,2.0,0.0,2.0,[28 30],122.0,130.0,104.0,97.0,80.0,35.0,102.0,44.0,98.0,62.0
29,68,2.0,0.0,2.0,[28 30],98.0,62.0,80.0,35.0,122.0,130.0,97.0,94.0,102.0,44.0
29,69,2.0,0.0,2.0,[28 30],102.0,44.0,122.0,130.0,98.0,62.0,91.0,66.0,97.0,94.0
29,70,2.0,0.0,2.0,[28 30],97.0,94.0,98.0,62.0,102.0,44.0,114.0,52.0,91.0,66.0
29,71,2.0,0.0,2.0,[28 30],91.0,66.0,102.0,44.0,97.0,94.0,112.0,105.0,114.0,52.0
29,72,2.0,0.0,2.0,[28 30],114.0,52.0,97.0,94.0,91.0,66.0,122.0,73.0,112.0,105.0
29,73,2.0,0.0,2.0,[28 30],112.0,105.0,91.0,66.0,114.0,52.0,149.0,57.0,122.0,73.0
29,74,2.0,0.0,2.0,[28 30],122.0,73.0,114.0,52.0,112.0,105.0,130.0,116.0,149.0,57.0
29,75,2.0,0.0,2.0,[28 30],149.0,57.0,112.0,105.0,122.0,73.0,106.0,65.0,130.0,116.0
29,76,2.0,0.0,2.0,[28 30],130.0,116.0,122.0,73.0,149.0,57.0,137.0,46.0,106.0,65.0
29,77,2.0,0.0,2.0,[28 30],106.0,65.0,149.0,57.0,130.0,116.0,126.0,111.0,137.0,46.0
29,78,2.0,0.0,2.0,[28 30],137.0,46.0,130.0,116.0,106.0,65.0,114.0,73.0,126.0,111.0
29,79,2.0,0.0,2.0,[28 30],126.0,111.0,106.0,65.0,137.0,46.0,106.0,60.0,114.0,73.0
29,80,2.0,0.0,2.0,[28 30],114.0,73.0,137.0,46.0,126.0,111.0,117.0,107.0,106.0,60.0
29,81,2.0,0.0,2.0,[28 30],106.0,60.0,126.0,111.0,114.0,73.0,99.0,51.0,117.0,107.0
29,82,2.0,0.0,2.0,[28 30],117.0,107.0,114.0,73.0,106.0,60.0,116.0,63.0,99.0,51.0
29,83,2.0,0.0,2.0,[28 30],99.0,51.0,106.0,60.0,117.0,107.0,118.0,160.0,116.0,63.0
29,84,2.0,0.0,2.0,[28 30],116.0,63.0,117.0,107.0,99.0,51.0,100.0,97.0,118.0,160.0
29,85,2.0,0.0,2.0,[28 30],118.0,160.0,99.0,51.0,116.0,63.0,134.0,75.0,100.0,97.0
29,86,2.0,0.0,2.0,[28 30],100.0,97.0,116.0,63.0,118.0,160.0,124.0,125.0,134.0,75.0
29,87,2.0,0.0,2.0,[28 30],134.0,75.0,118.0,160.0,100.0,97.0,114.0,80.0,124.0,125.0
29,88,2.0,0.0,2.0,[28 30],124.0,125.0,100.0,97.0,134.0,75.0,96.0,69.0,114.0,80.0
29,89,2.0,0.0,2.0,[28 30],114.0,80.0,134.0,75.0,124.0,125.0,113.0,133.0,96.0,69.0
29,90,2.0,0.0,2.0,[28 30],96.0,69.0,124.0,125.0,114.0,80.0,101.0,132.0,113.0,133.0
29,91,2.0,0.0,2.0,[28 30],113.0,133.0,114.0,80.0,96.0,69.0,99.0,89.0,101.0,132.0
29,92,2.0,0.0,2.0,[28 30],101.0,132.0,96.0,69.0,113.0,133.0,79.0,163.0,99.0,89.0
29,93,2.0,0.0,2.0,[28 30],99.0,89.0,113.0,133.0,101.0,132.0,100.0,114.0,79.0,163.0
29,94,2.0,0.0,2.0,[28 30],79.0,163.0,101.0,132.0,99.0,89.0,101.0,80.0,100.0,114.0
29,95,2.0,0.0,2.0,[28 30],100.0,114.0,99.0,89.0,79.0,163.0,97.0,164.0,101.0,80.0
29,96,2.0,0.0,2.0,[28 30],101.0,80.0,79.0,163.0,100.0,114.0,101.0,102.0,97.0,164.0
29,97,2.0,0.0,2.0,[28 30],97.0,164.0,100.0,114.0,101.0,80.0,94.0,102.0,101.0,102.0
29,98,2.0,0.0,2.0,[28 30],101.0,102.0,101.0,80.0,97.0,164.0,104.0,205.0,94.0,102.0
29,99,2.0,0.0,2.0,[28 30],94.0,102.0,97.0,164.0,101.0,102.0,89.0,105.0,104.0,205.0
29,100,2.0,0.0,2.0,[28 30],104.0,205.0,101.0,102.0,94.0,102.0,112.0,96.0,89.0,105.0
29,101,2.0,0.0,2.0,[28 30],89.0,105.0,94.0,102.0,104.0,205.0,84.0,204.0,112.0,96.0
29,102,2.0,0.0,2.0,[28 30],112.0,96.0,104.0,205.0,89.0,105.0,112.0,173.0,84.0,204.0
29,103,2.0,0.0,2.0,[28 30],84.0,204.0,89.0,105.0,112.0,96.0,116.0,160.0,112.0,173.0
29,104,2.0,0.0,2.0,[28 30],112.0,173.0,112.0,96.0,84.0,204.0,102.0,237.0,116.0,160.0
29,105,2.0,0.0,2.0,[28 30],116.0,160.0,84.0,204.0,112.0,173.0,113.0,194.0,102.0,237.0
29,106,2.0,0.0,2.0,[28 30],102.0,237.0,112.0,173.0,116.0,160.0,92.0,179.0,113.0,194.0
29,107,2.0,0.0,2.0,[28 30],113.0,194.0,116.0,160.0,102.0,237.0,145.0,337.0,92.0,179.0
29,108,2.0,0.0,2.0,[28 30],92.0,179.0,102.0,237.0,113.0,194.0,79.0,180.0,145.0,337.0
29,109,2.0,0.0,2.0,[28 30],145.0,337.0,113.0,194.0,92.0,179.0,96.0,204.0,79.0,180.0
29,110,2.0,0.0,2.0,[28 30],79.0,180.0,92.0,179.0,145.0,337.0,64.0,323.0,96.0,204.0
29,111,2.0,0.0,2.0,[28 30],96.0,204.0,145.0,337.0,79.0,180.0,115.0,148.0,64.0,323.0
29,112,2.0,0.0,2.0,[28 30],64.0,323.0,79.0,180.0,96.0,204.0,58.0,182.0,115.0,148.0
29,113,2.0,0.0,2.0,[28 30],115.0,148.0,96.0,204.0,64.0,323.0,69.0,161.0,58.0,182.0
29,114,2.0,0.0,2.0,[28 30],58.0,182.0,64.0,323.0,115.0,148.0,72.0,142.0,69.0,161.0
29,115,2.0,0.0,2.0,[28 30],69.0,161.0,115.0,148.0,58.0,182.0,53.0,188.0,72.0,142.0
29,116,2.0,0.0,2.0,[28 30],72.0,142.0,58.0,182.0,69.0,161.0,73.0,154.0,53.0,188.0
29,117,2.0,0.0,2.0,[28 30],53.0,188.0,69.0,161.0,72.0,142.0,77.0,85.0,73.0,154.0
29,118,2.0,0.0,2.0,[28 30],73.0,154.0,72.0,142.0,53.0,188.0,51.0,80.0,77.0,85.0
29,119,2.0,0.0,2.0,[28 30],77.0,85.0,53.0,188.0,73.0,154.0,43.0,125.0,51.0,80.0
29,120,2.0,0.0,2.0,[28 30],51.0,80.0,73.0,154.0,77.0,85.0,51.0,92.0,43.0,125.0
29,121,2.0,0.0,2.0,[28 30],43.0,125.0,77.0,85.0,51.0,80.0,48.0,85.0,51.0,92.0
29,122,2.0,0.0,2.0,[28 30],51.0,92.0,51.0,80.0,43.0,125.0,56.0,117.0,48.0,85.0
29,123,2.0,0.0,2.0,[28 30],48.0,85.0,43.0,125.0,51.0,92.0,57.0,118.0,56.0,117.0
29,124,2.0,0.0,2.0,[28 30],56.0,117.0,51.0,92.0,48.0,85.0,53.0,93.0,57.0,118.0
29,125,2.0,0.0,2.0,[28 30],57.0,118.0,48.0,85.0,56.0,117.0,55.0,94.0,53.0,93.0
29,126,2.0,0.0,2.0,[28 30],53.0,93.0,56.0,117.0,57.0,118.0,69.0,102.0,55.0,94.0
29,127,2.0,0.0,2.0,[28 30],55.0,94.0,57.0,118.0,53.0,93.0,57.0,79.0,69.0,102.0
29,128,2.0,0.0,2.0,[28 30],69.0,102.0,53.0,93.0,55.0,94.0,41.0,93.0,57.0,79.0
29,129,2.0,0.0,2.0,[28 30],57.0,79.0,55.0,94.0,69.0,102.0,37.0,134.0,41.0,93.0
29,130,2.0,0.0,2.0,[28 30],41.0,93.0,69.0,102.0,57.0,79.0,25.0,82.0,37.0,134.0
29,131,2.0,0.0,2.0,[28 30],37.0,134.0,57.0,79.0,41.0,93.0,18.0,66.0,25.0,82.0
29,132,2.0,0.0,2.0,[28 30],25.0,82.0,41.0,93.0,37.0,134.0,25.0,72.0,18.0,66.0
29,133,2.0,0.0,2.0,[28 30],18.0,66.0,37.0,134.0,25.0,82.0,29.0,67.0,25.0,72.0
29,134,2.0,0.0,2.0,[28 30],25.0,72.0,25.0,82.0,18.0,66.0,7.0,88.0,29.0,67.0
29,135,2.0,0.0,2.0,[28 30],29.0,67.0,18.0,66.0,25.0,72.0,5.0,64.0,7.0,88.0
29,136,2.0,0.0,2.0,[28 30],7.0,88.0,25.0,72.0,29.0,67.0,2.0,41.0,5.0,64.0
29,137,2.0,0.0,2.0,[28 30],5.0,64.0,29.0,67.0,7.0,88.0,3.0,0.0,2.0,41.0
29,138,2.0,0.0,2.0,[28 30],2.0,41.0,7.0,88.0,5.0,64.0,1.0,35.0,3.0,0.0
29,139,2.0,0.0,2.0,[28 30],3.0,0.0,5.0,64.0,2.0,41.0,2.0,16.0,1.0,35.0
29,140,2.0,0.0,2.0,[28 30],1.0,35.0,2.0,41.0,3.0,0.0,0.0,15.0,2.0,16.0
29,141,2.0,0.0,2.0,[28 30],2.0,16.0,3.0,0.0,1.0,35.0,0.0,4.0,0.0,15.0
29,142,2.0,0.0,2.0,[28 30],0.0,15.0,1.0,35.0,2.0,16.0,0.0,0.0,0.0,4.0
29,143,2.0,0.0,2.0,[28 30],0.0,4.0,2.0,16.0,0.0,15.0,0.0,0.0,0.0,0.0
30,0,2.0,0.0,2.0,[29 31],1.0,2.0,0.0,0.0,0.0,0.0,0.0,2.0,1.0,1.0
30,1,2.0,0.0,2.0,[29 31],1.0,1.0,0.0,0.0,1.0,2.0,0.0,0.0,0.0,2.0
30,2,2.0,0.0,2.0,[29 31],0.0,2.0,1.0,2.0,1.0,1.0,1.0,1.0,0.0,0.0
30,3,2.0,0.0,2.0,[29 31],0.0,0.0,1.0,1.0,0.0,2.0,0.0,0.0,1.0,1.0
30,4,2.0,0.0,2.0,[29 31],1.0,1.0,0.0,2.0,0.0,0.0,0.0,0.0,0.0,0.0
30,5,2.0,0.0,2.0,[29 31],0.0,0.0,0.0,0.0,1.0,1.0,0.0,0.0,0.0,0.0
30,6,2.0,0.0,2.0,[29 31],0.0,0.0,1.0,1.0,0.0,0.0,0.0,0.0,0.0,0.0
30,7,2.0,0.0,2.0,[29 31],0.0,0.0,0.0,0.0,0.0,0.0,0.0,0.0,0.0,0.0
30,8,2.0,0.0,2.0,[29 31],0.0,0.0,0.0,0.0,0.0,0.0,0.0,0.0,0.0,0.0
30,9,2.0,0.0,2.0,[29 31],0.0,0.0,0.0,0.0,0.0,0.0,0.0,0.0,0.0,0.0
30,10,2.0,0.0,2.0,[29 31],0.0,0.0,0.0,0.0,0.0,0.0,0.0,0.0,0.0,0.0
30,11,2.0,0.0,2.0,[29 31],0.0,0.0,0.0,0.0,0.0,0.0,0.0,0.0,0.0,0.0
30,12,2.0,0.0,2.0,[29 31],0.0,0.0,0.0,0.0,0.0,0.0,0.0,0.0,0.0,0.0
30,13,2.0,0.0,2.0,[29 31],0.0,0.0,0.0,0.0,0.0,0.0,0.0,0.0,0.0,0.0
30,14,2.0,0.0,2.0,[29 31],0.0,0.0,0.0,0.0,0.0,0.0,0.0,0.0,0.0,0.0
30,15,2.0,0.0,2.0,[29 31],0.0,0.0,0.0,0.0,0.0,0.0,0.0,0.0,0.0,0.0
30,16,2.0,0.0,2.0,[29 31],0.0,0.0,0.0,0.0,0.0,0.0,0.0,0.0,0.0,0.0
30,17,2.0,0.0,2.0,[29 31],0.0,0.0,0.0,0.0,0.0,0.0,0.0,0.0,0.0,0.0
30,18,2.0,0.0,2.0,[29 31],0.0,0.0,0.0,0.0,0.0,0.0,0.0,0.0,0.0,0.0
30,19,2.0,0.0,2.0,[29 31],0.0,0.0,0.0,0.0,0.0,0.0,0.0,0.0,0.0,0.0
30,20,2.0,0.0,2.0,[29 31],0.0,0.0,0.0,0.0,0.0,0.0,0.0,0.0,0.0,0.0
30,21,2.0,0.0,2.0,[29 31],0.0,0.0,0.0,0.0,0.0,0.0,0.0,0.0,0.0,0.0
30,22,2.0,0.0,2.0,[29 31],0.0,0.0,0.0,0.0,0.0,0.0,0.0,0.0,0.0,0.0
30,23,2.0,0.0,2.0,[29 31],0.0,0.0,0.0,0.0,0.0,0.0,0.0,0.0,0.0,0.0
30,24,2.0,0.0,2.0,[29 31],0.0,0.0,0.0,0.0,0.0,0.0,0.0,0.0,0.0,0.0
30,25,2.0,0.0,2.0,[29 31],0.0,0.0,0.0,0.0,0.0,0.0,0.0,0.0,0.0,0.0
30,26,2.0,0.0,2.0,[29 31],0.0,0.0,0.0,0.0,0.0,0.0,0.0,0.0,0.0,0.0
30,27,2.0,0.0,2.0,[29 31],0.0,0.0,0.0,0.0,0.0,0.0,0.0,0.0,0.0,0.0
30,28,2.0,0.0,2.0,[29 31],0.0,0.0,0.0,0.0,0.0,0.0,1.0,1.0,0.0,0.0
30,29,2.0,0.0,2.0,[29 31],0.0,0.0,0.0,0.0,0.0,0.0,0.0,0.0,1.0,1.0
30,30,2.0,0.0,2.0,[29 31],1.0,1.0,0.0,0.0,0.0,0.0,0.0,0.0,0.0,0.0
30,31,2.0,0.0,2.0,[29 31],0.0,0.0,0.0,0.0,1.0,1.0,0.0,0.0,0.0,0.0
30,32,2.0,0.0,2.0,[29 31],0.0,0.0,1.0,1.0,0.0,0.0,1.0,0.0,0.0,0.0
30,33,2.0,0.0,2.0,[29 31],0.0,0.0,0.0,0.0,0.0,0.0,59.0,2.0,1.0,0.0
30,34,2.0,0.0,2.0,[29 31],1.0,0.0,0.0,0.0,0.0,0.0,122.0,2.0,59.0,2.0
30,35,2.0,0.0,2.0,[29 31],59.0,2.0,0.0,0.0,1.0,0.0,73.0,0.0,122.0,2.0
30,36,2.0,0.0,2.0,[29 31],122.0,2.0,1.0,0.0,59.0,2.0,91.0,4.0,73.0,0.0
30,37,2.0,0.0,2.0,[29 31],73.0,0.0,59.0,2.0,122.0,2.0,108.0,11.0,91.0,4.0
30,38,2.0,0.0,2.0,[29 31],91.0,4.0,122.0,2.0,73.0,0.0,126.0,4.0,108.0,11.0
30,39,2.0,0.0,2.0,[29 31],108.0,11.0,73.0,0.0,91.0,4.0,133.0,22.0,126.0,4.0
30,40,2.0,0.0,2.0,[29 31],126.0,4.0,91.0,4.0,108.0,11.0,143.0,17.0,133.0,22.0
30,41,2.0,0.0,2.0,[29 31],133.0,22.0,108.0,11.0,126.0,4.0,207.0,41.0,143.0,17.0
30,42,2.0,0.0,2.0,[29 31],143.0,17.0,126.0,4.0,133.0,22.0,246.0,41.0,207.0,41.0
30,43,2.0,0.0,2.0,[29 31],207.0,41.0,133.0,22.0,143.0,17.0,316.0,43.0,246.0,41.0
30,44,2.0,0.0,2.0,[29 31],246.0,41.0,143.0,17.0,207.0,41.0,286.0,41.0,316.0,43.0
30,45,2.0,0.0,2.0,[29 31],316.0,43.0,207.0,41.0,246.0,41.0,298.0,78.0,286.0,41.0
30,46,2.0,0.0,2.0,[29 31],286.0,41.0,246.0,41.0,316.0,43.0,326.0,108.0,298.0,78.0
30,47,2.0,0.0,2.0,[29 31],298.0,78.0,316.0,43.0,286.0,41.0,293.0,105.0,326.0,108.0
30,48,2.0,0.0,2.0,[29 31],326.0,108.0,286.0,41.0,298.0,78.0,248.0,95.0,293.0,105.0
30,49,2.0,0.0,2.0,[29 31],293.0,105.0,298.0,78.0,326.0,108.0,258.0,139.0,248.0,95.0
30,50,2.0,0.0,2.0,[29 31],248.0,95.0,326.0,108.0,293.0,105.0,167.0,103.0,258.0,139.0
30,51,2.0,0.0,2.0,[29 31],258.0,139.0,293.0,105.0,248.0,95.0,177.0,73.0,167.0,103.0
30,52,2.0,0.0,2.0,[29 31],167.0,103.0,248.0,95.0,258.0,139.0,150.0,61.0,177.0,73.0
30,53,2.0,0.0,2.0,[29 31],177.0,73.0,258.0,139.0,167.0,103.0,129.0,39.0,150.0,61.0
30,54,2.0,0.0,2.0,[29 31],150.0,61.0,167.0,103.0,177.0,73.0,127.0,33.0,129.0,39.0
30,55,2.0,0.0,2.0,[29 31],129.0,39.0,177.0,73.0,150.0,61.0,113.0,66.0,127.0,33.0
30,56,2.0,0.0,2.0,[29 31],127.0,33.0,150.0,61.0,129.0,39.0,97.0,39.0,113.0,66.0
30,57,2.0,0.0,2.0,[29 31],113.0,66.0,129.0,39.0,127.0,33.0,80.0,41.0,97.0,39.0
30,58,2.0,0.0,2.0,[29 31],97.0,39.0,127.0,33.0,113.0,66.0,90.0,54.0,80.0,41.0
30,59,2.0,0.0,2.0,[29 31],80.0,41.0,113.0,66.0,97.0,39.0,59.0,28.0,90.0,54.0
30,60,2.0,0.0,2.0,[29 31],90.0,54.0,97.0,39.0,80.0,41.0,96.0,62.0,59.0,28.0
30,61,2.0,0.0,2.0,[29 31],59.0,28.0,80.0,41.0,90.0,54.0,63.0,42.0,96.0,62.0
30,62,2.0,0.0,2.0,[29 31],96.0,62.0,90.0,54.0,59.0,28.0,89.0,47.0,63.0,42.0
30,63,2.0,0.0,2.0,[29 31],63.0,42.0,59.0,28.0,96.0,62.0,75.0,43.0,89.0,47.0
30,64,2.0,0.0,2.0,[29 31],89.0,47.0,96.0,62.0,63.0,42.0,59.0,51.0,75.0,43.0
30,65,2.0,0.0,2.0,[29 31],75.0,43.0,63.0,42.0,89.0,47.0,77.0,45.0,59.0,51.0
30,66,2.0,0.0,2.0,[29 31],59.0,51.0,89.0,47.0,75.0,43.0,79.0,51.0,77.0,45.0
30,67,2.0,0.0,2.0,[29 31],77.0,45.0,75.0,43.0,59.0,51.0,68.0,56.0,79.0,51.0
30,68,2.0,0.0,2.0,[29 31],79.0,51.0,59.0,51.0,77.0,45.0,91.0,48.0,68.0,56.0
30,69,2.0,0.0,2.0,[29 31],68.0,56.0,77.0,45.0,79.0,51.0,91.0,45.0,91.0,48.0
30,70,2.0,0.0,2.0,[29 31],91.0,48.0,79.0,51.0,68.0,56.0,78.0,63.0,91.0,45.0
30,71,2.0,0.0,2.0,[29 31],91.0,45.0,68.0,56.0,91.0,48.0,74.0,29.0,78.0,63.0
30,72,2.0,0.0,2.0,[29 31],78.0,63.0,91.0,48.0,91.0,45.0,143.0,33.0,74.0,29.0
30,73,2.0,0.0,2.0,[29 31],74.0,29.0,91.0,45.0,78.0,63.0,118.0,69.0,143.0,33.0
30,74,2.0,0.0,2.0,[29 31],143.0,33.0,78.0,63.0,74.0,29.0,81.0,31.0,118.0,69.0
30,75,2.0,0.0,2.0,[29 31],118.0,69.0,74.0,29.0,143.0,33.0,64.0,47.0,81.0,31.0
30,76,2.0,0.0,2.0,[29 31],81.0,31.0,143.0,33.0,118.0,69.0,94.0,58.0,64.0,47.0
30,77,2.0,0.0,2.0,[29 31],64.0,47.0,118.0,69.0,81.0,31.0,109.0,34.0,94.0,58.0
30,78,2.0,0.0,2.0,[29 31],94.0,58.0,81.0,31.0,64.0,47.0,83.0,57.0,109.0,34.0
30,79,2.0,0.0,2.0,[29 31],109.0,34.0,64.0,47.0,94.0,58.0,75.0,63.0,83.0,57.0
30,80,2.0,0.0,2.0,[29 31],83.0,57.0,94.0,58.0,109.0,34.0,91.0,53.0,75.0,63.0
30,81,2.0,0.0,2.0,[29 31],75.0,63.0,109.0,34.0,83.0,57.0,69.0,71.0,91.0,53.0
30,82,2.0,0.0,2.0,[29 31],91.0,53.0,83.0,57.0,75.0,63.0,74.0,75.0,69.0,71.0
30,83,2.0,0.0,2.0,[29 31],69.0,71.0,75.0,63.0,91.0,53.0,91.0,43.0,74.0,75.0
30,84,2.0,0.0,2.0,[29 31],74.0,75.0,91.0,53.0,69.0,71.0,89.0,53.0,91.0,43.0
30,85,2.0,0.0,2.0,[29 31],91.0,43.0,69.0,71.0,74.0,75.0,87.0,70.0,89.0,53.0
30,86,2.0,0.0,2.0,[29 31],89.0,53.0,74.0,75.0,91.0,43.0,59.0,43.0,87.0,70.0
30,87,2.0,0.0,2.0,[29 31],87.0,70.0,91.0,43.0,89.0,53.0,86.0,51.0,59.0,43.0
30,88,2.0,0.0,2.0,[29 31],59.0,43.0,89.0,53.0,87.0,70.0,85.0,76.0,86.0,51.0
30,89,2.0,0.0,2.0,[29 31],86.0,51.0,87.0,70.0,59.0,43.0,107.0,59.0,85.0,76.0
30,90,2.0,0.0,2.0,[29 31],85.0,76.0,59.0,43.0,86.0,51.0,103.0,87.0,107.0,59.0
30,91,2.0,0.0,2.0,[29 31],107.0,59.0,86.0,51.0,85.0,76.0,57.0,90.0,103.0,87.0
30,92,2.0,0.0,2.0,[29 31],103.0,87.0,85.0,76.0,107.0,59.0,63.0,52.0,57.0,90.0
30,93,2.0,0.0,2.0,[29 31],57.0,90.0,107.0,59.0,103.0,87.0,84.0,50.0,63.0,52.0
30,94,2.0,0.0,2.0,[29 31],63.0,52.0,103.0,87.0,57.0,90.0,65.0,111.0,84.0,50.0
30,95,2.0,0.0,2.0,[29 31],84.0,50.0,57.0,90.0,63.0,52.0,57.0,88.0,65.0,111.0
30,96,2.0,0.0,2.0,[29 31],65.0,111.0,63.0,52.0,84.0,50.0,66.0,59.0,57.0,88.0
30,97,2.0,0.0,2.0,[29 31],57.0,88.0,84.0,50.0,65.0,111.0,68.0,151.0,66.0,59.0
30,98,2.0,0.0,2.0,[29 31],66.0,59.0,65.0,111.0,57.0,88.0,44.0,74.0,68.0,151.0
30,99,2.0,0.0,2.0,[29 31],68.0,151.0,57.0,88.0,66.0,59.0,80.0,100.0,44.0,74.0
30,100,2.0,0.0,2.0,[29 31],44.0,74.0,66.0,59.0,68.0,151.0,72.0,149.0,80.0,100.0
30,101,2.0,0.0,2.0,[29 31],80.0,100.0,68.0,151.0,44.0,74.0,74.0,83.0,72.0,149.0
30,102,2.0,0.0,2.0,[29 31],72.0,149.0,44.0,74.0,80.0,100.0,98.0,119.0,74.0,83.0
30,103,2.0,0.0,2.0,[29 31],74.0,83.0,80.0,100.0,72.0,149.0,79.0,139.0,98.0,119.0
30,104,2.0,0.0,2.0,[29 31],98.0,119.0,72.0,149.0,74.0,83.0,120.0,103.0,79.0,139.0
30,105,2.0,0.0,2.0,[29 31],79.0,139.0,74.0,83.0,98.0,119.0,144.0,191.0,120.0,103.0
30,106,2.0,0.0,2.0,[29 31],120.0,103.0,98.0,119.0,79.0,139.0,97.0,202.0,144.0,191.0
30,107,2.0,0.0,2.0,[29 31],144.0,191.0,79.0,139.0,120.0,103.0,80.0,144.0,97.0,202.0
30,108,2.0,0.0,2.0,[29 31],97.0,202.0,120.0,103.0,144.0,191.0,105.0,193.0,80.0,144.0
30,109,2.0,0.0,2.0,[29 31],80.0,144.0,144.0,191.0,97.0,202.0,67.0,236.0,105.0,193.0
30,110,2.0,0.0,2.0,[29 31],105.0,193.0,97.0,202.0,80.0,144.0,66.0,152.0,67.0,236.0
30,111,2.0,0.0,2.0,[29 31],67.0,236.0,80.0,144.0,105.0,193.0,61.0,243.0,66.0,152.0
30,112,2.0,0.0,2.0,[29 31],66.0,152.0,105.0,193.0,67.0,236.0,62.0,89.0,61.0,243.0
30,113,2.0,0.0,2.0,[29 31],61.0,243.0,67.0,236.0,66.0,152.0,52.0,158.0,62.0,89.0
30,114,2.0,0.0,2.0,[29 31],62.0,89.0,66.0,152.0,61.0,243.0,61.0,155.0,52.0,158.0
30,115,2.0,0.0,2.0,[29 31],52.0,158.0,61.0,243.0,62.0,89.0,35.0,78.0,61.0,155.0
30,116,2.0,0.0,2.0,[29 31],61.0,155.0,62.0,89.0,52.0,158.0,27.0,92.0,35.0,78.0
30,117,2.0,0.0,2.0,[29 31],35.0,78.0,52.0,158.0,61.0,155.0,27.0,138.0,27.0,92.0
30,118,2.0,0.0,2.0,[29 31],27.0,92.0,61.0,155.0,35.0,78.0,42.0,87.0,27.0,138.0
30,119,2.0,0.0,2.0,[29 31],27.0,138.0,35.0,78.0,27.0,92.0,45.0,72.0,42.0,87.0
30,120,2.0,0.0,2.0,[29 31],42.0,87.0,27.0,92.0,27.0,138.0,50.0,67.0,45.0,72.0
30,121,2.0,0.0,2.0,[29 31],45.0,72.0,27.0,138.0,42.0,87.0,28.0,84.0,50.0,67.0
30,122,2.0,0.0,2.0,[29 31],50.0,67.0,42.0,87.0,45.0,72.0,34.0,118.0,28.0,84.0
30,123,2.0,0.0,2.0,[29 31],28.0,84.0,45.0,72.0,50.0,67.0,51.0,113.0,34.0,118.0
30,124,2.0,0.0,2.0,[29 31],34.0,118.0,50.0,67.0,28.0,84.0,48.0,95.0,51.0,113.0
30,125,2.0,0.0,2.0,[29 31],51.0,113.0,28.0,84.0,34.0,118.0,53.0,69.0,48.0,95.0
30,126,2.0,0.0,2.0,[29 31],48.0,95.0,34.0,118.0,51.0,113.0,37.0,70.0,53.0,69.0
30,127,2.0,0.0,2.0,[29 31],53.0,69.0,51.0,113.0,48.0,95.0,27.0,66.0,37.0,70.0
30,128,2.0,0.0,2.0,[29 31],37.0,70.0,48.0,95.0,53.0,69.0,20.0,72.0,27.0,66.0
30,129,2.0,0.0,2.0,[29 31],27.0,66.0,53.0,69.0,37.0,70.0,36.0,62.0,20.0,72.0
30,130,2.0,0.0,2.0,[29 31],20.0,72.0,37.0,70.0,27.0,66.0,20.0,49.0,36.0,62.0
30,131,2.0,0.0,2.0,[29 31],36.0,62.0,27.0,66.0,20.0,72.0,18.0,52.0,20.0,49.0
30,132,2.0,0.0,2.0,[29 31],20.0,49.0,20.0,72.0,36.0,62.0,17.0,62.0,18.0,52.0
30,133,2.0,0.0,2.0,[29 31],18.0,52.0,36.0,62.0,20.0,49.0,15.0,36.0,17.0,62.0
30,134,2.0,0.0,2.0,[29 31],17.0,62.0,20.0,49.0,18.0,52.0,12.0,51.0,15.0,36.0
30,135,2.0,0.0,2.0,[29 31],15.0,36.0,18.0,52.0,17.0,62.0,4.0,49.0,12.0,51.0
30,136,2.0,0.0,2.0,[29 31],12.0,51.0,17.0,62.0,15.0,36.0,7.0,43.0,4.0,49.0
30,137,2.0,0.0,2.0,[29 31],4.0,49.0,15.0,36.0,12.0,51.0,3.0,32.0,7.0,43.0
30,138,2.0,0.0,2.0,[29 31],7.0,43.0,12.0,51.0,4.0,49.0,0.0,27.0,3.0,32.0
30,139,2.0,0.0,2.0,[29 31],3.0,32.0,4.0,49.0,7.0,43.0,0.0,15.0,0.0,27.0
30,140,2.0,0.0,2.0,[29 31],0.0,27.0,7.0,43.0,3.0,32.0,0.0,12.0,0.0,15.0
30,141,2.0,0.0,2.0,[29 31],0.0,15.0,3.0,32.0,0.0,27.0,0.0,1.0,0.0,12.0
30,142,2.0,0.0,2.0,[29 31],0.0,12.0,0.0,27.0,0.0,15.0,0.0,0.0,0.0,1.0
30,143,2.0,0.0,2.0,[29 31],0.0,1.0,0.0,15.0,0.0,12.0,0.0,0.0,0.0,0.0
31,0,2.0,0.0,2.0,[30 32],1.0,1.0,0.0,0.0,0.0,0.0,2.0,4.0,1.0,1.0
31,1,2.0,0.0,2.0,[30 32],1.0,1.0,0.0,0.0,1.0,1.0,1.0,1.0,2.0,4.0
31,2,2.0,0.0,2.0,[30 32],2.0,4.0,1.0,1.0,1.0,1.0,0.0,0.0,1.0,1.0
31,3,2.0,0.0,2.0,[30 32],1.0,1.0,1.0,1.0,2.0,4.0,0.0,0.0,0.0,0.0
31,4,2.0,0.0,2.0,[30 32],0.0,0.0,2.0,4.0,1.0,1.0,2.0,0.0,0.0,0.0
31,5,2.0,0.0,2.0,[30 32],0.0,0.0,1.0,1.0,0.0,0.0,0.0,0.0,2.0,0.0
31,6,2.0,0.0,2.0,[30 32],2.0,0.0,0.0,0.0,0.0,0.0,0.0,0.0,0.0,0.0
31,7,2.0,0.0,2.0,[30 32],0.0,0.0,0.0,0.0,2.0,0.0,0.0,1.0,0.0,0.0
31,8,2.0,0.0,2.0,[30 32],0.0,0.0,2.0,0.0,0.0,0.0,0.0,0.0,0.0,1.0
31,9,2.0,0.0,2.0,[30 32],0.0,1.0,0.0,0.0,0.0,0.0,0.0,0.0,0.0,0.0
31,10,2.0,0.0,2.0,[30 32],0.0,0.0,0.0,0.0,0.0,1.0,0.0,0.0,0.0,0.0
31,11,2.0,0.0,2.0,[30 32],0.0,0.0,0.0,1.0,0.0,0.0,0.0,0.0,0.0,0.0
31,12,2.0,0.0,2.0,[30 32],0.0,0.0,0.0,0.0,0.0,0.0,0.0,1.0,0.0,0.0
31,13,2.0,0.0,2.0,[30 32],0.0,0.0,0.0,0.0,0.0,0.0,0.0,0.0,0.0,1.0
31,14,2.0,0.0,2.0,[30 32],0.0,1.0,0.0,0.0,0.0,0.0,0.0,0.0,0.0,0.0
31,15,2.0,0.0,2.0,[30 32],0.0,0.0,0.0,0.0,0.0,1.0,0.0,0.0,0.0,0.0
31,16,2.0,0.0,2.0,[30 32],0.0,0.0,0.0,1.0,0.0,0.0,0.0,0.0,0.0,0.0
31,17,2.0,0.0,2.0,[30 32],0.0,0.0,0.0,0.0,0.0,0.0,0.0,0.0,0.0,0.0
31,18,2.0,0.0,2.0,[30 32],0.0,0.0,0.0,0.0,0.0,0.0,0.0,0.0,0.0,0.0
31,19,2.0,0.0,2.0,[30 32],0.0,0.0,0.0,0.0,0.0,0.0,2.0,0.0,0.0,0.0
31,20,2.0,0.0,2.0,[30 32],0.0,0.0,0.0,0.0,0.0,0.0,0.0,0.0,2.0,0.0
31,21,2.0,0.0,2.0,[30 32],2.0,0.0,0.0,0.0,0.0,0.0,1.0,3.0,0.0,0.0
31,22,2.0,0.0,2.0,[30 32],0.0,0.0,0.0,0.0,2.0,0.0,0.0,0.0,1.0,3.0
31,23,2.0,0.0,2.0,[30 32],1.0,3.0,2.0,0.0,0.0,0.0,2.0,0.0,0.0,0.0
31,24,2.0,0.0,2.0,[30 32],0.0,0.0,0.0,0.0,1.0,3.0,0.0,2.0,2.0,0.0
31,25,2.0,0.0,2.0,[30 32],2.0,0.0,1.0,3.0,0.0,0.0,0.0,0.0,0.0,2.0
31,26,2.0,0.0,2.0,[30 32],0.0,2.0,0.0,0.0,2.0,0.0,0.0,0.0,0.0,0.0
31,27,2.0,0.0,2.0,[30 32],0.0,0.0,2.0,0.0,0.0,2.0,0.0,0.0,0.0,0.0
31,28,2.0,0.0,2.0,[30 32],0.0,0.0,0.0,2.0,0.0,0.0,0.0,0.0,0.0,0.0
31,29,2.0,0.0,2.0,[30 32],0.0,0.0,0.0,0.0,0.0,0.0,0.0,0.0,0.0,0.0
31,30,2.0,0.0,2.0,[30 32],0.0,0.0,0.0,0.0,0.0,0.0,0.0,0.0,0.0,0.0
31,31,2.0,0.0,2.0,[30 32],0.0,0.0,0.0,0.0,0.0,0.0,0.0,0.0,0.0,0.0
31,32,2.0,0.0,2.0,[30 32],0.0,0.0,0.0,0.0,0.0,0.0,7.0,0.0,0.0,0.0
31,33,2.0,0.0,2.0,[30 32],0.0,0.0,0.0,0.0,0.0,0.0,15.0,1.0,7.0,0.0
31,34,2.0,0.0,2.0,[30 32],7.0,0.0,0.0,0.0,0.0,0.0,24.0,1.0,15.0,1.0
31,35,2.0,0.0,2.0,[30 32],15.0,1.0,0.0,0.0,7.0,0.0,24.0,4.0,24.0,1.0
31,36,2.0,0.0,2.0,[30 32],24.0,1.0,7.0,0.0,15.0,1.0,44.0,14.0,24.0,4.0
31,37,2.0,0.0,2.0,[30 32],24.0,4.0,15.0,1.0,24.0,1.0,45.0,15.0,44.0,14.0
31,38,2.0,0.0,2.0,[30 32],44.0,14.0,24.0,1.0,24.0,4.0,58.0,26.0,45.0,15.0
31,39,2.0,0.0,2.0,[30 32],45.0,15.0,24.0,4.0,44.0,14.0,69.0,21.0,58.0,26.0
31,40,2.0,0.0,2.0,[30 32],58.0,26.0,44.0,14.0,45.0,15.0,98.0,21.0,69.0,21.0
31,41,2.0,0.0,2.0,[30 32],69.0,21.0,45.0,15.0,58.0,26.0,131.0,13.0,98.0,21.0
31,42,2.0,0.0,2.0,[30 32],98.0,21.0,58.0,26.0,69.0,21.0,186.0,31.0,131.0,13.0
31,43,2.0,0.0,2.0,[30 32],131.0,13.0,69.0,21.0,98.0,21.0,201.0,52.0,186.0,31.0
31,44,2.0,0.0,2.0,[30 32],186.0,31.0,98.0,21.0,131.0,13.0,188.0,38.0,201.0,52.0
31,45,2.0,0.0,2.0,[30 32],201.0,52.0,131.0,13.0,186.0,31.0,177.0,30.0,188.0,38.0
31,46,2.0,0.0,2.0,[30 32],188.0,38.0,186.0,31.0,201.0,52.0,196.0,19.0,177.0,30.0
31,47,2.0,0.0,2.0,[30 32],177.0,30.0,201.0,52.0,188.0,38.0,136.0,66.0,196.0,19.0
31,48,2.0,0.0,2.0,[30 32],196.0,19.0,188.0,38.0,177.0,30.0,137.0,23.0,136.0,66.0
31,49,2.0,0.0,2.0,[30 32],136.0,66.0,177.0,30.0,196.0,19.0,97.0,20.0,137.0,23.0
31,50,2.0,0.0,2.0,[30 32],137.0,23.0,196.0,19.0,136.0,66.0,86.0,30.0,97.0,20.0
31,51,2.0,0.0,2.0,[30 32],97.0,20.0,136.0,66.0,137.0,23.0,55.0,23.0,86.0,30.0
31,52,2.0,0.0,2.0,[30 32],86.0,30.0,137.0,23.0,97.0,20.0,76.0,43.0,55.0,23.0
31,53,2.0,0.0,2.0,[30 32],55.0,23.0,97.0,20.0,86.0,30.0,45.0,46.0,76.0,43.0
31,54,2.0,0.0,2.0,[30 32],76.0,43.0,86.0,30.0,55.0,23.0,54.0,29.0,45.0,46.0
31,55,2.0,0.0,2.0,[30 32],45.0,46.0,55.0,23.0,76.0,43.0,55.0,25.0,54.0,29.0
31,56,2.0,0.0,2.0,[30 32],54.0,29.0,76.0,43.0,45.0,46.0,50.0,18.0,55.0,25.0
31,57,2.0,0.0,2.0,[30 32],55.0,25.0,45.0,46.0,54.0,29.0,62.0,32.0,50.0,18.0
31,58,2.0,0.0,2.0,[30 32],50.0,18.0,54.0,29.0,55.0,25.0,38.0,20.0,62.0,32.0
31,59,2.0,0.0,2.0,[30 32],62.0,32.0,55.0,25.0,50.0,18.0,52.0,31.0,38.0,20.0
31,60,2.0,0.0,2.0,[30 32],38.0,20.0,50.0,18.0,62.0,32.0,39.0,17.0,52.0,31.0
31,61,2.0,0.0,2.0,[30 32],52.0,31.0,62.0,32.0,38.0,20.0,36.0,28.0,39.0,17.0
31,62,2.0,0.0,2.0,[30 32],39.0,17.0,38.0,20.0,52.0,31.0,24.0,34.0,36.0,28.0
31,63,2.0,0.0,2.0,[30 32],36.0,28.0,52.0,31.0,39.0,17.0,30.0,15.0,24.0,34.0
31,64,2.0,0.0,2.0,[30 32],24.0,34.0,39.0,17.0,36.0,28.0,34.0,12.0,30.0,15.0
31,65,2.0,0.0,2.0,[30 32],30.0,15.0,36.0,28.0,24.0,34.0,31.0,28.0,34.0,12.0
31,66,2.0,0.0,2.0,[30 32],34.0,12.0,24.0,34.0,30.0,15.0,27.0,21.0,31.0,28.0
31,67,2.0,0.0,2.0,[30 32],31.0,28.0,30.0,15.0,34.0,12.0,44.0,16.0,27.0,21.0
31,68,2.0,0.0,2.0,[30 32],27.0,21.0,34.0,12.0,31.0,28.0,30.0,43.0,44.0,16.0
31,69,2.0,0.0,2.0,[30 32],44.0,16.0,31.0,28.0,27.0,21.0,50.0,21.0,30.0,43.0
31,70,2.0,0.0,2.0,[30 32],30.0,43.0,27.0,21.0,44.0,16.0,23.0,13.0,50.0,21.0
31,71,2.0,0.0,2.0,[30 32],50.0,21.0,44.0,16.0,30.0,43.0,39.0,24.0,23.0,13.0
31,72,2.0,0.0,2.0,[30 32],23.0,13.0,30.0,43.0,50.0,21.0,39.0,15.0,39.0,24.0
31,73,2.0,0.0,2.0,[30 32],39.0,24.0,50.0,21.0,23.0,13.0,36.0,18.0,39.0,15.0
31,74,2.0,0.0,2.0,[30 32],39.0,15.0,23.0,13.0,39.0,24.0,23.0,50.0,36.0,18.0
31,75,2.0,0.0,2.0,[30 32],36.0,18.0,39.0,24.0,39.0,15.0,31.0,29.0,23.0,50.0
31,76,2.0,0.0,2.0,[30 32],23.0,50.0,39.0,15.0,36.0,18.0,42.0,23.0,31.0,29.0
31,77,2.0,0.0,2.0,[30 32],31.0,29.0,36.0,18.0,23.0,50.0,38.0,35.0,42.0,23.0
31,78,2.0,0.0,2.0,[30 32],42.0,23.0,23.0,50.0,31.0,29.0,33.0,25.0,38.0,35.0
31,79,2.0,0.0,2.0,[30 32],38.0,35.0,31.0,29.0,42.0,23.0,32.0,26.0,33.0,25.0
31,80,2.0,0.0,2.0,[30 32],33.0,25.0,42.0,23.0,38.0,35.0,50.0,41.0,32.0,26.0
31,81,2.0,0.0,2.0,[30 32],32.0,26.0,38.0,35.0,33.0,25.0,29.0,31.0,50.0,41.0
31,82,2.0,0.0,2.0,[30 32],50.0,41.0,33.0,25.0,32.0,26.0,14.0,32.0,29.0,31.0
31,83,2.0,0.0,2.0,[30 32],29.0,31.0,32.0,26.0,50.0,41.0,37.0,40.0,14.0,32.0
31,84,2.0,0.0,2.0,[30 32],14.0,32.0,50.0,41.0,29.0,31.0,41.0,15.0,37.0,40.0
31,85,2.0,0.0,2.0,[30 32],37.0,40.0,29.0,31.0,14.0,32.0,27.0,29.0,41.0,15.0
31,86,2.0,0.0,2.0,[30 32],41.0,15.0,14.0,32.0,37.0,40.0,26.0,33.0,27.0,29.0
31,87,2.0,0.0,2.0,[30 32],27.0,29.0,37.0,40.0,41.0,15.0,41.0,29.0,26.0,33.0
31,88,2.0,0.0,2.0,[30 32],26.0,33.0,41.0,15.0,27.0,29.0,31.0,41.0,41.0,29.0
31,89,2.0,0.0,2.0,[30 32],41.0,29.0,27.0,29.0,26.0,33.0,27.0,54.0,31.0,41.0
31,90,2.0,0.0,2.0,[30 32],31.0,41.0,26.0,33.0,41.0,29.0,38.0,29.0,27.0,54.0
31,91,2.0,0.0,2.0,[30 32],27.0,54.0,41.0,29.0,31.0,41.0,31.0,25.0,38.0,29.0
31,92,2.0,0.0,2.0,[30 32],38.0,29.0,31.0,41.0,27.0,54.0,16.0,63.0,31.0,25.0
31,93,2.0,0.0,2.0,[30 32],31.0,25.0,27.0,54.0,38.0,29.0,21.0,44.0,16.0,63.0
31,94,2.0,0.0,2.0,[30 32],16.0,63.0,38.0,29.0,31.0,25.0,44.0,34.0,21.0,44.0
31,95,2.0,0.0,2.0,[30 32],21.0,44.0,31.0,25.0,16.0,63.0,32.0,61.0,44.0,34.0
31,96,2.0,0.0,2.0,[30 32],44.0,34.0,16.0,63.0,21.0,44.0,17.0,38.0,32.0,61.0
31,97,2.0,0.0,2.0,[30 32],32.0,61.0,21.0,44.0,44.0,34.0,31.0,46.0,17.0,38.0
31,98,2.0,0.0,2.0,[30 32],17.0,38.0,44.0,34.0,32.0,61.0,63.0,79.0,31.0,46.0
31,99,2.0,0.0,2.0,[30 32],31.0,46.0,32.0,61.0,17.0,38.0,15.0,45.0,63.0,79.0
31,100,2.0,0.0,2.0,[30 32],63.0,79.0,17.0,38.0,31.0,46.0,27.0,44.0,15.0,45.0
31,101,2.0,0.0,2.0,[30 32],15.0,45.0,31.0,46.0,63.0,79.0,42.0,100.0,27.0,44.0
31,102,2.0,0.0,2.0,[30 32],27.0,44.0,63.0,79.0,15.0,45.0,24.0,75.0,42.0,100.0
31,103,2.0,0.0,2.0,[30 32],42.0,100.0,15.0,45.0,27.0,44.0,26.0,50.0,24.0,75.0
31,104,2.0,0.0,2.0,[30 32],24.0,75.0,27.0,44.0,42.0,100.0,78.0,108.0,26.0,50.0
31,105,2.0,0.0,2.0,[30 32],26.0,50.0,42.0,100.0,24.0,75.0,42.0,75.0,78.0,108.0
31,106,2.0,0.0,2.0,[30 32],78.0,108.0,24.0,75.0,26.0,50.0,27.0,80.0,42.0,75.0
31,107,2.0,0.0,2.0,[30 32],42.0,75.0,26.0,50.0,78.0,108.0,42.0,178.0,27.0,80.0
31,108,2.0,0.0,2.0,[30 32],27.0,80.0,78.0,108.0,42.0,75.0,60.0,95.0,42.0,178.0
31,109,2.0,0.0,2.0,[30 32],42.0,178.0,42.0,75.0,27.0,80.0,27.0,107.0,60.0,95.0
31,110,2.0,0.0,2.0,[30 32],60.0,95.0,27.0,80.0,42.0,178.0,14.0,157.0,27.0,107.0
31,111,2.0,0.0,2.0,[30 32],27.0,107.0,42.0,178.0,60.0,95.0,52.0,87.0,14.0,157.0
31,112,2.0,0.0,2.0,[30 32],14.0,157.0,60.0,95.0,27.0,107.0,9.0,113.0,52.0,87.0
31,113,2.0,0.0,2.0,[30 32],52.0,87.0,27.0,107.0,14.0,157.0,28.0,72.0,9.0,113.0
31,114,2.0,0.0,2.0,[30 32],9.0,113.0,14.0,157.0,52.0,87.0,26.0,55.0,28.0,72.0
31,115,2.0,0.0,2.0,[30 32],28.0,72.0,52.0,87.0,9.0,113.0,28.0,79.0,26.0,55.0
31,116,2.0,0.0,2.0,[30 32],26.0,55.0,9.0,113.0,28.0,72.0,16.0,37.0,28.0,79.0
31,117,2.0,0.0,2.0,[30 32],28.0,79.0,28.0,72.0,26.0,55.0,11.0,44.0,16.0,37.0
31,118,2.0,0.0,2.0,[30 32],16.0,37.0,26.0,55.0,28.0,79.0,7.0,73.0,11.0,44.0
31,119,2.0,0.0,2.0,[30 32],11.0,44.0,28.0,79.0,16.0,37.0,38.0,37.0,7.0,73.0
31,120,2.0,0.0,2.0,[30 32],7.0,73.0,16.0,37.0,11.0,44.0,5.0,33.0,38.0,37.0
31,121,2.0,0.0,2.0,[30 32],38.0,37.0,11.0,44.0,7.0,73.0,10.0,41.0,5.0,33.0
31,122,2.0,0.0,2.0,[30 32],5.0,33.0,7.0,73.0,38.0,37.0,23.0,59.0,10.0,41.0
31,123,2.0,0.0,2.0,[30 32],10.0,41.0,38.0,37.0,5.0,33.0,15.0,49.0,23.0,59.0
31,124,2.0,0.0,2.0,[30 32],23.0,59.0,5.0,33.0,10.0,41.0,6.0,67.0,15.0,49.0
31,125,2.0,0.0,2.0,[30 32],15.0,49.0,10.0,41.0,23.0,59.0,26.0,38.0,6.0,67.0
31,126,2.0,0.0,2.0,[30 32],6.0,67.0,23.0,59.0,15.0,49.0,15.0,29.0,26.0,38.0
31,127,2.0,0.0,2.0,[30 32],26.0,38.0,15.0,49.0,6.0,67.0,5.0,43.0,15.0,29.0
31,128,2.0,0.0,2.0,[30 32],15.0,29.0,6.0,67.0,26.0,38.0,5.0,28.0,5.0,43.0
31,129,2.0,0.0,2.0,[30 32],5.0,43.0,26.0,38.0,15.0,29.0,3.0,32.0,5.0,28.0
31,130,2.0,0.0,2.0,[30 32],5.0,28.0,15.0,29.0,5.0,43.0,5.0,37.0,3.0,32.0
31,131,2.0,0.0,2.0,[30 32],3.0,32.0,5.0,43.0,5.0,28.0,5.0,27.0,5.0,37.0
31,132,2.0,0.0,2.0,[30 32],5.0,37.0,5.0,28.0,3.0,32.0,4.0,38.0,5.0,27.0
31,133,2.0,0.0,2.0,[30 32],5.0,27.0,3.0,32.0,5.0,37.0,0.0,27.0,4.0,38.0
31,134,2.0,0.0,2.0,[30 32],4.0,38.0,5.0,37.0,5.0,27.0,1.0,30.0,0.0,27.0
31,135,2.0,0.0,2.0,[30 32],0.0,27.0,5.0,27.0,4.0,38.0,0.0,34.0,1.0,30.0
31,136,2.0,0.0,2.0,[30 32],1.0,30.0,4.0,38.0,0.0,27.0,0.0,23.0,0.0,34.0
31,137,2.0,0.0,2.0,[30 32],0.0,34.0,0.0,27.0,1.0,30.0,2.0,21.0,0.0,23.0
31,138,2.0,0.0,2.0,[30 32],0.0,23.0,1.0,30.0,0.0,34.0,0.0,13.0,2.0,21.0
31,139,2.0,0.0,2.0,[30 32],2.0,21.0,0.0,34.0,0.0,23.0,2.0,7.0,0.0,13.0
31,140,2.0,0.0,2.0,[30 32],0.0,13.0,0.0,23.0,2.0,21.0,0.0,1.0,2.0,7.0
31,141,2.0,0.0,2.0,[30 32],2.0,7.0,2.0,21.0,0.0,13.0,1.0,6.0,0.0,1.0
31,142,2.0,0.0,2.0,[30 32],0.0,1.0,0.0,13.0,2.0,7.0,0.0,0.0,1.0,6.0
31,143,2.0,0.0,2.0,[30 32],1.0,6.0,2.0,7.0,0.0,1.0,0.0,0.0,0.0,0.0
32,0,2.0,0.0,2.0,[31 33],0.0,2.0,0.0,0.0,0.0,0.0,1.0,2.0,0.0,0.0
32,1,2.0,0.0,2.0,[31 33],0.0,0.0,0.0,0.0,0.0,2.0,0.0,0.0,1.0,2.0
32,2,2.0,0.0,2.0,[31 33],1.0,2.0,0.0,2.0,0.0,0.0,1.0,1.0,0.0,0.0
32,3,2.0,0.0,2.0,[31 33],0.0,0.0,0.0,0.0,1.0,2.0,0.0,0.0,1.0,1.0
32,4,2.0,0.0,2.0,[31 33],1.0,1.0,1.0,2.0,0.0,0.0,0.0,0.0,0.0,0.0
32,5,2.0,0.0,2.0,[31 33],0.0,0.0,0.0,0.0,1.0,1.0,7.0,3.0,0.0,0.0
32,6,2.0,0.0,2.0,[31 33],0.0,0.0,1.0,1.0,0.0,0.0,0.0,0.0,7.0,3.0
32,7,2.0,0.0,2.0,[31 33],7.0,3.0,0.0,0.0,0.0,0.0,2.0,2.0,0.0,0.0
32,8,2.0,0.0,2.0,[31 33],0.0,0.0,0.0,0.0,7.0,3.0,0.0,0.0,2.0,2.0
32,9,2.0,0.0,2.0,[31 33],2.0,2.0,7.0,3.0,0.0,0.0,0.0,0.0,0.0,0.0
32,10,2.0,0.0,2.0,[31 33],0.0,0.0,0.0,0.0,2.0,2.0,0.0,0.0,0.0,0.0
32,11,2.0,0.0,2.0,[31 33],0.0,0.0,2.0,2.0,0.0,0.0,0.0,0.0,0.0,0.0
32,12,2.0,0.0,2.0,[31 33],0.0,0.0,0.0,0.0,0.0,0.0,0.0,0.0,0.0,0.0
32,13,2.0,0.0,2.0,[31 33],0.0,0.0,0.0,0.0,0.0,0.0,0.0,0.0,0.0,0.0
32,14,2.0,0.0,2.0,[31 33],0.0,0.0,0.0,0.0,0.0,0.0,0.0,1.0,0.0,0.0
32,15,2.0,0.0,2.0,[31 33],0.0,0.0,0.0,0.0,0.0,0.0,0.0,4.0,0.0,1.0
32,16,2.0,0.0,2.0,[31 33],0.0,1.0,0.0,0.0,0.0,0.0,0.0,0.0,0.0,4.0
32,17,2.0,0.0,2.0,[31 33],0.0,4.0,0.0,0.0,0.0,1.0,0.0,0.0,0.0,0.0
32,18,2.0,0.0,2.0,[31 33],0.0,0.0,0.0,1.0,0.0,4.0,0.0,0.0,0.0,0.0
32,19,2.0,0.0,2.0,[31 33],0.0,0.0,0.0,4.0,0.0,0.0,2.0,0.0,0.0,0.0
32,20,2.0,0.0,2.0,[31 33],0.0,0.0,0.0,0.0,0.0,0.0,0.0,0.0,2.0,0.0
32,21,2.0,0.0,2.0,[31 33],2.0,0.0,0.0,0.0,0.0,0.0,0.0,2.0,0.0,0.0
32,22,2.0,0.0,2.0,[31 33],0.0,0.0,0.0,0.0,2.0,0.0,0.0,0.0,0.0,2.0
32,23,2.0,0.0,2.0,[31 33],0.0,2.0,2.0,0.0,0.0,0.0,0.0,0.0,0.0,0.0
32,24,2.0,0.0,2.0,[31 33],0.0,0.0,0.0,0.0,0.0,2.0,0.0,1.0,0.0,0.0
32,25,2.0,0.0,2.0,[31 33],0.0,0.0,0.0,2.0,0.0,0.0,0.0,0.0,0.0,1.0
32,26,2.0,0.0,2.0,[31 33],0.0,1.0,0.0,0.0,0.0,0.0,0.0,0.0,0.0,0.0
32,27,2.0,0.0,2.0,[31 33],0.0,0.0,0.0,0.0,0.0,1.0,0.0,0.0,0.0,0.0
32,28,2.0,0.0,2.0,[31 33],0.0,0.0,0.0,1.0,0.0,0.0,0.0,0.0,0.0,0.0
32,29,2.0,0.0,2.0,[31 33],0.0,0.0,0.0,0.0,0.0,0.0,0.0,0.0,0.0,0.0
32,30,2.0,0.0,2.0,[31 33],0.0,0.0,0.0,0.0,0.0,0.0,0.0,0.0,0.0,0.0
32,31,2.0,0.0,2.0,[31 33],0.0,0.0,0.0,0.0,0.0,0.0,0.0,0.0,0.0,0.0
32,32,2.0,0.0,2.0,[31 33],0.0,0.0,0.0,0.0,0.0,0.0,16.0,0.0,0.0,0.0
32,33,2.0,0.0,2.0,[31 33],0.0,0.0,0.0,0.0,0.0,0.0,30.0,2.0,16.0,0.0
32,34,2.0,0.0,2.0,[31 33],16.0,0.0,0.0,0.0,0.0,0.0,18.0,0.0,30.0,2.0
32,35,2.0,0.0,2.0,[31 33],30.0,2.0,0.0,0.0,16.0,0.0,50.0,2.0,18.0,0.0
32,36,2.0,0.0,2.0,[31 33],18.0,0.0,16.0,0.0,30.0,2.0,52.0,8.0,50.0,2.0
32,37,2.0,0.0,2.0,[31 33],50.0,2.0,30.0,2.0,18.0,0.0,59.0,18.0,52.0,8.0
32,38,2.0,0.0,2.0,[31 33],52.0,8.0,18.0,0.0,50.0,2.0,95.0,14.0,59.0,18.0
32,39,2.0,0.0,2.0,[31 33],59.0,18.0,50.0,2.0,52.0,8.0,136.0,20.0,95.0,14.0
32,40,2.0,0.0,2.0,[31 33],95.0,14.0,52.0,8.0,59.0,18.0,157.0,24.0,136.0,20.0
32,41,2.0,0.0,2.0,[31 33],136.0,20.0,59.0,18.0,95.0,14.0,241.0,18.0,157.0,24.0
32,42,2.0,0.0,2.0,[31 33],157.0,24.0,95.0,14.0,136.0,20.0,283.0,15.0,241.0,18.0
32,43,2.0,0.0,2.0,[31 33],241.0,18.0,136.0,20.0,157.0,24.0,351.0,19.0,283.0,15.0
32,44,2.0,0.0,2.0,[31 33],283.0,15.0,157.0,24.0,241.0,18.0,299.0,46.0,351.0,19.0
32,45,2.0,0.0,2.0,[31 33],351.0,19.0,241.0,18.0,283.0,15.0,365.0,41.0,299.0,46.0
32,46,2.0,0.0,2.0,[31 33],299.0,46.0,283.0,15.0,351.0,19.0,354.0,43.0,365.0,41.0
32,47,2.0,0.0,2.0,[31 33],365.0,41.0,351.0,19.0,299.0,46.0,326.0,35.0,354.0,43.0
32,48,2.0,0.0,2.0,[31 33],354.0,43.0,299.0,46.0,365.0,41.0,282.0,81.0,326.0,35.0
32,49,2.0,0.0,2.0,[31 33],326.0,35.0,365.0,41.0,354.0,43.0,235.0,53.0,282.0,81.0
32,50,2.0,0.0,2.0,[31 33],282.0,81.0,354.0,43.0,326.0,35.0,189.0,85.0,235.0,53.0
32,51,2.0,0.0,2.0,[31 33],235.0,53.0,326.0,35.0,282.0,81.0,141.0,79.0,189.0,85.0
32,52,2.0,0.0,2.0,[31 33],189.0,85.0,282.0,81.0,235.0,53.0,116.0,47.0,141.0,79.0
32,53,2.0,0.0,2.0,[31 33],141.0,79.0,235.0,53.0,189.0,85.0,113.0,40.0,116.0,47.0
32,54,2.0,0.0,2.0,[31 33],116.0,47.0,189.0,85.0,141.0,79.0,112.0,71.0,113.0,40.0
32,55,2.0,0.0,2.0,[31 33],113.0,40.0,141.0,79.0,116.0,47.0,88.0,54.0,112.0,71.0
32,56,2.0,0.0,2.0,[31 33],112.0,71.0,116.0,47.0,113.0,40.0,98.0,44.0,88.0,54.0
32,57,2.0,0.0,2.0,[31 33],88.0,54.0,113.0,40.0,112.0,71.0,63.0,51.0,98.0,44.0
32,58,2.0,0.0,2.0,[31 33],98.0,44.0,112.0,71.0,88.0,54.0,73.0,24.0,63.0,51.0
32,59,2.0,0.0,2.0,[31 33],63.0,51.0,88.0,54.0,98.0,44.0,62.0,34.0,73.0,24.0
32,60,2.0,0.0,2.0,[31 33],73.0,24.0,98.0,44.0,63.0,51.0,99.0,52.0,62.0,34.0
32,61,2.0,0.0,2.0,[31 33],62.0,34.0,63.0,51.0,73.0,24.0,71.0,45.0,99.0,52.0
32,62,2.0,0.0,2.0,[31 33],99.0,52.0,73.0,24.0,62.0,34.0,64.0,33.0,71.0,45.0
32,63,2.0,0.0,2.0,[31 33],71.0,45.0,62.0,34.0,99.0,52.0,47.0,47.0,64.0,33.0
32,64,2.0,0.0,2.0,[31 33],64.0,33.0,99.0,52.0,71.0,45.0,67.0,18.0,47.0,47.0
32,65,2.0,0.0,2.0,[31 33],47.0,47.0,71.0,45.0,64.0,33.0,54.0,47.0,67.0,18.0
32,66,2.0,0.0,2.0,[31 33],67.0,18.0,64.0,33.0,47.0,47.0,79.0,53.0,54.0,47.0
32,67,2.0,0.0,2.0,[31 33],54.0,47.0,47.0,47.0,67.0,18.0,56.0,28.0,79.0,53.0
32,68,2.0,0.0,2.0,[31 33],79.0,53.0,67.0,18.0,54.0,47.0,70.0,36.0,56.0,28.0
32,69,2.0,0.0,2.0,[31 33],56.0,28.0,54.0,47.0,79.0,53.0,80.0,74.0,70.0,36.0
32,70,2.0,0.0,2.0,[31 33],70.0,36.0,79.0,53.0,56.0,28.0,70.0,32.0,80.0,74.0
32,71,2.0,0.0,2.0,[31 33],80.0,74.0,56.0,28.0,70.0,36.0,65.0,46.0,70.0,32.0
32,72,2.0,0.0,2.0,[31 33],70.0,32.0,70.0,36.0,80.0,74.0,73.0,71.0,65.0,46.0
32,73,2.0,0.0,2.0,[31 33],65.0,46.0,80.0,74.0,70.0,32.0,50.0,30.0,73.0,71.0
32,74,2.0,0.0,2.0,[31 33],73.0,71.0,70.0,32.0,65.0,46.0,71.0,41.0,50.0,30.0
32,75,2.0,0.0,2.0,[31 33],50.0,30.0,65.0,46.0,73.0,71.0,70.0,63.0,71.0,41.0
32,76,2.0,0.0,2.0,[31 33],71.0,41.0,73.0,71.0,50.0,30.0,72.0,49.0,70.0,63.0
32,77,2.0,0.0,2.0,[31 33],70.0,63.0,50.0,30.0,71.0,41.0,58.0,45.0,72.0,49.0
32,78,2.0,0.0,2.0,[31 33],72.0,49.0,71.0,41.0,70.0,63.0,63.0,69.0,58.0,45.0
32,79,2.0,0.0,2.0,[31 33],58.0,45.0,70.0,63.0,72.0,49.0,46.0,28.0,63.0,69.0
32,80,2.0,0.0,2.0,[31 33],63.0,69.0,72.0,49.0,58.0,45.0,48.0,26.0,46.0,28.0
32,81,2.0,0.0,2.0,[31 33],46.0,28.0,58.0,45.0,63.0,69.0,70.0,66.0,48.0,26.0
32,82,2.0,0.0,2.0,[31 33],48.0,26.0,63.0,69.0,46.0,28.0,62.0,46.0,70.0,66.0
32,83,2.0,0.0,2.0,[31 33],70.0,66.0,46.0,28.0,48.0,26.0,59.0,39.0,62.0,46.0
32,84,2.0,0.0,2.0,[31 33],62.0,46.0,48.0,26.0,70.0,66.0,55.0,87.0,59.0,39.0
32,85,2.0,0.0,2.0,[31 33],59.0,39.0,70.0,66.0,62.0,46.0,63.0,44.0,55.0,87.0
32,86,2.0,0.0,2.0,[31 33],55.0,87.0,62.0,46.0,59.0,39.0,54.0,42.0,63.0,44.0
32,87,2.0,0.0,2.0,[31 33],63.0,44.0,59.0,39.0,55.0,87.0,70.0,73.0,54.0,42.0
32,88,2.0,0.0,2.0,[31 33],54.0,42.0,55.0,87.0,63.0,44.0,56.0,30.0,70.0,73.0
32,89,2.0,0.0,2.0,[31 33],70.0,73.0,63.0,44.0,54.0,42.0,60.0,61.0,56.0,30.0
32,90,2.0,0.0,2.0,[31 33],56.0,30.0,54.0,42.0,70.0,73.0,64.0,77.0,60.0,61.0
32,91,2.0,0.0,2.0,[31 33],60.0,61.0,70.0,73.0,56.0,30.0,59.0,40.0,64.0,77.0
32,92,2.0,0.0,2.0,[31 33],64.0,77.0,56.0,30.0,60.0,61.0,57.0,55.0,59.0,40.0
32,93,2.0,0.0,2.0,[31 33],59.0,40.0,60.0,61.0,64.0,77.0,43.0,86.0,57.0,55.0
32,94,2.0,0.0,2.0,[31 33],57.0,55.0,64.0,77.0,59.0,40.0,62.0,89.0,43.0,86.0
32,95,2.0,0.0,2.0,[31 33],43.0,86.0,59.0,40.0,57.0,55.0,47.0,100.0,62.0,89.0
32,96,2.0,0.0,2.0,[31 33],62.0,89.0,57.0,55.0,43.0,86.0,35.0,100.0,47.0,100.0
32,97,2.0,0.0,2.0,[31 33],47.0,100.0,43.0,86.0,62.0,89.0,49.0,70.0,35.0,100.0
32,98,2.0,0.0,2.0,[31 33],35.0,100.0,62.0,89.0,47.0,100.0,47.0,57.0,49.0,70.0
32,99,2.0,0.0,2.0,[31 33],49.0,70.0,47.0,100.0,35.0,100.0,67.0,132.0,47.0,57.0
32,100,2.0,0.0,2.0,[31 33],47.0,57.0,35.0,100.0,49.0,70.0,72.0,70.0,67.0,132.0
32,101,2.0,0.0,2.0,[31 33],67.0,132.0,49.0,70.0,47.0,57.0,86.0,82.0,72.0,70.0
32,102,2.0,0.0,2.0,[31 33],72.0,70.0,47.0,57.0,67.0,132.0,76.0,152.0,86.0,82.0
32,103,2.0,0.0,2.0,[31 33],86.0,82.0,67.0,132.0,72.0,70.0,77.0,112.0,76.0,152.0
32,104,2.0,0.0,2.0,[31 33],76.0,152.0,72.0,70.0,86.0,82.0,48.0,105.0,77.0,112.0
32,105,2.0,0.0,2.0,[31 33],77.0,112.0,86.0,82.0,76.0,152.0,51.0,264.0,48.0,105.0
32,106,2.0,0.0,2.0,[31 33],48.0,105.0,76.0,152.0,77.0,112.0,61.0,173.0,51.0,264.0
32,107,2.0,0.0,2.0,[31 33],51.0,264.0,77.0,112.0,48.0,105.0,72.0,166.0,61.0,173.0
32,108,2.0,0.0,2.0,[31 33],61.0,173.0,48.0,105.0,51.0,264.0,56.0,353.0,72.0,166.0
32,109,2.0,0.0,2.0,[31 33],72.0,166.0,51.0,264.0,61.0,173.0,60.0,177.0,56.0,353.0
32,110,2.0,0.0,2.0,[31 33],56.0,353.0,61.0,173.0,72.0,166.0,54.0,217.0,60.0,177.0
32,111,2.0,0.0,2.0,[31 33],60.0,177.0,72.0,166.0,56.0,353.0,59.0,348.0,54.0,217.0
32,112,2.0,0.0,2.0,[31 33],54.0,217.0,56.0,353.0,60.0,177.0,44.0,134.0,59.0,348.0
32,113,2.0,0.0,2.0,[31 33],59.0,348.0,60.0,177.0,54.0,217.0,49.0,186.0,44.0,134.0
32,114,2.0,0.0,2.0,[31 33],44.0,134.0,54.0,217.0,59.0,348.0,40.0,118.0,49.0,186.0
32,115,2.0,0.0,2.0,[31 33],49.0,186.0,59.0,348.0,44.0,134.0,33.0,121.0,40.0,118.0
32,116,2.0,0.0,2.0,[31 33],40.0,118.0,44.0,134.0,49.0,186.0,33.0,223.0,33.0,121.0
32,117,2.0,0.0,2.0,[31 33],33.0,121.0,49.0,186.0,40.0,118.0,33.0,76.0,33.0,223.0
32,118,2.0,0.0,2.0,[31 33],33.0,223.0,40.0,118.0,33.0,121.0,50.0,87.0,33.0,76.0
32,119,2.0,0.0,2.0,[31 33],33.0,76.0,33.0,121.0,33.0,223.0,64.0,119.0,50.0,87.0
32,120,2.0,0.0,2.0,[31 33],50.0,87.0,33.0,223.0,33.0,76.0,109.0,115.0,64.0,119.0
32,121,2.0,0.0,2.0,[31 33],64.0,119.0,33.0,76.0,50.0,87.0,74.0,90.0,109.0,115.0
32,122,2.0,0.0,2.0,[31 33],109.0,115.0,50.0,87.0,64.0,119.0,59.0,109.0,74.0,90.0
32,123,2.0,0.0,2.0,[31 33],74.0,90.0,64.0,119.0,109.0,115.0,37.0,106.0,59.0,109.0
32,124,2.0,0.0,2.0,[31 33],59.0,109.0,109.0,115.0,74.0,90.0,35.0,77.0,37.0,106.0
32,125,2.0,0.0,2.0,[31 33],37.0,106.0,74.0,90.0,59.0,109.0,36.0,102.0,35.0,77.0
32,126,2.0,0.0,2.0,[31 33],35.0,77.0,59.0,109.0,37.0,106.0,29.0,165.0,36.0,102.0
32,127,2.0,0.0,2.0,[31 33],36.0,102.0,37.0,106.0,35.0,77.0,36.0,50.0,29.0,165.0
32,128,2.0,0.0,2.0,[31 33],29.0,165.0,35.0,77.0,36.0,102.0,23.0,104.0,36.0,50.0
32,129,2.0,0.0,2.0,[31 33],36.0,50.0,36.0,102.0,29.0,165.0,32.0,83.0,23.0,104.0
32,130,2.0,0.0,2.0,[31 33],23.0,104.0,29.0,165.0,36.0,50.0,40.0,137.0,32.0,83.0
32,131,2.0,0.0,2.0,[31 33],32.0,83.0,36.0,50.0,23.0,104.0,29.0,65.0,40.0,137.0
32,132,2.0,0.0,2.0,[31 33],40.0,137.0,23.0,104.0,32.0,83.0,15.0,65.0,29.0,65.0
32,133,2.0,0.0,2.0,[31 33],29.0,65.0,32.0,83.0,40.0,137.0,16.0,61.0,15.0,65.0
32,134,2.0,0.0,2.0,[31 33],15.0,65.0,40.0,137.0,29.0,65.0,4.0,76.0,16.0,61.0
32,135,2.0,0.0,2.0,[31 33],16.0,61.0,29.0,65.0,15.0,65.0,3.0,66.0,4.0,76.0
32,136,2.0,0.0,2.0,[31 33],4.0,76.0,15.0,65.0,16.0,61.0,3.0,57.0,3.0,66.0
32,137,2.0,0.0,2.0,[31 33],3.0,66.0,16.0,61.0,4.0,76.0,0.0,26.0,3.0,57.0
32,138,2.0,0.0,2.0,[31 33],3.0,57.0,4.0,76.0,3.0,66.0,0.0,4.0,0.0,26.0
32,139,2.0,0.0,2.0,[31 33],0.0,26.0,3.0,66.0,3.0,57.0,3.0,33.0,0.0,4.0
32,140,2.0,0.0,2.0,[31 33],0.0,4.0,3.0,57.0,0.0,26.0,0.0,14.0,3.0,33.0
32,141,2.0,0.0,2.0,[31 33],3.0,33.0,0.0,26.0,0.0,4.0,0.0,13.0,0.0,14.0
32,142,2.0,0.0,2.0,[31 33],0.0,14.0,0.0,4.0,3.0,33.0,0.0,0.0,0.0,13.0
32,143,2.0,0.0,2.0,[31 33],0.0,13.0,3.0,33.0,0.0,14.0,0.0,0.0,0.0,0.0
33,0,2.0,0.0,1.0,[32],0.0,2.0,0.0,0.0,0.0,0.0,0.0,0.0,0.0,4.0
33,1,2.0,0.0,1.0,[32],0.0,4.0,0.0,0.0,0.0,2.0,0.0,0.0,0.0,0.0
33,2,2.0,0.0,1.0,[32],0.0,0.0,0.0,2.0,0.0,4.0,0.0,0.0,0.0,0.0
33,3,2.0,0.0,1.0,[32],0.0,0.0,0.0,4.0,0.0,0.0,0.0,0.0,0.0,0.0
33,4,2.0,0.0,1.0,[32],0.0,0.0,0.0,0.0,0.0,0.0,0.0,0.0,0.0,0.0
33,5,2.0,0.0,1.0,[32],0.0,0.0,0.0,0.0,0.0,0.0,0.0,0.0,0.0,0.0
33,6,2.0,0.0,1.0,[32],0.0,0.0,0.0,0.0,0.0,0.0,0.0,0.0,0.0,0.0
33,7,2.0,0.0,1.0,[32],0.0,0.0,0.0,0.0,0.0,0.0,0.0,0.0,0.0,0.0
33,8,2.0,0.0,1.0,[32],0.0,0.0,0.0,0.0,0.0,0.0,0.0,0.0,0.0,0.0
33,9,2.0,0.0,1.0,[32],0.0,0.0,0.0,0.0,0.0,0.0,0.0,0.0,0.0,0.0
33,10,2.0,0.0,1.0,[32],0.0,0.0,0.0,0.0,0.0,0.0,0.0,0.0,0.0,0.0
33,11,2.0,0.0,1.0,[32],0.0,0.0,0.0,0.0,0.0,0.0,0.0,0.0,0.0,0.0
33,12,2.0,0.0,1.0,[32],0.0,0.0,0.0,0.0,0.0,0.0,0.0,0.0,0.0,0.0
33,13,2.0,0.0,1.0,[32],0.0,0.0,0.0,0.0,0.0,0.0,0.0,0.0,0.0,0.0
33,14,2.0,0.0,1.0,[32],0.0,0.0,0.0,0.0,0.0,0.0,0.0,0.0,0.0,0.0
33,15,2.0,0.0,1.0,[32],0.0,0.0,0.0,0.0,0.0,0.0,0.0,0.0,0.0,0.0
33,16,2.0,0.0,1.0,[32],0.0,0.0,0.0,0.0,0.0,0.0,0.0,0.0,0.0,0.0
33,17,2.0,0.0,1.0,[32],0.0,0.0,0.0,0.0,0.0,0.0,0.0,0.0,0.0,0.0
33,18,2.0,0.0,1.0,[32],0.0,0.0,0.0,0.0,0.0,0.0,0.0,0.0,0.0,0.0
33,19,2.0,0.0,1.0,[32],0.0,0.0,0.0,0.0,0.0,0.0,0.0,0.0,0.0,0.0
33,20,2.0,0.0,1.0,[32],0.0,0.0,0.0,0.0,0.0,0.0,0.0,0.0,0.0,0.0
33,21,2.0,0.0,1.0,[32],0.0,0.0,0.0,0.0,0.0,0.0,0.0,0.0,0.0,0.0
33,22,2.0,0.0,1.0,[32],0.0,0.0,0.0,0.0,0.0,0.0,0.0,0.0,0.0,0.0
33,23,2.0,0.0,1.0,[32],0.0,0.0,0.0,0.0,0.0,0.0,0.0,0.0,0.0,0.0
33,24,2.0,0.0,1.0,[32],0.0,0.0,0.0,0.0,0.0,0.0,0.0,0.0,0.0,0.0
33,25,2.0,0.0,1.0,[32],0.0,0.0,0.0,0.0,0.0,0.0,0.0,0.0,0.0,0.0
33,26,2.0,0.0,1.0,[32],0.0,0.0,0.0,0.0,0.0,0.0,0.0,0.0,0.0,0.0
33,27,2.0,0.0,1.0,[32],0.0,0.0,0.0,0.0,0.0,0.0,0.0,0.0,0.0,0.0
33,28,2.0,0.0,1.0,[32],0.0,0.0,0.0,0.0,0.0,0.0,0.0,0.0,0.0,0.0
33,29,2.0,0.0,1.0,[32],0.0,0.0,0.0,0.0,0.0,0.0,0.0,0.0,0.0,0.0
33,30,2.0,0.0,1.0,[32],0.0,0.0,0.0,0.0,0.0,0.0,0.0,0.0,0.0,0.0
33,31,2.0,0.0,1.0,[32],0.0,0.0,0.0,0.0,0.0,0.0,17.0,0.0,0.0,0.0
33,32,2.0,0.0,1.0,[32],0.0,0.0,0.0,0.0,0.0,0.0,57.0,3.0,17.0,0.0
33,33,2.0,0.0,1.0,[32],17.0,0.0,0.0,0.0,0.0,0.0,89.0,1.0,57.0,3.0
33,34,2.0,0.0,1.0,[32],57.0,3.0,0.0,0.0,17.0,0.0,104.0,1.0,89.0,1.0
33,35,2.0,0.0,1.0,[32],89.0,1.0,17.0,0.0,57.0,3.0,153.0,0.0,104.0,1.0
33,36,2.0,0.0,1.0,[32],104.0,1.0,57.0,3.0,89.0,1.0,221.0,11.0,153.0,0.0
33,37,2.0,0.0,1.0,[32],153.0,0.0,89.0,1.0,104.0,1.0,262.0,30.0,221.0,11.0
33,38,2.0,0.0,1.0,[32],221.0,11.0,104.0,1.0,153.0,0.0,350.0,28.0,262.0,30.0
33,39,2.0,0.0,1.0,[32],262.0,30.0,153.0,0.0,221.0,11.0,488.0,5.0,350.0,28.0
33,40,2.0,0.0,1.0,[32],350.0,28.0,221.0,11.0,262.0,30.0,514.0,68.0,488.0,5.0
33,41,2.0,0.0,1.0,[32],488.0,5.0,262.0,30.0,350.0,28.0,651.0,91.0,514.0,68.0
33,42,2.0,0.0,1.0,[32],514.0,68.0,350.0,28.0,488.0,5.0,786.0,62.0,651.0,91.0
33,43,2.0,0.0,1.0,[32],651.0,91.0,488.0,5.0,514.0,68.0,759.0,92.0,786.0,62.0
33,44,2.0,0.0,1.0,[32],786.0,62.0,514.0,68.0,651.0,91.0,826.0,105.0,759.0,92.0
33,45,2.0,0.0,1.0,[32],759.0,92.0,651.0,91.0,786.0,62.0,811.0,154.0,826.0,105.0
33,46,2.0,0.0,1.0,[32],826.0,105.0,786.0,62.0,759.0,92.0,779.0,272.0,811.0,154.0
33,47,2.0,0.0,1.0,[32],811.0,154.0,759.0,92.0,826.0,105.0,673.0,256.0,779.0,272.0
33,48,2.0,0.0,1.0,[32],779.0,272.0,826.0,105.0,811.0,154.0,526.0,242.0,673.0,256.0
33,49,2.0,0.0,1.0,[32],673.0,256.0,811.0,154.0,779.0,272.0,522.0,405.0,526.0,242.0
33,50,2.0,0.0,1.0,[32],526.0,242.0,779.0,272.0,673.0,256.0,425.0,275.0,522.0,405.0
33,51,2.0,0.0,1.0,[32],522.0,405.0,673.0,256.0,526.0,242.0,407.0,236.0,425.0,275.0
33,52,2.0,0.0,1.0,[32],425.0,275.0,526.0,242.0,522.0,405.0,402.0,201.0,407.0,236.0
33,53,2.0,0.0,1.0,[32],407.0,236.0,522.0,405.0,425.0,275.0,337.0,175.0,402.0,201.0
33,54,2.0,0.0,1.0,[32],402.0,201.0,425.0,275.0,407.0,236.0,316.0,138.0,337.0,175.0
33,55,2.0,0.0,1.0,[32],337.0,175.0,407.0,236.0,402.0,201.0,338.0,190.0,316.0,138.0
33,56,2.0,0.0,1.0,[32],316.0,138.0,402.0,201.0,337.0,175.0,277.0,249.0,338.0,190.0
33,57,2.0,0.0,1.0,[32],338.0,190.0,337.0,175.0,316.0,138.0,294.0,123.0,277.0,249.0
33,58,2.0,0.0,1.0,[32],277.0,249.0,316.0,138.0,338.0,190.0,282.0,254.0,294.0,123.0
33,59,2.0,0.0,1.0,[32],294.0,123.0,338.0,190.0,277.0,249.0,287.0,122.0,282.0,254.0
33,60,2.0,0.0,1.0,[32],282.0,254.0,277.0,249.0,294.0,123.0,266.0,179.0,287.0,122.0
33,61,2.0,0.0,1.0,[32],287.0,122.0,294.0,123.0,282.0,254.0,268.0,220.0,266.0,179.0
33,62,2.0,0.0,1.0,[32],266.0,179.0,282.0,254.0,287.0,122.0,209.0,138.0,268.0,220.0
33,63,2.0,0.0,1.0,[32],268.0,220.0,287.0,122.0,266.0,179.0,240.0,106.0,209.0,138.0
33,64,2.0,0.0,1.0,[32],209.0,138.0,266.0,179.0,268.0,220.0,218.0,197.0,240.0,106.0
33,65,2.0,0.0,1.0,[32],240.0,106.0,268.0,220.0,209.0,138.0,225.0,135.0,218.0,197.0
33,66,2.0,0.0,1.0,[32],218.0,197.0,209.0,138.0,240.0,106.0,174.0,156.0,225.0,135.0
33,67,2.0,0.0,1.0,[32],225.0,135.0,240.0,106.0,218.0,197.0,235.0,238.0,174.0,156.0
33,68,2.0,0.0,1.0,[32],174.0,156.0,218.0,197.0,225.0,135.0,226.0,128.0,235.0,238.0
33,69,2.0,0.0,1.0,[32],235.0,238.0,225.0,135.0,174.0,156.0,213.0,120.0,226.0,128.0
33,70,2.0,0.0,1.0,[32],226.0,128.0,174.0,156.0,235.0,238.0,295.0,236.0,213.0,120.0
33,71,2.0,0.0,1.0,[32],213.0,120.0,235.0,238.0,226.0,128.0,212.0,143.0,295.0,236.0
33,72,2.0,0.0,1.0,[32],295.0,236.0,226.0,128.0,213.0,120.0,265.0,140.0,212.0,143.0
33,73,2.0,0.0,1.0,[32],212.0,143.0,213.0,120.0,295.0,236.0,231.0,229.0,265.0,140.0
33,74,2.0,0.0,1.0,[32],265.0,140.0,295.0,236.0,212.0,143.0,244.0,130.0,231.0,229.0
33,75,2.0,0.0,1.0,[32],231.0,229.0,212.0,143.0,265.0,140.0,233.0,139.0,244.0,130.0
33,76,2.0,0.0,1.0,[32],244.0,130.0,265.0,140.0,231.0,229.0,216.0,219.0,233.0,139.0
33,77,2.0,0.0,1.0,[32],233.0,139.0,231.0,229.0,244.0,130.0,229.0,170.0,216.0,219.0
33,78,2.0,0.0,1.0,[32],216.0,219.0,244.0,130.0,233.0,139.0,180.0,142.0,229.0,170.0
33,79,2.0,0.0,1.0,[32],229.0,170.0,233.0,139.0,216.0,219.0,208.0,327.0,180.0,142.0
33,80,2.0,0.0,1.0,[32],180.0,142.0,216.0,219.0,229.0,170.0,229.0,149.0,208.0,327.0
33,81,2.0,0.0,1.0,[32],208.0,327.0,229.0,170.0,180.0,142.0,203.0,142.0,229.0,149.0
33,82,2.0,0.0,1.0,[32],229.0,149.0,180.0,142.0,208.0,327.0,241.0,261.0,203.0,142.0
33,83,2.0,0.0,1.0,[32],203.0,142.0,208.0,327.0,229.0,149.0,175.0,151.0,241.0,261.0
33,84,2.0,0.0,1.0,[32],241.0,261.0,229.0,149.0,203.0,142.0,223.0,150.0,175.0,151.0
33,85,2.0,0.0,1.0,[32],175.0,151.0,203.0,142.0,241.0,261.0,163.0,297.0,223.0,150.0
33,86,2.0,0.0,1.0,[32],223.0,150.0,241.0,261.0,175.0,151.0,206.0,155.0,163.0,297.0
33,87,2.0,0.0,1.0,[32],163.0,297.0,175.0,151.0,223.0,150.0,186.0,169.0,206.0,155.0
33,88,2.0,0.0,1.0,[32],206.0,155.0,223.0,150.0,163.0,297.0,183.0,296.0,186.0,169.0
33,89,2.0,0.0,1.0,[32],186.0,169.0,163.0,297.0,206.0,155.0,180.0,171.0,183.0,296.0
33,90,2.0,0.0,1.0,[32],183.0,296.0,206.0,155.0,186.0,169.0,174.0,159.0,180.0,171.0
33,91,2.0,0.0,1.0,[32],180.0,171.0,186.0,169.0,183.0,296.0,181.0,321.0,174.0,159.0
33,92,2.0,0.0,1.0,[32],174.0,159.0,183.0,296.0,180.0,171.0,157.0,213.0,181.0,321.0
33,93,2.0,0.0,1.0,[32],181.0,321.0,180.0,171.0,174.0,159.0,185.0,232.0,157.0,213.0
33,94,2.0,0.0,1.0,[32],157.0,213.0,174.0,159.0,181.0,321.0,197.0,361.0,185.0,232.0
33,95,2.0,0.0,1.0,[32],185.0,232.0,181.0,321.0,157.0,213.0,177.0,252.0,197.0,361.0
33,96,2.0,0.0,1.0,[32],197.0,361.0,157.0,213.0,185.0,232.0,187.0,206.0,177.0,252.0
33,97,2.0,0.0,1.0,[32],177.0,252.0,185.0,232.0,197.0,361.0,204.0,391.0,187.0,206.0
33,98,2.0,0.0,1.0,[32],187.0,206.0,197.0,361.0,177.0,252.0,221.0,177.0,204.0,391.0
33,99,2.0,0.0,1.0,[32],204.0,391.0,177.0,252.0,187.0,206.0,210.0,259.0,221.0,177.0
33,100,2.0,0.0,1.0,[32],221.0,177.0,187.0,206.0,204.0,391.0,211.0,400.0,210.0,259.0
33,101,2.0,0.0,1.0,[32],210.0,259.0,204.0,391.0,221.0,177.0,291.0,255.0,211.0,400.0
33,102,2.0,0.0,1.0,[32],211.0,400.0,221.0,177.0,210.0,259.0,223.0,281.0,291.0,255.0
33,103,2.0,0.0,1.0,[32],291.0,255.0,210.0,259.0,211.0,400.0,281.0,469.0,223.0,281.0
33,104,2.0,0.0,1.0,[32],223.0,281.0,211.0,400.0,291.0,255.0,274.0,338.0,281.0,469.0
33,105,2.0,0.0,1.0,[32],281.0,469.0,291.0,255.0,223.0,281.0,215.0,300.0,274.0,338.0
33,106,2.0,0.0,1.0,[32],274.0,338.0,223.0,281.0,281.0,469.0,297.0,655.0,215.0,300.0
33,107,2.0,0.0,1.0,[32],215.0,300.0,281.0,469.0,274.0,338.0,195.0,407.0,297.0,655.0
33,108,2.0,0.0,1.0,[32],297.0,655.0,274.0,338.0,215.0,300.0,201.0,456.0,195.0,407.0
33,109,2.0,0.0,1.0,[32],195.0,407.0,215.0,300.0,297.0,655.0,175.0,655.0,201.0,456.0
33,110,2.0,0.0,1.0,[32],201.0,456.0,297.0,655.0,195.0,407.0,175.0,449.0,175.0,655.0
33,111,2.0,0.0,1.0,[32],175.0,655.0,195.0,407.0,201.0,456.0,123.0,409.0,175.0,449.0
33,112,2.0,0.0,1.0,[32],175.0,449.0,201.0,456.0,175.0,655.0,140.0,633.0,123.0,409.0
33,113,2.0,0.0,1.0,[32],123.0,409.0,175.0,655.0,175.0,449.0,157.0,207.0,140.0,633.0
33,114,2.0,0.0,1.0,[32],140.0,633.0,175.0,449.0,123.0,409.0,116.0,518.0,157.0,207.0
33,115,2.0,0.0,1.0,[32],157.0,207.0,123.0,409.0,140.0,633.0,97.0,242.0,116.0,518.0
33,116,2.0,0.0,1.0,[32],116.0,518.0,140.0,633.0,157.0,207.0,111.0,220.0,97.0,242.0
33,117,2.0,0.0,1.0,[32],97.0,242.0,157.0,207.0,116.0,518.0,123.0,416.0,111.0,220.0
33,118,2.0,0.0,1.0,[32],111.0,220.0,116.0,518.0,97.0,242.0,85.0,223.0,123.0,416.0
33,119,2.0,0.0,1.0,[32],123.0,416.0,97.0,242.0,111.0,220.0,129.0,182.0,85.0,223.0
33,120,2.0,0.0,1.0,[32],85.0,223.0,111.0,220.0,123.0,416.0,106.0,217.0,129.0,182.0
33,121,2.0,0.0,1.0,[32],129.0,182.0,123.0,416.0,85.0,223.0,124.0,358.0,106.0,217.0
33,122,2.0,0.0,1.0,[32],106.0,217.0,85.0,223.0,129.0,182.0,113.0,268.0,124.0,358.0
33,123,2.0,0.0,1.0,[32],124.0,358.0,129.0,182.0,106.0,217.0,103.0,284.0,113.0,268.0
33,124,2.0,0.0,1.0,[32],113.0,268.0,106.0,217.0,124.0,358.0,74.0,194.0,103.0,284.0
33,125,2.0,0.0,1.0,[32],103.0,284.0,124.0,358.0,113.0,268.0,65.0,186.0,74.0,194.0
33,126,2.0,0.0,1.0,[32],74.0,194.0,113.0,268.0,103.0,284.0,71.0,220.0,65.0,186.0
33,127,2.0,0.0,1.0,[32],65.0,186.0,103.0,284.0,74.0,194.0,67.0,208.0,71.0,220.0
33,128,2.0,0.0,1.0,[32],71.0,220.0,74.0,194.0,65.0,186.0,62.0,246.0,67.0,208.0
33,129,2.0,0.0,1.0,[32],67.0,208.0,65.0,186.0,71.0,220.0,60.0,203.0,62.0,246.0
33,130,2.0,0.0,1.0,[32],62.0,246.0,71.0,220.0,67.0,208.0,81.0,177.0,60.0,203.0
33,131,2.0,0.0,1.0,[32],60.0,203.0,67.0,208.0,62.0,246.0,73.0,158.0,81.0,177.0
33,132,2.0,0.0,1.0,[32],81.0,177.0,62.0,246.0,60.0,203.0,43.0,273.0,73.0,158.0
33,133,2.0,0.0,1.0,[32],73.0,158.0,60.0,203.0,81.0,177.0,42.0,139.0,43.0,273.0
33,134,2.0,0.0,1.0,[32],43.0,273.0,81.0,177.0,73.0,158.0,12.0,151.0,42.0,139.0
33,135,2.0,0.0,1.0,[32],42.0,139.0,73.0,158.0,43.0,273.0,6.0,74.0,12.0,151.0
33,136,2.0,0.0,1.0,[32],12.0,151.0,43.0,273.0,42.0,139.0,5.0,114.0,6.0,74.0
33,137,2.0,0.0,1.0,[32],6.0,74.0,42.0,139.0,12.0,151.0,0.0,98.0,5.0,114.0
33,138,2.0,0.0,1.0,[32],5.0,114.0,12.0,151.0,6.0,74.0,0.0,49.0,0.0,98.0
33,139,2.0,0.0,1.0,[32],0.0,98.0,6.0,74.0,5.0,114.0,0.0,88.0,0.0,49.0
33,140,2.0,0.0,1.0,[32],0.0,49.0,5.0,114.0,0.0,98.0,0.0,45.0,0.0,88.0
33,141,2.0,0.0,1.0,[32],0.0,88.0,0.0,98.0,0.0,49.0,0.0,31.0,0.0,45.0
33,142,2.0,0.0,1.0,[32],0.0,45.0,0.0,49.0,0.0,88.0,0.0,0.0,0.0,31.0
33,143,2.0,0.0,1.0,[32],0.0,31.0,0.0,88.0,0.0,45.0,0.0,0.0,0.0,0.0
34,0,2.0,0.0,1.0,[35],0.0,1.0,0.0,0.0,0.0,0.0,0.0,0.0,0.0,0.0
34,1,2.0,0.0,1.0,[35],0.0,0.0,0.0,0.0,0.0,1.0,0.0,3.0,0.0,0.0
34,2,2.0,0.0,1.0,[35],0.0,0.0,0.0,1.0,0.0,0.0,0.0,0.0,0.0,3.0
34,3,2.0,0.0,1.0,[35],0.0,3.0,0.0,0.0,0.0,0.0,0.0,0.0,0.0,0.0
34,4,2.0,0.0,1.0,[35],0.0,0.0,0.0,0.0,0.0,3.0,0.0,0.0,0.0,0.0
34,5,2.0,0.0,1.0,[35],0.0,0.0,0.0,3.0,0.0,0.0,0.0,0.0,0.0,0.0
34,6,2.0,0.0,1.0,[35],0.0,0.0,0.0,0.0,0.0,0.0,0.0,0.0,0.0,0.0
34,7,2.0,0.0,1.0,[35],0.0,0.0,0.0,0.0,0.0,0.0,0.0,0.0,0.0,0.0
34,8,2.0,0.0,1.0,[35],0.0,0.0,0.0,0.0,0.0,0.0,0.0,0.0,0.0,0.0
34,9,2.0,0.0,1.0,[35],0.0,0.0,0.0,0.0,0.0,0.0,0.0,0.0,0.0,0.0
34,10,2.0,0.0,1.0,[35],0.0,0.0,0.0,0.0,0.0,0.0,0.0,0.0,0.0,0.0
34,11,2.0,0.0,1.0,[35],0.0,0.0,0.0,0.0,0.0,0.0,0.0,0.0,0.0,0.0
34,12,2.0,0.0,1.0,[35],0.0,0.0,0.0,0.0,0.0,0.0,0.0,0.0,0.0,0.0
34,13,2.0,0.0,1.0,[35],0.0,0.0,0.0,0.0,0.0,0.0,0.0,0.0,0.0,0.0
34,14,2.0,0.0,1.0,[35],0.0,0.0,0.0,0.0,0.0,0.0,0.0,0.0,0.0,0.0
34,15,2.0,0.0,1.0,[35],0.0,0.0,0.0,0.0,0.0,0.0,0.0,0.0,0.0,0.0
34,16,2.0,0.0,1.0,[35],0.0,0.0,0.0,0.0,0.0,0.0,0.0,0.0,0.0,0.0
34,17,2.0,0.0,1.0,[35],0.0,0.0,0.0,0.0,0.0,0.0,0.0,0.0,0.0,0.0
34,18,2.0,0.0,1.0,[35],0.0,0.0,0.0,0.0,0.0,0.0,0.0,0.0,0.0,0.0
34,19,2.0,0.0,1.0,[35],0.0,0.0,0.0,0.0,0.0,0.0,0.0,0.0,0.0,0.0
34,20,2.0,0.0,1.0,[35],0.0,0.0,0.0,0.0,0.0,0.0,0.0,0.0,0.0,0.0
34,21,2.0,0.0,1.0,[35],0.0,0.0,0.0,0.0,0.0,0.0,0.0,0.0,0.0,0.0
34,22,2.0,0.0,1.0,[35],0.0,0.0,0.0,0.0,0.0,0.0,0.0,0.0,0.0,0.0
34,23,2.0,0.0,1.0,[35],0.0,0.0,0.0,0.0,0.0,0.0,0.0,0.0,0.0,0.0
34,24,2.0,0.0,1.0,[35],0.0,0.0,0.0,0.0,0.0,0.0,0.0,0.0,0.0,0.0
34,25,2.0,0.0,1.0,[35],0.0,0.0,0.0,0.0,0.0,0.0,0.0,0.0,0.0,0.0
34,26,2.0,0.0,1.0,[35],0.0,0.0,0.0,0.0,0.0,0.0,0.0,0.0,0.0,0.0
34,27,2.0,0.0,1.0,[35],0.0,0.0,0.0,0.0,0.0,0.0,0.0,0.0,0.0,0.0
34,28,2.0,0.0,1.0,[35],0.0,0.0,0.0,0.0,0.0,0.0,0.0,0.0,0.0,0.0
34,29,2.0,0.0,1.0,[35],0.0,0.0,0.0,0.0,0.0,0.0,0.0,0.0,0.0,0.0
34,30,2.0,0.0,1.0,[35],0.0,0.0,0.0,0.0,0.0,0.0,0.0,0.0,0.0,0.0
34,31,2.0,0.0,1.0,[35],0.0,0.0,0.0,0.0,0.0,0.0,0.0,0.0,0.0,0.0
34,32,2.0,0.0,1.0,[35],0.0,0.0,0.0,0.0,0.0,0.0,18.0,0.0,0.0,0.0
34,33,2.0,0.0,1.0,[35],0.0,0.0,0.0,0.0,0.0,0.0,45.0,1.0,18.0,0.0
34,34,2.0,0.0,1.0,[35],18.0,0.0,0.0,0.0,0.0,0.0,28.0,0.0,45.0,1.0
34,35,2.0,0.0,1.0,[35],45.0,1.0,0.0,0.0,18.0,0.0,49.0,0.0,28.0,0.0
34,36,2.0,0.0,1.0,[35],28.0,0.0,18.0,0.0,45.0,1.0,54.0,0.0,49.0,0.0
34,37,2.0,0.0,1.0,[35],49.0,0.0,45.0,1.0,28.0,0.0,84.0,22.0,54.0,0.0
34,38,2.0,0.0,1.0,[35],54.0,0.0,28.0,0.0,49.0,0.0,105.0,11.0,84.0,22.0
34,39,2.0,0.0,1.0,[35],84.0,22.0,49.0,0.0,54.0,0.0,140.0,11.0,105.0,11.0
34,40,2.0,0.0,1.0,[35],105.0,11.0,54.0,0.0,84.0,22.0,174.0,7.0,140.0,11.0
34,41,2.0,0.0,1.0,[35],140.0,11.0,84.0,22.0,105.0,11.0,274.0,24.0,174.0,7.0
34,42,2.0,0.0,1.0,[35],174.0,7.0,105.0,11.0,140.0,11.0,312.0,34.0,274.0,24.0
34,43,2.0,0.0,1.0,[35],274.0,24.0,140.0,11.0,174.0,7.0,360.0,37.0,312.0,34.0
34,44,2.0,0.0,1.0,[35],312.0,34.0,174.0,7.0,274.0,24.0,409.0,31.0,360.0,37.0
34,45,2.0,0.0,1.0,[35],360.0,37.0,274.0,24.0,312.0,34.0,405.0,62.0,409.0,31.0
34,46,2.0,0.0,1.0,[35],409.0,31.0,312.0,34.0,360.0,37.0,464.0,55.0,405.0,62.0
34,47,2.0,0.0,1.0,[35],405.0,62.0,360.0,37.0,409.0,31.0,372.0,83.0,464.0,55.0
34,48,2.0,0.0,1.0,[35],464.0,55.0,409.0,31.0,405.0,62.0,345.0,95.0,372.0,83.0
34,49,2.0,0.0,1.0,[35],372.0,83.0,405.0,62.0,464.0,55.0,287.0,67.0,345.0,95.0
34,50,2.0,0.0,1.0,[35],345.0,95.0,464.0,55.0,372.0,83.0,152.0,47.0,287.0,67.0
34,51,2.0,0.0,1.0,[35],287.0,67.0,372.0,83.0,345.0,95.0,168.0,42.0,152.0,47.0
34,52,2.0,0.0,1.0,[35],152.0,47.0,345.0,95.0,287.0,67.0,123.0,46.0,168.0,42.0
34,53,2.0,0.0,1.0,[35],168.0,42.0,287.0,67.0,152.0,47.0,144.0,29.0,123.0,46.0
34,54,2.0,0.0,1.0,[35],123.0,46.0,152.0,47.0,168.0,42.0,126.0,41.0,144.0,29.0
34,55,2.0,0.0,1.0,[35],144.0,29.0,168.0,42.0,123.0,46.0,70.0,69.0,126.0,41.0
34,56,2.0,0.0,1.0,[35],126.0,41.0,123.0,46.0,144.0,29.0,91.0,49.0,70.0,69.0
34,57,2.0,0.0,1.0,[35],70.0,69.0,144.0,29.0,126.0,41.0,102.0,58.0,91.0,49.0
34,58,2.0,0.0,1.0,[35],91.0,49.0,126.0,41.0,70.0,69.0,88.0,64.0,102.0,58.0
34,59,2.0,0.0,1.0,[35],102.0,58.0,70.0,69.0,91.0,49.0,90.0,47.0,88.0,64.0
34,60,2.0,0.0,1.0,[35],88.0,64.0,91.0,49.0,102.0,58.0,62.0,74.0,90.0,47.0
34,61,2.0,0.0,1.0,[35],90.0,47.0,102.0,58.0,88.0,64.0,53.0,39.0,62.0,74.0
34,62,2.0,0.0,1.0,[35],62.0,74.0,88.0,64.0,90.0,47.0,58.0,56.0,53.0,39.0
34,63,2.0,0.0,1.0,[35],53.0,39.0,90.0,47.0,62.0,74.0,73.0,47.0,58.0,56.0
34,64,2.0,0.0,1.0,[35],58.0,56.0,62.0,74.0,53.0,39.0,48.0,55.0,73.0,47.0
34,65,2.0,0.0,1.0,[35],73.0,47.0,53.0,39.0,58.0,56.0,78.0,39.0,48.0,55.0
34,66,2.0,0.0,1.0,[35],48.0,55.0,58.0,56.0,73.0,47.0,64.0,37.0,78.0,39.0
34,67,2.0,0.0,1.0,[35],78.0,39.0,73.0,47.0,48.0,55.0,57.0,55.0,64.0,37.0
34,68,2.0,0.0,1.0,[35],64.0,37.0,48.0,55.0,78.0,39.0,59.0,57.0,57.0,55.0
34,69,2.0,0.0,1.0,[35],57.0,55.0,78.0,39.0,64.0,37.0,74.0,33.0,59.0,57.0
34,70,2.0,0.0,1.0,[35],59.0,57.0,64.0,37.0,57.0,55.0,47.0,50.0,74.0,33.0
34,71,2.0,0.0,1.0,[35],74.0,33.0,57.0,55.0,59.0,57.0,49.0,53.0,47.0,50.0
34,72,2.0,0.0,1.0,[35],47.0,50.0,59.0,57.0,74.0,33.0,79.0,32.0,49.0,53.0
34,73,2.0,0.0,1.0,[35],49.0,53.0,74.0,33.0,47.0,50.0,70.0,52.0,79.0,32.0
34,74,2.0,0.0,1.0,[35],79.0,32.0,47.0,50.0,49.0,53.0,67.0,56.0,70.0,52.0
34,75,2.0,0.0,1.0,[35],70.0,52.0,49.0,53.0,79.0,32.0,55.0,58.0,67.0,56.0
34,76,2.0,0.0,1.0,[35],67.0,56.0,79.0,32.0,70.0,52.0,56.0,18.0,55.0,58.0
34,77,2.0,0.0,1.0,[35],55.0,58.0,70.0,52.0,67.0,56.0,56.0,37.0,56.0,18.0
34,78,2.0,0.0,1.0,[35],56.0,18.0,67.0,56.0,55.0,58.0,57.0,63.0,56.0,37.0
34,79,2.0,0.0,1.0,[35],56.0,37.0,55.0,58.0,56.0,18.0,60.0,35.0,57.0,63.0
34,80,2.0,0.0,1.0,[35],57.0,63.0,56.0,18.0,56.0,37.0,40.0,42.0,60.0,35.0
34,81,2.0,0.0,1.0,[35],60.0,35.0,56.0,37.0,57.0,63.0,31.0,39.0,40.0,42.0
34,82,2.0,0.0,1.0,[35],40.0,42.0,57.0,63.0,60.0,35.0,49.0,39.0,31.0,39.0
34,83,2.0,0.0,1.0,[35],31.0,39.0,60.0,35.0,40.0,42.0,25.0,46.0,49.0,39.0
34,84,2.0,0.0,1.0,[35],49.0,39.0,40.0,42.0,31.0,39.0,53.0,61.0,25.0,46.0
34,85,2.0,0.0,1.0,[35],25.0,46.0,31.0,39.0,49.0,39.0,54.0,73.0,53.0,61.0
34,86,2.0,0.0,1.0,[35],53.0,61.0,49.0,39.0,25.0,46.0,31.0,45.0,54.0,73.0
34,87,2.0,0.0,1.0,[35],54.0,73.0,25.0,46.0,53.0,61.0,43.0,70.0,31.0,45.0
34,88,2.0,0.0,1.0,[35],31.0,45.0,53.0,61.0,54.0,73.0,47.0,65.0,43.0,70.0
34,89,2.0,0.0,1.0,[35],43.0,70.0,54.0,73.0,31.0,45.0,60.0,70.0,47.0,65.0
34,90,2.0,0.0,1.0,[35],47.0,65.0,31.0,45.0,43.0,70.0,39.0,65.0,60.0,70.0
34,91,2.0,0.0,1.0,[35],60.0,70.0,43.0,70.0,47.0,65.0,44.0,70.0,39.0,65.0
34,92,2.0,0.0,1.0,[35],39.0,65.0,47.0,65.0,60.0,70.0,46.0,114.0,44.0,70.0
34,93,2.0,0.0,1.0,[35],44.0,70.0,60.0,70.0,39.0,65.0,57.0,72.0,46.0,114.0
34,94,2.0,0.0,1.0,[35],46.0,114.0,39.0,65.0,44.0,70.0,53.0,73.0,57.0,72.0
34,95,2.0,0.0,1.0,[35],57.0,72.0,44.0,70.0,46.0,114.0,50.0,68.0,53.0,73.0
34,96,2.0,0.0,1.0,[35],53.0,73.0,46.0,114.0,57.0,72.0,81.0,97.0,50.0,68.0
34,97,2.0,0.0,1.0,[35],50.0,68.0,57.0,72.0,53.0,73.0,68.0,105.0,81.0,97.0
34,98,2.0,0.0,1.0,[35],81.0,97.0,53.0,73.0,50.0,68.0,89.0,113.0,68.0,105.0
34,99,2.0,0.0,1.0,[35],68.0,105.0,50.0,68.0,81.0,97.0,112.0,135.0,89.0,113.0
34,100,2.0,0.0,1.0,[35],89.0,113.0,81.0,97.0,68.0,105.0,58.0,137.0,112.0,135.0
34,101,2.0,0.0,1.0,[35],112.0,135.0,68.0,105.0,89.0,113.0,58.0,122.0,58.0,137.0
34,102,2.0,0.0,1.0,[35],58.0,137.0,89.0,113.0,112.0,135.0,67.0,181.0,58.0,122.0
34,103,2.0,0.0,1.0,[35],58.0,122.0,112.0,135.0,58.0,137.0,68.0,202.0,67.0,181.0
34,104,2.0,0.0,1.0,[35],67.0,181.0,58.0,137.0,58.0,122.0,76.0,176.0,68.0,202.0
34,105,2.0,0.0,1.0,[35],68.0,202.0,58.0,122.0,67.0,181.0,90.0,227.0,76.0,176.0
34,106,2.0,0.0,1.0,[35],76.0,176.0,67.0,181.0,68.0,202.0,68.0,152.0,90.0,227.0
34,107,2.0,0.0,1.0,[35],90.0,227.0,68.0,202.0,76.0,176.0,31.0,251.0,68.0,152.0
34,108,2.0,0.0,1.0,[35],68.0,152.0,76.0,176.0,90.0,227.0,66.0,157.0,31.0,251.0
34,109,2.0,0.0,1.0,[35],31.0,251.0,90.0,227.0,68.0,152.0,44.0,152.0,66.0,157.0
34,110,2.0,0.0,1.0,[35],66.0,157.0,68.0,152.0,31.0,251.0,35.0,179.0,44.0,152.0
34,111,2.0,0.0,1.0,[35],44.0,152.0,31.0,251.0,66.0,157.0,47.0,140.0,35.0,179.0
34,112,2.0,0.0,1.0,[35],35.0,179.0,66.0,157.0,44.0,152.0,32.0,90.0,47.0,140.0
34,113,2.0,0.0,1.0,[35],47.0,140.0,44.0,152.0,35.0,179.0,40.0,112.0,32.0,90.0
34,114,2.0,0.0,1.0,[35],32.0,90.0,35.0,179.0,47.0,140.0,37.0,111.0,40.0,112.0
34,115,2.0,0.0,1.0,[35],40.0,112.0,47.0,140.0,32.0,90.0,18.0,52.0,37.0,111.0
34,116,2.0,0.0,1.0,[35],37.0,111.0,32.0,90.0,40.0,112.0,25.0,111.0,18.0,52.0
34,117,2.0,0.0,1.0,[35],18.0,52.0,40.0,112.0,37.0,111.0,22.0,75.0,25.0,111.0
34,118,2.0,0.0,1.0,[35],25.0,111.0,37.0,111.0,18.0,52.0,34.0,71.0,22.0,75.0
34,119,2.0,0.0,1.0,[35],22.0,75.0,18.0,52.0,25.0,111.0,32.0,93.0,34.0,71.0
34,120,2.0,0.0,1.0,[35],34.0,71.0,25.0,111.0,22.0,75.0,29.0,86.0,32.0,93.0
34,121,2.0,0.0,1.0,[35],32.0,93.0,22.0,75.0,34.0,71.0,19.0,129.0,29.0,86.0
34,122,2.0,0.0,1.0,[35],29.0,86.0,34.0,71.0,32.0,93.0,16.0,96.0,19.0,129.0
34,123,2.0,0.0,1.0,[35],19.0,129.0,32.0,93.0,29.0,86.0,11.0,102.0,16.0,96.0
34,124,2.0,0.0,1.0,[35],16.0,96.0,29.0,86.0,19.0,129.0,13.0,81.0,11.0,102.0
34,125,2.0,0.0,1.0,[35],11.0,102.0,19.0,129.0,16.0,96.0,10.0,72.0,13.0,81.0
34,126,2.0,0.0,1.0,[35],13.0,81.0,16.0,96.0,11.0,102.0,11.0,66.0,10.0,72.0
34,127,2.0,0.0,1.0,[35],10.0,72.0,11.0,102.0,13.0,81.0,10.0,55.0,11.0,66.0
34,128,2.0,0.0,1.0,[35],11.0,66.0,13.0,81.0,10.0,72.0,9.0,68.0,10.0,55.0
34,129,2.0,0.0,1.0,[35],10.0,55.0,10.0,72.0,11.0,66.0,7.0,48.0,9.0,68.0
34,130,2.0,0.0,1.0,[35],9.0,68.0,11.0,66.0,10.0,55.0,7.0,63.0,7.0,48.0
34,131,2.0,0.0,1.0,[35],7.0,48.0,10.0,55.0,9.0,68.0,15.0,45.0,7.0,63.0
34,132,2.0,0.0,1.0,[35],7.0,63.0,9.0,68.0,7.0,48.0,5.0,42.0,15.0,45.0
34,133,2.0,0.0,1.0,[35],15.0,45.0,7.0,48.0,7.0,63.0,1.0,40.0,5.0,42.0
34,134,2.0,0.0,1.0,[35],5.0,42.0,7.0,63.0,15.0,45.0,4.0,21.0,1.0,40.0
34,135,2.0,0.0,1.0,[35],1.0,40.0,15.0,45.0,5.0,42.0,1.0,42.0,4.0,21.0
34,136,2.0,0.0,1.0,[35],4.0,21.0,5.0,42.0,1.0,40.0,0.0,27.0,1.0,42.0
34,137,2.0,0.0,1.0,[35],1.0,42.0,1.0,40.0,4.0,21.0,0.0,11.0,0.0,27.0
34,138,2.0,0.0,1.0,[35],0.0,27.0,4.0,21.0,1.0,42.0,0.0,12.0,0.0,11.0
34,139,2.0,0.0,1.0,[35],0.0,11.0,1.0,42.0,0.0,27.0,0.0,23.0,0.0,12.0
34,140,2.0,0.0,1.0,[35],0.0,12.0,0.0,27.0,0.0,11.0,0.0,2.0,0.0,23.0
34,141,2.0,0.0,1.0,[35],0.0,23.0,0.0,11.0,0.0,12.0,0.0,10.0,0.0,2.0
34,142,2.0,0.0,1.0,[35],0.0,2.0,0.0,12.0,0.0,23.0,0.0,0.0,0.0,10.0
34,143,2.0,0.0,1.0,[35],0.0,10.0,0.0,23.0,0.0,2.0,0.0,0.0,0.0,0.0
35,0,2.0,0.0,2.0,[34 36],0.0,4.0,0.0,0.0,0.0,0.0,0.0,1.0,0.0,0.0
35,1,2.0,0.0,2.0,[34 36],0.0,0.0,0.0,0.0,0.0,4.0,0.0,0.0,0.0,1.0
35,2,2.0,0.0,2.0,[34 36],0.0,1.0,0.0,4.0,0.0,0.0,0.0,0.0,0.0,0.0
35,3,2.0,0.0,2.0,[34 36],0.0,0.0,0.0,0.0,0.0,1.0,0.0,0.0,0.0,0.0
35,4,2.0,0.0,2.0,[34 36],0.0,0.0,0.0,1.0,0.0,0.0,0.0,0.0,0.0,0.0
35,5,2.0,0.0,2.0,[34 36],0.0,0.0,0.0,0.0,0.0,0.0,0.0,0.0,0.0,0.0
35,6,2.0,0.0,2.0,[34 36],0.0,0.0,0.0,0.0,0.0,0.0,0.0,0.0,0.0,0.0
35,7,2.0,0.0,2.0,[34 36],0.0,0.0,0.0,0.0,0.0,0.0,0.0,0.0,0.0,0.0
35,8,2.0,0.0,2.0,[34 36],0.0,0.0,0.0,0.0,0.0,0.0,0.0,0.0,0.0,0.0
35,9,2.0,0.0,2.0,[34 36],0.0,0.0,0.0,0.0,0.0,0.0,0.0,0.0,0.0,0.0
35,10,2.0,0.0,2.0,[34 36],0.0,0.0,0.0,0.0,0.0,0.0,0.0,0.0,0.0,0.0
35,11,2.0,0.0,2.0,[34 36],0.0,0.0,0.0,0.0,0.0,0.0,0.0,0.0,0.0,0.0
35,12,2.0,0.0,2.0,[34 36],0.0,0.0,0.0,0.0,0.0,0.0,0.0,0.0,0.0,0.0
35,13,2.0,0.0,2.0,[34 36],0.0,0.0,0.0,0.0,0.0,0.0,0.0,0.0,0.0,0.0
35,14,2.0,0.0,2.0,[34 36],0.0,0.0,0.0,0.0,0.0,0.0,0.0,0.0,0.0,0.0
35,15,2.0,0.0,2.0,[34 36],0.0,0.0,0.0,0.0,0.0,0.0,0.0,0.0,0.0,0.0
35,16,2.0,0.0,2.0,[34 36],0.0,0.0,0.0,0.0,0.0,0.0,0.0,0.0,0.0,0.0
35,17,2.0,0.0,2.0,[34 36],0.0,0.0,0.0,0.0,0.0,0.0,0.0,0.0,0.0,0.0
35,18,2.0,0.0,2.0,[34 36],0.0,0.0,0.0,0.0,0.0,0.0,0.0,0.0,0.0,0.0
35,19,2.0,0.0,2.0,[34 36],0.0,0.0,0.0,0.0,0.0,0.0,0.0,0.0,0.0,0.0
35,20,2.0,0.0,2.0,[34 36],0.0,0.0,0.0,0.0,0.0,0.0,0.0,0.0,0.0,0.0
35,21,2.0,0.0,2.0,[34 36],0.0,0.0,0.0,0.0,0.0,0.0,0.0,0.0,0.0,0.0
35,22,2.0,0.0,2.0,[34 36],0.0,0.0,0.0,0.0,0.0,0.0,0.0,0.0,0.0,0.0
35,23,2.0,0.0,2.0,[34 36],0.0,0.0,0.0,0.0,0.0,0.0,0.0,0.0,0.0,0.0
35,24,2.0,0.0,2.0,[34 36],0.0,0.0,0.0,0.0,0.0,0.0,0.0,0.0,0.0,0.0
35,25,2.0,0.0,2.0,[34 36],0.0,0.0,0.0,0.0,0.0,0.0,0.0,0.0,0.0,0.0
35,26,2.0,0.0,2.0,[34 36],0.0,0.0,0.0,0.0,0.0,0.0,0.0,0.0,0.0,0.0
35,27,2.0,0.0,2.0,[34 36],0.0,0.0,0.0,0.0,0.0,0.0,1.0,1.0,0.0,0.0
35,28,2.0,0.0,2.0,[34 36],0.0,0.0,0.0,0.0,0.0,0.0,0.0,0.0,1.0,1.0
35,29,2.0,0.0,2.0,[34 36],1.0,1.0,0.0,0.0,0.0,0.0,0.0,0.0,0.0,0.0
35,30,2.0,0.0,2.0,[34 36],0.0,0.0,0.0,0.0,1.0,1.0,0.0,0.0,0.0,0.0
35,31,2.0,0.0,2.0,[34 36],0.0,0.0,1.0,1.0,0.0,0.0,3.0,0.0,0.0,0.0
35,32,2.0,0.0,2.0,[34 36],0.0,0.0,0.0,0.0,0.0,0.0,14.0,1.0,3.0,0.0
35,33,2.0,0.0,2.0,[34 36],3.0,0.0,0.0,0.0,0.0,0.0,16.0,0.0,14.0,1.0
35,34,2.0,0.0,2.0,[34 36],14.0,1.0,0.0,0.0,3.0,0.0,18.0,0.0,16.0,0.0
35,35,2.0,0.0,2.0,[34 36],16.0,0.0,3.0,0.0,14.0,1.0,27.0,0.0,18.0,0.0
35,36,2.0,0.0,2.0,[34 36],18.0,0.0,14.0,1.0,16.0,0.0,22.0,3.0,27.0,0.0
35,37,2.0,0.0,2.0,[34 36],27.0,0.0,16.0,0.0,18.0,0.0,31.0,0.0,22.0,3.0
35,38,2.0,0.0,2.0,[34 36],22.0,3.0,18.0,0.0,27.0,0.0,53.0,4.0,31.0,0.0
35,39,2.0,0.0,2.0,[34 36],31.0,0.0,27.0,0.0,22.0,3.0,75.0,4.0,53.0,4.0
35,40,2.0,0.0,2.0,[34 36],53.0,4.0,22.0,3.0,31.0,0.0,88.0,13.0,75.0,4.0
35,41,2.0,0.0,2.0,[34 36],75.0,4.0,31.0,0.0,53.0,4.0,150.0,4.0,88.0,13.0
35,42,2.0,0.0,2.0,[34 36],88.0,13.0,53.0,4.0,75.0,4.0,197.0,9.0,150.0,4.0
35,43,2.0,0.0,2.0,[34 36],150.0,4.0,75.0,4.0,88.0,13.0,195.0,12.0,197.0,9.0
35,44,2.0,0.0,2.0,[34 36],197.0,9.0,88.0,13.0,150.0,4.0,231.0,17.0,195.0,12.0
35,45,2.0,0.0,2.0,[34 36],195.0,12.0,150.0,4.0,197.0,9.0,264.0,21.0,231.0,17.0
35,46,2.0,0.0,2.0,[34 36],231.0,17.0,197.0,9.0,195.0,12.0,250.0,48.0,264.0,21.0
35,47,2.0,0.0,2.0,[34 36],264.0,21.0,195.0,12.0,231.0,17.0,225.0,48.0,250.0,48.0
35,48,2.0,0.0,2.0,[34 36],250.0,48.0,231.0,17.0,264.0,21.0,201.0,22.0,225.0,48.0
35,49,2.0,0.0,2.0,[34 36],225.0,48.0,264.0,21.0,250.0,48.0,158.0,27.0,201.0,22.0
35,50,2.0,0.0,2.0,[34 36],201.0,22.0,250.0,48.0,225.0,48.0,100.0,29.0,158.0,27.0
35,51,2.0,0.0,2.0,[34 36],158.0,27.0,225.0,48.0,201.0,22.0,78.0,20.0,100.0,29.0
35,52,2.0,0.0,2.0,[34 36],100.0,29.0,201.0,22.0,158.0,27.0,88.0,25.0,78.0,20.0
35,53,2.0,0.0,2.0,[34 36],78.0,20.0,158.0,27.0,100.0,29.0,45.0,29.0,88.0,25.0
35,54,2.0,0.0,2.0,[34 36],88.0,25.0,100.0,29.0,78.0,20.0,47.0,25.0,45.0,29.0
35,55,2.0,0.0,2.0,[34 36],45.0,29.0,78.0,20.0,88.0,25.0,56.0,23.0,47.0,25.0
35,56,2.0,0.0,2.0,[34 36],47.0,25.0,88.0,25.0,45.0,29.0,34.0,16.0,56.0,23.0
35,57,2.0,0.0,2.0,[34 36],56.0,23.0,45.0,29.0,47.0,25.0,49.0,14.0,34.0,16.0
35,58,2.0,0.0,2.0,[34 36],34.0,16.0,47.0,25.0,56.0,23.0,25.0,21.0,49.0,14.0
35,59,2.0,0.0,2.0,[34 36],49.0,14.0,56.0,23.0,34.0,16.0,38.0,37.0,25.0,21.0
35,60,2.0,0.0,2.0,[34 36],25.0,21.0,34.0,16.0,49.0,14.0,31.0,14.0,38.0,37.0
35,61,2.0,0.0,2.0,[34 36],38.0,37.0,49.0,14.0,25.0,21.0,35.0,9.0,31.0,14.0
35,62,2.0,0.0,2.0,[34 36],31.0,14.0,25.0,21.0,38.0,37.0,28.0,18.0,35.0,9.0
35,63,2.0,0.0,2.0,[34 36],35.0,9.0,38.0,37.0,31.0,14.0,36.0,29.0,28.0,18.0
35,64,2.0,0.0,2.0,[34 36],28.0,18.0,31.0,14.0,35.0,9.0,30.0,13.0,36.0,29.0
35,65,2.0,0.0,2.0,[34 36],36.0,29.0,35.0,9.0,28.0,18.0,24.0,19.0,30.0,13.0
35,66,2.0,0.0,2.0,[34 36],30.0,13.0,28.0,18.0,36.0,29.0,26.0,28.0,24.0,19.0
35,67,2.0,0.0,2.0,[34 36],24.0,19.0,36.0,29.0,30.0,13.0,38.0,19.0,26.0,28.0
35,68,2.0,0.0,2.0,[34 36],26.0,28.0,30.0,13.0,24.0,19.0,30.0,18.0,38.0,19.0
35,69,2.0,0.0,2.0,[34 36],38.0,19.0,24.0,19.0,26.0,28.0,33.0,29.0,30.0,18.0
35,70,2.0,0.0,2.0,[34 36],30.0,18.0,26.0,28.0,38.0,19.0,26.0,27.0,33.0,29.0
35,71,2.0,0.0,2.0,[34 36],33.0,29.0,38.0,19.0,30.0,18.0,24.0,16.0,26.0,27.0
35,72,2.0,0.0,2.0,[34 36],26.0,27.0,30.0,18.0,33.0,29.0,28.0,15.0,24.0,16.0
35,73,2.0,0.0,2.0,[34 36],24.0,16.0,33.0,29.0,26.0,27.0,29.0,13.0,28.0,15.0
35,74,2.0,0.0,2.0,[34 36],28.0,15.0,26.0,27.0,24.0,16.0,49.0,24.0,29.0,13.0
35,75,2.0,0.0,2.0,[34 36],29.0,13.0,24.0,16.0,28.0,15.0,30.0,17.0,49.0,24.0
35,76,2.0,0.0,2.0,[34 36],49.0,24.0,28.0,15.0,29.0,13.0,33.0,21.0,30.0,17.0
35,77,2.0,0.0,2.0,[34 36],30.0,17.0,29.0,13.0,49.0,24.0,33.0,16.0,33.0,21.0
35,78,2.0,0.0,2.0,[34 36],33.0,21.0,49.0,24.0,30.0,17.0,37.0,26.0,33.0,16.0
35,79,2.0,0.0,2.0,[34 36],33.0,16.0,30.0,17.0,33.0,21.0,36.0,25.0,37.0,26.0
35,80,2.0,0.0,2.0,[34 36],37.0,26.0,33.0,21.0,33.0,16.0,15.0,9.0,36.0,25.0
35,81,2.0,0.0,2.0,[34 36],36.0,25.0,33.0,16.0,37.0,26.0,29.0,19.0,15.0,9.0
35,82,2.0,0.0,2.0,[34 36],15.0,9.0,37.0,26.0,36.0,25.0,34.0,25.0,29.0,19.0
35,83,2.0,0.0,2.0,[34 36],29.0,19.0,36.0,25.0,15.0,9.0,26.0,19.0,34.0,25.0
35,84,2.0,0.0,2.0,[34 36],34.0,25.0,15.0,9.0,29.0,19.0,30.0,35.0,26.0,19.0
35,85,2.0,0.0,2.0,[34 36],26.0,19.0,29.0,19.0,34.0,25.0,21.0,27.0,30.0,35.0
35,86,2.0,0.0,2.0,[34 36],30.0,35.0,34.0,25.0,26.0,19.0,25.0,30.0,21.0,27.0
35,87,2.0,0.0,2.0,[34 36],21.0,27.0,26.0,19.0,30.0,35.0,21.0,42.0,25.0,30.0
35,88,2.0,0.0,2.0,[34 36],25.0,30.0,30.0,35.0,21.0,27.0,32.0,40.0,21.0,42.0
35,89,2.0,0.0,2.0,[34 36],21.0,42.0,21.0,27.0,25.0,30.0,23.0,36.0,32.0,40.0
35,90,2.0,0.0,2.0,[34 36],32.0,40.0,25.0,30.0,21.0,42.0,43.0,35.0,23.0,36.0
35,91,2.0,0.0,2.0,[34 36],23.0,36.0,21.0,42.0,32.0,40.0,26.0,38.0,43.0,35.0
35,92,2.0,0.0,2.0,[34 36],43.0,35.0,32.0,40.0,23.0,36.0,28.0,28.0,26.0,38.0
35,93,2.0,0.0,2.0,[34 36],26.0,38.0,23.0,36.0,43.0,35.0,14.0,40.0,28.0,28.0
35,94,2.0,0.0,2.0,[34 36],28.0,28.0,43.0,35.0,26.0,38.0,19.0,38.0,14.0,40.0
35,95,2.0,0.0,2.0,[34 36],14.0,40.0,26.0,38.0,28.0,28.0,26.0,59.0,19.0,38.0
35,96,2.0,0.0,2.0,[34 36],19.0,38.0,28.0,28.0,14.0,40.0,27.0,44.0,26.0,59.0
35,97,2.0,0.0,2.0,[34 36],26.0,59.0,14.0,40.0,19.0,38.0,22.0,69.0,27.0,44.0
35,98,2.0,0.0,2.0,[34 36],27.0,44.0,19.0,38.0,26.0,59.0,24.0,35.0,22.0,69.0
35,99,2.0,0.0,2.0,[34 36],22.0,69.0,26.0,59.0,27.0,44.0,40.0,68.0,24.0,35.0
35,100,2.0,0.0,2.0,[34 36],24.0,35.0,27.0,44.0,22.0,69.0,42.0,101.0,40.0,68.0
35,101,2.0,0.0,2.0,[34 36],40.0,68.0,22.0,69.0,24.0,35.0,40.0,98.0,42.0,101.0
35,102,2.0,0.0,2.0,[34 36],42.0,101.0,24.0,35.0,40.0,68.0,55.0,154.0,40.0,98.0
35,103,2.0,0.0,2.0,[34 36],40.0,98.0,40.0,68.0,42.0,101.0,42.0,127.0,55.0,154.0
35,104,2.0,0.0,2.0,[34 36],55.0,154.0,42.0,101.0,40.0,98.0,38.0,133.0,42.0,127.0
35,105,2.0,0.0,2.0,[34 36],42.0,127.0,40.0,98.0,55.0,154.0,46.0,120.0,38.0,133.0
35,106,2.0,0.0,2.0,[34 36],38.0,133.0,55.0,154.0,42.0,127.0,46.0,176.0,46.0,120.0
35,107,2.0,0.0,2.0,[34 36],46.0,120.0,42.0,127.0,38.0,133.0,33.0,123.0,46.0,176.0
35,108,2.0,0.0,2.0,[34 36],46.0,176.0,38.0,133.0,46.0,120.0,29.0,147.0,33.0,123.0
35,109,2.0,0.0,2.0,[34 36],33.0,123.0,46.0,120.0,46.0,176.0,43.0,187.0,29.0,147.0
35,110,2.0,0.0,2.0,[34 36],29.0,147.0,46.0,176.0,33.0,123.0,33.0,109.0,43.0,187.0
35,111,2.0,0.0,2.0,[34 36],43.0,187.0,33.0,123.0,29.0,147.0,23.0,113.0,33.0,109.0
35,112,2.0,0.0,2.0,[34 36],33.0,109.0,29.0,147.0,43.0,187.0,22.0,121.0,23.0,113.0
35,113,2.0,0.0,2.0,[34 36],23.0,113.0,43.0,187.0,33.0,109.0,31.0,97.0,22.0,121.0
35,114,2.0,0.0,2.0,[34 36],22.0,121.0,33.0,109.0,23.0,113.0,20.0,76.0,31.0,97.0
35,115,2.0,0.0,2.0,[34 36],31.0,97.0,23.0,113.0,22.0,121.0,29.0,59.0,20.0,76.0
35,116,2.0,0.0,2.0,[34 36],20.0,76.0,22.0,121.0,31.0,97.0,18.0,73.0,29.0,59.0
35,117,2.0,0.0,2.0,[34 36],29.0,59.0,31.0,97.0,20.0,76.0,13.0,62.0,18.0,73.0
35,118,2.0,0.0,2.0,[34 36],18.0,73.0,20.0,76.0,29.0,59.0,15.0,54.0,13.0,62.0
35,119,2.0,0.0,2.0,[34 36],13.0,62.0,29.0,59.0,18.0,73.0,14.0,108.0,15.0,54.0
35,120,2.0,0.0,2.0,[34 36],15.0,54.0,18.0,73.0,13.0,62.0,20.0,75.0,14.0,108.0
35,121,2.0,0.0,2.0,[34 36],14.0,108.0,13.0,62.0,15.0,54.0,20.0,75.0,20.0,75.0
35,122,2.0,0.0,2.0,[34 36],20.0,75.0,15.0,54.0,14.0,108.0,19.0,75.0,20.0,75.0
35,123,2.0,0.0,2.0,[34 36],20.0,75.0,14.0,108.0,20.0,75.0,13.0,78.0,19.0,75.0
35,124,2.0,0.0,2.0,[34 36],19.0,75.0,20.0,75.0,20.0,75.0,3.0,50.0,13.0,78.0
35,125,2.0,0.0,2.0,[34 36],13.0,78.0,20.0,75.0,19.0,75.0,8.0,72.0,3.0,50.0
35,126,2.0,0.0,2.0,[34 36],3.0,50.0,19.0,75.0,13.0,78.0,6.0,43.0,8.0,72.0
35,127,2.0,0.0,2.0,[34 36],8.0,72.0,13.0,78.0,3.0,50.0,5.0,56.0,6.0,43.0
35,128,2.0,0.0,2.0,[34 36],6.0,43.0,3.0,50.0,8.0,72.0,7.0,61.0,5.0,56.0
35,129,2.0,0.0,2.0,[34 36],5.0,56.0,8.0,72.0,6.0,43.0,7.0,69.0,7.0,61.0
35,130,2.0,0.0,2.0,[34 36],7.0,61.0,6.0,43.0,5.0,56.0,11.0,33.0,7.0,69.0
35,131,2.0,0.0,2.0,[34 36],7.0,69.0,5.0,56.0,7.0,61.0,13.0,47.0,11.0,33.0
35,132,2.0,0.0,2.0,[34 36],11.0,33.0,7.0,61.0,7.0,69.0,9.0,39.0,13.0,47.0
35,133,2.0,0.0,2.0,[34 36],13.0,47.0,7.0,69.0,11.0,33.0,14.0,28.0,9.0,39.0
35,134,2.0,0.0,2.0,[34 36],9.0,39.0,11.0,33.0,13.0,47.0,2.0,41.0,14.0,28.0
35,135,2.0,0.0,2.0,[34 36],14.0,28.0,13.0,47.0,9.0,39.0,1.0,13.0,2.0,41.0
35,136,2.0,0.0,2.0,[34 36],2.0,41.0,9.0,39.0,14.0,28.0,1.0,33.0,1.0,13.0
35,137,2.0,0.0,2.0,[34 36],1.0,13.0,14.0,28.0,2.0,41.0,1.0,8.0,1.0,33.0
35,138,2.0,0.0,2.0,[34 36],1.0,33.0,2.0,41.0,1.0,13.0,0.0,29.0,1.0,8.0
35,139,2.0,0.0,2.0,[34 36],1.0,8.0,1.0,13.0,1.0,33.0,0.0,7.0,0.0,29.0
35,140,2.0,0.0,2.0,[34 36],0.0,29.0,1.0,33.0,1.0,8.0,0.0,4.0,0.0,7.0
35,141,2.0,0.0,2.0,[34 36],0.0,7.0,1.0,8.0,0.0,29.0,0.0,8.0,0.0,4.0
35,142,2.0,0.0,2.0,[34 36],0.0,4.0,0.0,29.0,0.0,7.0,0.0,0.0,0.0,8.0
35,143,2.0,0.0,2.0,[34 36],0.0,8.0,0.0,7.0,0.0,4.0,0.0,0.0,0.0,0.0
36,0,2.0,0.0,2.0,[35 37],0.0,3.0,0.0,0.0,0.0,0.0,0.0,1.0,0.0,0.0
36,1,2.0,0.0,2.0,[35 37],0.0,0.0,0.0,0.0,0.0,3.0,0.0,0.0,0.0,1.0
36,2,2.0,0.0,2.0,[35 37],0.0,1.0,0.0,3.0,0.0,0.0,0.0,0.0,0.0,0.0
36,3,2.0,0.0,2.0,[35 37],0.0,0.0,0.0,0.0,0.0,1.0,0.0,0.0,0.0,0.0
36,4,2.0,0.0,2.0,[35 37],0.0,0.0,0.0,1.0,0.0,0.0,0.0,0.0,0.0,0.0
36,5,2.0,0.0,2.0,[35 37],0.0,0.0,0.0,0.0,0.0,0.0,0.0,0.0,0.0,0.0
36,6,2.0,0.0,2.0,[35 37],0.0,0.0,0.0,0.0,0.0,0.0,0.0,0.0,0.0,0.0
36,7,2.0,0.0,2.0,[35 37],0.0,0.0,0.0,0.0,0.0,0.0,0.0,0.0,0.0,0.0
36,8,2.0,0.0,2.0,[35 37],0.0,0.0,0.0,0.0,0.0,0.0,0.0,0.0,0.0,0.0
36,9,2.0,0.0,2.0,[35 37],0.0,0.0,0.0,0.0,0.0,0.0,0.0,0.0,0.0,0.0
36,10,2.0,0.0,2.0,[35 37],0.0,0.0,0.0,0.0,0.0,0.0,1.0,0.0,0.0,0.0
36,11,2.0,0.0,2.0,[35 37],0.0,0.0,0.0,0.0,0.0,0.0,0.0,0.0,1.0,0.0
36,12,2.0,0.0,2.0,[35 37],1.0,0.0,0.0,0.0,0.0,0.0,0.0,0.0,0.0,0.0
36,13,2.0,0.0,2.0,[35 37],0.0,0.0,0.0,0.0,1.0,0.0,0.0,0.0,0.0,0.0
36,14,2.0,0.0,2.0,[35 37],0.0,0.0,1.0,0.0,0.0,0.0,0.0,0.0,0.0,0.0
36,15,2.0,0.0,2.0,[35 37],0.0,0.0,0.0,0.0,0.0,0.0,0.0,0.0,0.0,0.0
36,16,2.0,0.0,2.0,[35 37],0.0,0.0,0.0,0.0,0.0,0.0,0.0,0.0,0.0,0.0
36,17,2.0,0.0,2.0,[35 37],0.0,0.0,0.0,0.0,0.0,0.0,0.0,0.0,0.0,0.0
36,18,2.0,0.0,2.0,[35 37],0.0,0.0,0.0,0.0,0.0,0.0,0.0,0.0,0.0,0.0
36,19,2.0,0.0,2.0,[35 37],0.0,0.0,0.0,0.0,0.0,0.0,0.0,0.0,0.0,0.0
36,20,2.0,0.0,2.0,[35 37],0.0,0.0,0.0,0.0,0.0,0.0,0.0,0.0,0.0,0.0
36,21,2.0,0.0,2.0,[35 37],0.0,0.0,0.0,0.0,0.0,0.0,0.0,0.0,0.0,0.0
36,22,2.0,0.0,2.0,[35 37],0.0,0.0,0.0,0.0,0.0,0.0,0.0,0.0,0.0,0.0
36,23,2.0,0.0,2.0,[35 37],0.0,0.0,0.0,0.0,0.0,0.0,0.0,0.0,0.0,0.0
36,24,2.0,0.0,2.0,[35 37],0.0,0.0,0.0,0.0,0.0,0.0,1.0,0.0,0.0,0.0
36,25,2.0,0.0,2.0,[35 37],0.0,0.0,0.0,0.0,0.0,0.0,0.0,0.0,1.0,0.0
36,26,2.0,0.0,2.0,[35 37],1.0,0.0,0.0,0.0,0.0,0.0,0.0,0.0,0.0,0.0
36,27,2.0,0.0,2.0,[35 37],0.0,0.0,0.0,0.0,1.0,0.0,0.0,0.0,0.0,0.0
36,28,2.0,0.0,2.0,[35 37],0.0,0.0,1.0,0.0,0.0,0.0,0.0,0.0,0.0,0.0
36,29,2.0,0.0,2.0,[35 37],0.0,0.0,0.0,0.0,0.0,0.0,0.0,0.0,0.0,0.0
36,30,2.0,0.0,2.0,[35 37],0.0,0.0,0.0,0.0,0.0,0.0,0.0,0.0,0.0,0.0
36,31,2.0,0.0,2.0,[35 37],0.0,0.0,0.0,0.0,0.0,0.0,0.0,0.0,0.0,0.0
36,32,2.0,0.0,2.0,[35 37],0.0,0.0,0.0,0.0,0.0,0.0,10.0,0.0,0.0,0.0
36,33,2.0,0.0,2.0,[35 37],0.0,0.0,0.0,0.0,0.0,0.0,29.0,0.0,10.0,0.0
36,34,2.0,0.0,2.0,[35 37],10.0,0.0,0.0,0.0,0.0,0.0,17.0,0.0,29.0,0.0
36,35,2.0,0.0,2.0,[35 37],29.0,0.0,0.0,0.0,10.0,0.0,24.0,0.0,17.0,0.0
36,36,2.0,0.0,2.0,[35 37],17.0,0.0,10.0,0.0,29.0,0.0,47.0,7.0,24.0,0.0
36,37,2.0,0.0,2.0,[35 37],24.0,0.0,29.0,0.0,17.0,0.0,53.0,6.0,47.0,7.0
36,38,2.0,0.0,2.0,[35 37],47.0,7.0,17.0,0.0,24.0,0.0,70.0,8.0,53.0,6.0
36,39,2.0,0.0,2.0,[35 37],53.0,6.0,24.0,0.0,47.0,7.0,119.0,22.0,70.0,8.0
36,40,2.0,0.0,2.0,[35 37],70.0,8.0,47.0,7.0,53.0,6.0,112.0,14.0,119.0,22.0
36,41,2.0,0.0,2.0,[35 37],119.0,22.0,53.0,6.0,70.0,8.0,150.0,10.0,112.0,14.0
36,42,2.0,0.0,2.0,[35 37],112.0,14.0,70.0,8.0,119.0,22.0,191.0,12.0,150.0,10.0
36,43,2.0,0.0,2.0,[35 37],150.0,10.0,119.0,22.0,112.0,14.0,243.0,22.0,191.0,12.0
36,44,2.0,0.0,2.0,[35 37],191.0,12.0,112.0,14.0,150.0,10.0,286.0,21.0,243.0,22.0
36,45,2.0,0.0,2.0,[35 37],243.0,22.0,150.0,10.0,191.0,12.0,382.0,16.0,286.0,21.0
36,46,2.0,0.0,2.0,[35 37],286.0,21.0,191.0,12.0,243.0,22.0,316.0,15.0,382.0,16.0
36,47,2.0,0.0,2.0,[35 37],382.0,16.0,243.0,22.0,286.0,21.0,314.0,20.0,316.0,15.0
36,48,2.0,0.0,2.0,[35 37],316.0,15.0,286.0,21.0,382.0,16.0,249.0,21.0,314.0,20.0
36,49,2.0,0.0,2.0,[35 37],314.0,20.0,382.0,16.0,316.0,15.0,228.0,37.0,249.0,21.0
36,50,2.0,0.0,2.0,[35 37],249.0,21.0,316.0,15.0,314.0,20.0,154.0,30.0,228.0,37.0
36,51,2.0,0.0,2.0,[35 37],228.0,37.0,314.0,20.0,249.0,21.0,135.0,25.0,154.0,30.0
36,52,2.0,0.0,2.0,[35 37],154.0,30.0,249.0,21.0,228.0,37.0,84.0,29.0,135.0,25.0
36,53,2.0,0.0,2.0,[35 37],135.0,25.0,228.0,37.0,154.0,30.0,110.0,15.0,84.0,29.0
36,54,2.0,0.0,2.0,[35 37],84.0,29.0,154.0,30.0,135.0,25.0,86.0,20.0,110.0,15.0
36,55,2.0,0.0,2.0,[35 37],110.0,15.0,135.0,25.0,84.0,29.0,70.0,40.0,86.0,20.0
36,56,2.0,0.0,2.0,[35 37],86.0,20.0,84.0,29.0,110.0,15.0,85.0,35.0,70.0,40.0
36,57,2.0,0.0,2.0,[35 37],70.0,40.0,110.0,15.0,86.0,20.0,53.0,29.0,85.0,35.0
36,58,2.0,0.0,2.0,[35 37],85.0,35.0,86.0,20.0,70.0,40.0,62.0,24.0,53.0,29.0
36,59,2.0,0.0,2.0,[35 37],53.0,29.0,70.0,40.0,85.0,35.0,68.0,44.0,62.0,24.0
36,60,2.0,0.0,2.0,[35 37],62.0,24.0,85.0,35.0,53.0,29.0,39.0,31.0,68.0,44.0
36,61,2.0,0.0,2.0,[35 37],68.0,44.0,53.0,29.0,62.0,24.0,65.0,45.0,39.0,31.0
36,62,2.0,0.0,2.0,[35 37],39.0,31.0,62.0,24.0,68.0,44.0,49.0,22.0,65.0,45.0
36,63,2.0,0.0,2.0,[35 37],65.0,45.0,68.0,44.0,39.0,31.0,48.0,38.0,49.0,22.0
36,64,2.0,0.0,2.0,[35 37],49.0,22.0,39.0,31.0,65.0,45.0,39.0,43.0,48.0,38.0
36,65,2.0,0.0,2.0,[35 37],48.0,38.0,65.0,45.0,49.0,22.0,52.0,46.0,39.0,43.0
36,66,2.0,0.0,2.0,[35 37],39.0,43.0,49.0,22.0,48.0,38.0,43.0,35.0,52.0,46.0
36,67,2.0,0.0,2.0,[35 37],52.0,46.0,48.0,38.0,39.0,43.0,43.0,36.0,43.0,35.0
36,68,2.0,0.0,2.0,[35 37],43.0,35.0,39.0,43.0,52.0,46.0,41.0,48.0,43.0,36.0
36,69,2.0,0.0,2.0,[35 37],43.0,36.0,52.0,46.0,43.0,35.0,51.0,29.0,41.0,48.0
36,70,2.0,0.0,2.0,[35 37],41.0,48.0,43.0,35.0,43.0,36.0,35.0,38.0,51.0,29.0
36,71,2.0,0.0,2.0,[35 37],51.0,29.0,43.0,36.0,41.0,48.0,57.0,33.0,35.0,38.0
36,72,2.0,0.0,2.0,[35 37],35.0,38.0,41.0,48.0,51.0,29.0,45.0,34.0,57.0,33.0
36,73,2.0,0.0,2.0,[35 37],57.0,33.0,51.0,29.0,35.0,38.0,55.0,37.0,45.0,34.0
36,74,2.0,0.0,2.0,[35 37],45.0,34.0,35.0,38.0,57.0,33.0,57.0,47.0,55.0,37.0
36,75,2.0,0.0,2.0,[35 37],55.0,37.0,57.0,33.0,45.0,34.0,65.0,31.0,57.0,47.0
36,76,2.0,0.0,2.0,[35 37],57.0,47.0,45.0,34.0,55.0,37.0,64.0,30.0,65.0,31.0
36,77,2.0,0.0,2.0,[35 37],65.0,31.0,55.0,37.0,57.0,47.0,54.0,42.0,64.0,30.0
36,78,2.0,0.0,2.0,[35 37],64.0,30.0,57.0,47.0,65.0,31.0,41.0,45.0,54.0,42.0
36,79,2.0,0.0,2.0,[35 37],54.0,42.0,65.0,31.0,64.0,30.0,45.0,36.0,41.0,45.0
36,80,2.0,0.0,2.0,[35 37],41.0,45.0,64.0,30.0,54.0,42.0,46.0,41.0,45.0,36.0
36,81,2.0,0.0,2.0,[35 37],45.0,36.0,54.0,42.0,41.0,45.0,47.0,32.0,46.0,41.0
36,82,2.0,0.0,2.0,[35 37],46.0,41.0,41.0,45.0,45.0,36.0,41.0,28.0,47.0,32.0
36,83,2.0,0.0,2.0,[35 37],47.0,32.0,45.0,36.0,46.0,41.0,39.0,42.0,41.0,28.0
36,84,2.0,0.0,2.0,[35 37],41.0,28.0,46.0,41.0,47.0,32.0,44.0,43.0,39.0,42.0
36,85,2.0,0.0,2.0,[35 37],39.0,42.0,47.0,32.0,41.0,28.0,38.0,80.0,44.0,43.0
36,86,2.0,0.0,2.0,[35 37],44.0,43.0,41.0,28.0,39.0,42.0,36.0,46.0,38.0,80.0
36,87,2.0,0.0,2.0,[35 37],38.0,80.0,39.0,42.0,44.0,43.0,30.0,60.0,36.0,46.0
36,88,2.0,0.0,2.0,[35 37],36.0,46.0,44.0,43.0,38.0,80.0,45.0,44.0,30.0,60.0
36,89,2.0,0.0,2.0,[35 37],30.0,60.0,38.0,80.0,36.0,46.0,39.0,64.0,45.0,44.0
36,90,2.0,0.0,2.0,[35 37],45.0,44.0,36.0,46.0,30.0,60.0,36.0,60.0,39.0,64.0
36,91,2.0,0.0,2.0,[35 37],39.0,64.0,30.0,60.0,45.0,44.0,40.0,64.0,36.0,60.0
36,92,2.0,0.0,2.0,[35 37],36.0,60.0,45.0,44.0,39.0,64.0,36.0,61.0,40.0,64.0
36,93,2.0,0.0,2.0,[35 37],40.0,64.0,39.0,64.0,36.0,60.0,37.0,67.0,36.0,61.0
36,94,2.0,0.0,2.0,[35 37],36.0,61.0,36.0,60.0,40.0,64.0,43.0,69.0,37.0,67.0
36,95,2.0,0.0,2.0,[35 37],37.0,67.0,40.0,64.0,36.0,61.0,47.0,57.0,43.0,69.0
36,96,2.0,0.0,2.0,[35 37],43.0,69.0,36.0,61.0,37.0,67.0,42.0,48.0,47.0,57.0
36,97,2.0,0.0,2.0,[35 37],47.0,57.0,37.0,67.0,43.0,69.0,51.0,57.0,42.0,48.0
36,98,2.0,0.0,2.0,[35 37],42.0,48.0,43.0,69.0,47.0,57.0,37.0,72.0,51.0,57.0
36,99,2.0,0.0,2.0,[35 37],51.0,57.0,47.0,57.0,42.0,48.0,52.0,91.0,37.0,72.0
36,100,2.0,0.0,2.0,[35 37],37.0,72.0,42.0,48.0,51.0,57.0,71.0,108.0,52.0,91.0
36,101,2.0,0.0,2.0,[35 37],52.0,91.0,51.0,57.0,37.0,72.0,57.0,120.0,71.0,108.0
36,102,2.0,0.0,2.0,[35 37],71.0,108.0,37.0,72.0,52.0,91.0,59.0,182.0,57.0,120.0
36,103,2.0,0.0,2.0,[35 37],57.0,120.0,52.0,91.0,71.0,108.0,55.0,171.0,59.0,182.0
36,104,2.0,0.0,2.0,[35 37],59.0,182.0,71.0,108.0,57.0,120.0,54.0,132.0,55.0,171.0
36,105,2.0,0.0,2.0,[35 37],55.0,171.0,57.0,120.0,59.0,182.0,62.0,166.0,54.0,132.0
36,106,2.0,0.0,2.0,[35 37],54.0,132.0,59.0,182.0,55.0,171.0,50.0,247.0,62.0,166.0
36,107,2.0,0.0,2.0,[35 37],62.0,166.0,55.0,171.0,54.0,132.0,48.0,141.0,50.0,247.0
36,108,2.0,0.0,2.0,[35 37],50.0,247.0,54.0,132.0,62.0,166.0,41.0,129.0,48.0,141.0
36,109,2.0,0.0,2.0,[35 37],48.0,141.0,62.0,166.0,50.0,247.0,40.0,117.0,41.0,129.0
36,110,2.0,0.0,2.0,[35 37],41.0,129.0,50.0,247.0,48.0,141.0,38.0,169.0,40.0,117.0
36,111,2.0,0.0,2.0,[35 37],40.0,117.0,48.0,141.0,41.0,129.0,55.0,79.0,38.0,169.0
36,112,2.0,0.0,2.0,[35 37],38.0,169.0,41.0,129.0,40.0,117.0,45.0,73.0,55.0,79.0
36,113,2.0,0.0,2.0,[35 37],55.0,79.0,40.0,117.0,38.0,169.0,28.0,97.0,45.0,73.0
36,114,2.0,0.0,2.0,[35 37],45.0,73.0,38.0,169.0,55.0,79.0,27.0,70.0,28.0,97.0
36,115,2.0,0.0,2.0,[35 37],28.0,97.0,55.0,79.0,45.0,73.0,24.0,69.0,27.0,70.0
36,116,2.0,0.0,2.0,[35 37],27.0,70.0,45.0,73.0,28.0,97.0,27.0,57.0,24.0,69.0
36,117,2.0,0.0,2.0,[35 37],24.0,69.0,28.0,97.0,27.0,70.0,31.0,81.0,27.0,57.0
36,118,2.0,0.0,2.0,[35 37],27.0,57.0,27.0,70.0,24.0,69.0,26.0,77.0,31.0,81.0
36,119,2.0,0.0,2.0,[35 37],31.0,81.0,24.0,69.0,27.0,57.0,21.0,61.0,26.0,77.0
36,120,2.0,0.0,2.0,[35 37],26.0,77.0,27.0,57.0,31.0,81.0,24.0,113.0,21.0,61.0
36,121,2.0,0.0,2.0,[35 37],21.0,61.0,31.0,81.0,26.0,77.0,13.0,97.0,24.0,113.0
36,122,2.0,0.0,2.0,[35 37],24.0,113.0,26.0,77.0,21.0,61.0,13.0,142.0,13.0,97.0
36,123,2.0,0.0,2.0,[35 37],13.0,97.0,21.0,61.0,24.0,113.0,24.0,106.0,13.0,142.0
36,124,2.0,0.0,2.0,[35 37],13.0,142.0,24.0,113.0,13.0,97.0,14.0,91.0,24.0,106.0
36,125,2.0,0.0,2.0,[35 37],24.0,106.0,13.0,97.0,13.0,142.0,16.0,68.0,14.0,91.0
36,126,2.0,0.0,2.0,[35 37],14.0,91.0,13.0,142.0,24.0,106.0,17.0,70.0,16.0,68.0
36,127,2.0,0.0,2.0,[35 37],16.0,68.0,24.0,106.0,14.0,91.0,9.0,80.0,17.0,70.0
36,128,2.0,0.0,2.0,[35 37],17.0,70.0,14.0,91.0,16.0,68.0,8.0,56.0,9.0,80.0
36,129,2.0,0.0,2.0,[35 37],9.0,80.0,16.0,68.0,17.0,70.0,9.0,60.0,8.0,56.0
36,130,2.0,0.0,2.0,[35 37],8.0,56.0,17.0,70.0,9.0,80.0,7.0,79.0,9.0,60.0
36,131,2.0,0.0,2.0,[35 37],9.0,60.0,9.0,80.0,8.0,56.0,7.0,64.0,7.0,79.0
36,132,2.0,0.0,2.0,[35 37],7.0,79.0,8.0,56.0,9.0,60.0,3.0,43.0,7.0,64.0
36,133,2.0,0.0,2.0,[35 37],7.0,64.0,9.0,60.0,7.0,79.0,5.0,36.0,3.0,43.0
36,134,2.0,0.0,2.0,[35 37],3.0,43.0,7.0,79.0,7.0,64.0,7.0,55.0,5.0,36.0
36,135,2.0,0.0,2.0,[35 37],5.0,36.0,7.0,64.0,3.0,43.0,0.0,44.0,7.0,55.0
36,136,2.0,0.0,2.0,[35 37],7.0,55.0,3.0,43.0,5.0,36.0,1.0,10.0,0.0,44.0
36,137,2.0,0.0,2.0,[35 37],0.0,44.0,5.0,36.0,7.0,55.0,0.0,17.0,1.0,10.0
36,138,2.0,0.0,2.0,[35 37],1.0,10.0,7.0,55.0,0.0,44.0,1.0,14.0,0.0,17.0
36,139,2.0,0.0,2.0,[35 37],0.0,17.0,0.0,44.0,1.0,10.0,0.0,11.0,1.0,14.0
36,140,2.0,0.0,2.0,[35 37],1.0,14.0,1.0,10.0,0.0,17.0,0.0,6.0,0.0,11.0
36,141,2.0,0.0,2.0,[35 37],0.0,11.0,0.0,17.0,1.0,14.0,0.0,8.0,0.0,6.0
36,142,2.0,0.0,2.0,[35 37],0.0,6.0,1.0,14.0,0.0,11.0,0.0,0.0,0.0,8.0
36,143,2.0,0.0,2.0,[35 37],0.0,8.0,0.0,11.0,0.0,6.0,0.0,0.0,0.0,0.0
37,0,2.0,0.0,2.0,[36 38],0.0,3.0,0.0,0.0,0.0,0.0,2.0,2.0,2.0,0.0
37,1,2.0,0.0,2.0,[36 38],2.0,0.0,0.0,0.0,0.0,3.0,0.0,2.0,2.0,2.0
37,2,2.0,0.0,2.0,[36 38],2.0,2.0,0.0,3.0,2.0,0.0,0.0,0.0,0.0,2.0
37,3,2.0,0.0,2.0,[36 38],0.0,2.0,2.0,0.0,2.0,2.0,3.0,2.0,0.0,0.0
37,4,2.0,0.0,2.0,[36 38],0.0,0.0,2.0,2.0,0.0,2.0,0.0,1.0,3.0,2.0
37,5,2.0,0.0,2.0,[36 38],3.0,2.0,0.0,2.0,0.0,0.0,0.0,0.0,0.0,1.0
37,6,2.0,0.0,2.0,[36 38],0.0,1.0,0.0,0.0,3.0,2.0,0.0,0.0,0.0,0.0
37,7,2.0,0.0,2.0,[36 38],0.0,0.0,3.0,2.0,0.0,1.0,0.0,0.0,0.0,0.0
37,8,2.0,0.0,2.0,[36 38],0.0,0.0,0.0,1.0,0.0,0.0,0.0,0.0,0.0,0.0
37,9,2.0,0.0,2.0,[36 38],0.0,0.0,0.0,0.0,0.0,0.0,0.0,0.0,0.0,0.0
37,10,2.0,0.0,2.0,[36 38],0.0,0.0,0.0,0.0,0.0,0.0,0.0,0.0,0.0,0.0
37,11,2.0,0.0,2.0,[36 38],0.0,0.0,0.0,0.0,0.0,0.0,0.0,0.0,0.0,0.0
37,12,2.0,0.0,2.0,[36 38],0.0,0.0,0.0,0.0,0.0,0.0,0.0,0.0,0.0,0.0
37,13,2.0,0.0,2.0,[36 38],0.0,0.0,0.0,0.0,0.0,0.0,0.0,0.0,0.0,0.0
37,14,2.0,0.0,2.0,[36 38],0.0,0.0,0.0,0.0,0.0,0.0,0.0,0.0,0.0,0.0
37,15,2.0,0.0,2.0,[36 38],0.0,0.0,0.0,0.0,0.0,0.0,0.0,0.0,0.0,0.0
37,16,2.0,0.0,2.0,[36 38],0.0,0.0,0.0,0.0,0.0,0.0,0.0,0.0,0.0,0.0
37,17,2.0,0.0,2.0,[36 38],0.0,0.0,0.0,0.0,0.0,0.0,0.0,0.0,0.0,0.0
37,18,2.0,0.0,2.0,[36 38],0.0,0.0,0.0,0.0,0.0,0.0,0.0,0.0,0.0,0.0
37,19,2.0,0.0,2.0,[36 38],0.0,0.0,0.0,0.0,0.0,0.0,0.0,0.0,0.0,0.0
37,20,2.0,0.0,2.0,[36 38],0.0,0.0,0.0,0.0,0.0,0.0,0.0,0.0,0.0,0.0
37,21,2.0,0.0,2.0,[36 38],0.0,0.0,0.0,0.0,0.0,0.0,0.0,0.0,0.0,0.0
37,22,2.0,0.0,2.0,[36 38],0.0,0.0,0.0,0.0,0.0,0.0,0.0,0.0,0.0,0.0
37,23,2.0,0.0,2.0,[36 38],0.0,0.0,0.0,0.0,0.0,0.0,0.0,0.0,0.0,0.0
37,24,2.0,0.0,2.0,[36 38],0.0,0.0,0.0,0.0,0.0,0.0,0.0,0.0,0.0,0.0
37,25,2.0,0.0,2.0,[36 38],0.0,0.0,0.0,0.0,0.0,0.0,2.0,0.0,0.0,0.0
37,26,2.0,0.0,2.0,[36 38],0.0,0.0,0.0,0.0,0.0,0.0,0.0,1.0,2.0,0.0
37,27,2.0,0.0,2.0,[36 38],2.0,0.0,0.0,0.0,0.0,0.0,0.0,0.0,0.0,1.0
37,28,2.0,0.0,2.0,[36 38],0.0,1.0,0.0,0.0,2.0,0.0,0.0,0.0,0.0,0.0
37,29,2.0,0.0,2.0,[36 38],0.0,0.0,2.0,0.0,0.0,1.0,0.0,0.0,0.0,0.0
37,30,2.0,0.0,2.0,[36 38],0.0,0.0,0.0,1.0,0.0,0.0,0.0,0.0,0.0,0.0
37,31,2.0,0.0,2.0,[36 38],0.0,0.0,0.0,0.0,0.0,0.0,0.0,0.0,0.0,0.0
37,32,2.0,0.0,2.0,[36 38],0.0,0.0,0.0,0.0,0.0,0.0,32.0,1.0,0.0,0.0
37,33,2.0,0.0,2.0,[36 38],0.0,0.0,0.0,0.0,0.0,0.0,24.0,1.0,32.0,1.0
37,34,2.0,0.0,2.0,[36 38],32.0,1.0,0.0,0.0,0.0,0.0,27.0,2.0,24.0,1.0
37,35,2.0,0.0,2.0,[36 38],24.0,1.0,0.0,0.0,32.0,1.0,34.0,0.0,27.0,2.0
37,36,2.0,0.0,2.0,[36 38],27.0,2.0,32.0,1.0,24.0,1.0,30.0,9.0,34.0,0.0
37,37,2.0,0.0,2.0,[36 38],34.0,0.0,24.0,1.0,27.0,2.0,74.0,7.0,30.0,9.0
37,38,2.0,0.0,2.0,[36 38],30.0,9.0,27.0,2.0,34.0,0.0,79.0,19.0,74.0,7.0
37,39,2.0,0.0,2.0,[36 38],74.0,7.0,34.0,0.0,30.0,9.0,97.0,23.0,79.0,19.0
37,40,2.0,0.0,2.0,[36 38],79.0,19.0,30.0,9.0,74.0,7.0,158.0,39.0,97.0,23.0
37,41,2.0,0.0,2.0,[36 38],97.0,23.0,74.0,7.0,79.0,19.0,187.0,73.0,158.0,39.0
37,42,2.0,0.0,2.0,[36 38],158.0,39.0,79.0,19.0,97.0,23.0,233.0,67.0,187.0,73.0
37,43,2.0,0.0,2.0,[36 38],187.0,73.0,97.0,23.0,158.0,39.0,336.0,113.0,233.0,67.0
37,44,2.0,0.0,2.0,[36 38],233.0,67.0,158.0,39.0,187.0,73.0,362.0,128.0,336.0,113.0
37,45,2.0,0.0,2.0,[36 38],336.0,113.0,187.0,73.0,233.0,67.0,362.0,126.0,362.0,128.0
37,46,2.0,0.0,2.0,[36 38],362.0,128.0,233.0,67.0,336.0,113.0,460.0,166.0,362.0,126.0
37,47,2.0,0.0,2.0,[36 38],362.0,126.0,336.0,113.0,362.0,128.0,409.0,120.0,460.0,166.0
37,48,2.0,0.0,2.0,[36 38],460.0,166.0,362.0,128.0,362.0,126.0,308.0,144.0,409.0,120.0
37,49,2.0,0.0,2.0,[36 38],409.0,120.0,362.0,126.0,460.0,166.0,297.0,109.0,308.0,144.0
37,50,2.0,0.0,2.0,[36 38],308.0,144.0,460.0,166.0,409.0,120.0,234.0,121.0,297.0,109.0
37,51,2.0,0.0,2.0,[36 38],297.0,109.0,409.0,120.0,308.0,144.0,169.0,84.0,234.0,121.0
37,52,2.0,0.0,2.0,[36 38],234.0,121.0,308.0,144.0,297.0,109.0,186.0,96.0,169.0,84.0
37,53,2.0,0.0,2.0,[36 38],169.0,84.0,297.0,109.0,234.0,121.0,179.0,79.0,186.0,96.0
37,54,2.0,0.0,2.0,[36 38],186.0,96.0,234.0,121.0,169.0,84.0,134.0,66.0,179.0,79.0
37,55,2.0,0.0,2.0,[36 38],179.0,79.0,169.0,84.0,186.0,96.0,163.0,82.0,134.0,66.0
37,56,2.0,0.0,2.0,[36 38],134.0,66.0,186.0,96.0,179.0,79.0,106.0,63.0,163.0,82.0
37,57,2.0,0.0,2.0,[36 38],163.0,82.0,179.0,79.0,134.0,66.0,139.0,84.0,106.0,63.0
37,58,2.0,0.0,2.0,[36 38],106.0,63.0,134.0,66.0,163.0,82.0,88.0,106.0,139.0,84.0
37,59,2.0,0.0,2.0,[36 38],139.0,84.0,163.0,82.0,106.0,63.0,119.0,110.0,88.0,106.0
37,60,2.0,0.0,2.0,[36 38],88.0,106.0,106.0,63.0,139.0,84.0,90.0,87.0,119.0,110.0
37,61,2.0,0.0,2.0,[36 38],119.0,110.0,139.0,84.0,88.0,106.0,104.0,83.0,90.0,87.0
37,62,2.0,0.0,2.0,[36 38],90.0,87.0,88.0,106.0,119.0,110.0,87.0,88.0,104.0,83.0
37,63,2.0,0.0,2.0,[36 38],104.0,83.0,119.0,110.0,90.0,87.0,91.0,69.0,87.0,88.0
37,64,2.0,0.0,2.0,[36 38],87.0,88.0,90.0,87.0,104.0,83.0,112.0,60.0,91.0,69.0
37,65,2.0,0.0,2.0,[36 38],91.0,69.0,104.0,83.0,87.0,88.0,87.0,74.0,112.0,60.0
37,66,2.0,0.0,2.0,[36 38],112.0,60.0,87.0,88.0,91.0,69.0,109.0,72.0,87.0,74.0
37,67,2.0,0.0,2.0,[36 38],87.0,74.0,91.0,69.0,112.0,60.0,111.0,71.0,109.0,72.0
37,68,2.0,0.0,2.0,[36 38],109.0,72.0,112.0,60.0,87.0,74.0,71.0,72.0,111.0,71.0
37,69,2.0,0.0,2.0,[36 38],111.0,71.0,87.0,74.0,109.0,72.0,97.0,73.0,71.0,72.0
37,70,2.0,0.0,2.0,[36 38],71.0,72.0,109.0,72.0,111.0,71.0,132.0,66.0,97.0,73.0
37,71,2.0,0.0,2.0,[36 38],97.0,73.0,111.0,71.0,71.0,72.0,93.0,90.0,132.0,66.0
37,72,2.0,0.0,2.0,[36 38],132.0,66.0,71.0,72.0,97.0,73.0,117.0,61.0,93.0,90.0
37,73,2.0,0.0,2.0,[36 38],93.0,90.0,97.0,73.0,132.0,66.0,139.0,104.0,117.0,61.0
37,74,2.0,0.0,2.0,[36 38],117.0,61.0,132.0,66.0,93.0,90.0,91.0,94.0,139.0,104.0
37,75,2.0,0.0,2.0,[36 38],139.0,104.0,93.0,90.0,117.0,61.0,105.0,81.0,91.0,94.0
37,76,2.0,0.0,2.0,[36 38],91.0,94.0,117.0,61.0,139.0,104.0,86.0,85.0,105.0,81.0
37,77,2.0,0.0,2.0,[36 38],105.0,81.0,139.0,104.0,91.0,94.0,67.0,116.0,86.0,85.0
37,78,2.0,0.0,2.0,[36 38],86.0,85.0,91.0,94.0,105.0,81.0,68.0,85.0,67.0,116.0
37,79,2.0,0.0,2.0,[36 38],67.0,116.0,105.0,81.0,86.0,85.0,79.0,112.0,68.0,85.0
37,80,2.0,0.0,2.0,[36 38],68.0,85.0,86.0,85.0,67.0,116.0,87.0,80.0,79.0,112.0
37,81,2.0,0.0,2.0,[36 38],79.0,112.0,67.0,116.0,68.0,85.0,111.0,79.0,87.0,80.0
37,82,2.0,0.0,2.0,[36 38],87.0,80.0,68.0,85.0,79.0,112.0,87.0,99.0,111.0,79.0
37,83,2.0,0.0,2.0,[36 38],111.0,79.0,79.0,112.0,87.0,80.0,97.0,97.0,87.0,99.0
37,84,2.0,0.0,2.0,[36 38],87.0,99.0,87.0,80.0,111.0,79.0,104.0,93.0,97.0,97.0
37,85,2.0,0.0,2.0,[36 38],97.0,97.0,111.0,79.0,87.0,99.0,98.0,115.0,104.0,93.0
37,86,2.0,0.0,2.0,[36 38],104.0,93.0,87.0,99.0,97.0,97.0,81.0,123.0,98.0,115.0
37,87,2.0,0.0,2.0,[36 38],98.0,115.0,97.0,97.0,104.0,93.0,133.0,82.0,81.0,123.0
37,88,2.0,0.0,2.0,[36 38],81.0,123.0,104.0,93.0,98.0,115.0,176.0,92.0,133.0,82.0
37,89,2.0,0.0,2.0,[36 38],133.0,82.0,98.0,115.0,81.0,123.0,74.0,79.0,176.0,92.0
37,90,2.0,0.0,2.0,[36 38],176.0,92.0,81.0,123.0,133.0,82.0,101.0,82.0,74.0,79.0
37,91,2.0,0.0,2.0,[36 38],74.0,79.0,133.0,82.0,176.0,92.0,73.0,119.0,101.0,82.0
37,92,2.0,0.0,2.0,[36 38],101.0,82.0,176.0,92.0,74.0,79.0,93.0,121.0,73.0,119.0
37,93,2.0,0.0,2.0,[36 38],73.0,119.0,74.0,79.0,101.0,82.0,77.0,103.0,93.0,121.0
37,94,2.0,0.0,2.0,[36 38],93.0,121.0,101.0,82.0,73.0,119.0,96.0,109.0,77.0,103.0
37,95,2.0,0.0,2.0,[36 38],77.0,103.0,73.0,119.0,93.0,121.0,100.0,133.0,96.0,109.0
37,96,2.0,0.0,2.0,[36 38],96.0,109.0,93.0,121.0,77.0,103.0,100.0,118.0,100.0,133.0
37,97,2.0,0.0,2.0,[36 38],100.0,133.0,77.0,103.0,96.0,109.0,111.0,110.0,100.0,118.0
37,98,2.0,0.0,2.0,[36 38],100.0,118.0,96.0,109.0,100.0,133.0,101.0,110.0,111.0,110.0
37,99,2.0,0.0,2.0,[36 38],111.0,110.0,100.0,133.0,100.0,118.0,124.0,125.0,101.0,110.0
37,100,2.0,0.0,2.0,[36 38],101.0,110.0,100.0,118.0,111.0,110.0,127.0,129.0,124.0,125.0
37,101,2.0,0.0,2.0,[36 38],124.0,125.0,111.0,110.0,101.0,110.0,176.0,214.0,127.0,129.0
37,102,2.0,0.0,2.0,[36 38],127.0,129.0,101.0,110.0,124.0,125.0,164.0,244.0,176.0,214.0
37,103,2.0,0.0,2.0,[36 38],176.0,214.0,124.0,125.0,127.0,129.0,156.0,231.0,164.0,244.0
37,104,2.0,0.0,2.0,[36 38],164.0,244.0,127.0,129.0,176.0,214.0,144.0,222.0,156.0,231.0
37,105,2.0,0.0,2.0,[36 38],156.0,231.0,176.0,214.0,164.0,244.0,100.0,214.0,144.0,222.0
37,106,2.0,0.0,2.0,[36 38],144.0,222.0,164.0,244.0,156.0,231.0,85.0,285.0,100.0,214.0
37,107,2.0,0.0,2.0,[36 38],100.0,214.0,156.0,231.0,144.0,222.0,83.0,218.0,85.0,285.0
37,108,2.0,0.0,2.0,[36 38],85.0,285.0,144.0,222.0,100.0,214.0,80.0,232.0,83.0,218.0
37,109,2.0,0.0,2.0,[36 38],83.0,218.0,100.0,214.0,85.0,285.0,87.0,300.0,80.0,232.0
37,110,2.0,0.0,2.0,[36 38],80.0,232.0,85.0,285.0,83.0,218.0,63.0,175.0,87.0,300.0
37,111,2.0,0.0,2.0,[36 38],87.0,300.0,83.0,218.0,80.0,232.0,62.0,158.0,63.0,175.0
37,112,2.0,0.0,2.0,[36 38],63.0,175.0,80.0,232.0,87.0,300.0,71.0,216.0,62.0,158.0
37,113,2.0,0.0,2.0,[36 38],62.0,158.0,87.0,300.0,63.0,175.0,64.0,114.0,71.0,216.0
37,114,2.0,0.0,2.0,[36 38],71.0,216.0,63.0,175.0,62.0,158.0,59.0,116.0,64.0,114.0
37,115,2.0,0.0,2.0,[36 38],64.0,114.0,62.0,158.0,71.0,216.0,59.0,150.0,59.0,116.0
37,116,2.0,0.0,2.0,[36 38],59.0,116.0,71.0,216.0,64.0,114.0,61.0,111.0,59.0,150.0
37,117,2.0,0.0,2.0,[36 38],59.0,150.0,64.0,114.0,59.0,116.0,49.0,98.0,61.0,111.0
37,118,2.0,0.0,2.0,[36 38],61.0,111.0,59.0,116.0,59.0,150.0,69.0,158.0,49.0,98.0
37,119,2.0,0.0,2.0,[36 38],49.0,98.0,59.0,150.0,61.0,111.0,61.0,118.0,69.0,158.0
37,120,2.0,0.0,2.0,[36 38],69.0,158.0,61.0,111.0,49.0,98.0,66.0,135.0,61.0,118.0
37,121,2.0,0.0,2.0,[36 38],61.0,118.0,49.0,98.0,69.0,158.0,81.0,125.0,66.0,135.0
37,122,2.0,0.0,2.0,[36 38],66.0,135.0,69.0,158.0,61.0,118.0,59.0,111.0,81.0,125.0
37,123,2.0,0.0,2.0,[36 38],81.0,125.0,61.0,118.0,66.0,135.0,70.0,93.0,59.0,111.0
37,124,2.0,0.0,2.0,[36 38],59.0,111.0,66.0,135.0,81.0,125.0,47.0,83.0,70.0,93.0
37,125,2.0,0.0,2.0,[36 38],70.0,93.0,81.0,125.0,59.0,111.0,49.0,117.0,47.0,83.0
37,126,2.0,0.0,2.0,[36 38],47.0,83.0,59.0,111.0,70.0,93.0,43.0,108.0,49.0,117.0
37,127,2.0,0.0,2.0,[36 38],49.0,117.0,70.0,93.0,47.0,83.0,37.0,90.0,43.0,108.0
37,128,2.0,0.0,2.0,[36 38],43.0,108.0,47.0,83.0,49.0,117.0,36.0,93.0,37.0,90.0
37,129,2.0,0.0,2.0,[36 38],37.0,90.0,49.0,117.0,43.0,108.0,23.0,64.0,36.0,93.0
37,130,2.0,0.0,2.0,[36 38],36.0,93.0,43.0,108.0,37.0,90.0,21.0,77.0,23.0,64.0
37,131,2.0,0.0,2.0,[36 38],23.0,64.0,37.0,90.0,36.0,93.0,22.0,79.0,21.0,77.0
37,132,2.0,0.0,2.0,[36 38],21.0,77.0,36.0,93.0,23.0,64.0,17.0,60.0,22.0,79.0
37,133,2.0,0.0,2.0,[36 38],22.0,79.0,23.0,64.0,21.0,77.0,12.0,71.0,17.0,60.0
37,134,2.0,0.0,2.0,[36 38],17.0,60.0,21.0,77.0,22.0,79.0,16.0,38.0,12.0,71.0
37,135,2.0,0.0,2.0,[36 38],12.0,71.0,22.0,79.0,17.0,60.0,6.0,58.0,16.0,38.0
37,136,2.0,0.0,2.0,[36 38],16.0,38.0,17.0,60.0,12.0,71.0,6.0,44.0,6.0,58.0
37,137,2.0,0.0,2.0,[36 38],6.0,58.0,12.0,71.0,16.0,38.0,0.0,31.0,6.0,44.0
37,138,2.0,0.0,2.0,[36 38],6.0,44.0,16.0,38.0,6.0,58.0,5.0,17.0,0.0,31.0
37,139,2.0,0.0,2.0,[36 38],0.0,31.0,6.0,58.0,6.0,44.0,1.0,14.0,5.0,17.0
37,140,2.0,0.0,2.0,[36 38],5.0,17.0,6.0,44.0,0.0,31.0,0.0,10.0,1.0,14.0
37,141,2.0,0.0,2.0,[36 38],1.0,14.0,0.0,31.0,5.0,17.0,0.0,10.0,0.0,10.0
37,142,2.0,0.0,2.0,[36 38],0.0,10.0,5.0,17.0,1.0,14.0,0.0,0.0,0.0,10.0
37,143,2.0,0.0,2.0,[36 38],0.0,10.0,1.0,14.0,0.0,10.0,0.0,0.0,0.0,0.0
38,0,2.0,0.0,2.0,[37 39],0.0,3.0,0.0,0.0,0.0,0.0,0.0,0.0,0.0,0.0
38,1,2.0,0.0,2.0,[37 39],0.0,0.0,0.0,0.0,0.0,3.0,0.0,0.0,0.0,0.0
38,2,2.0,0.0,2.0,[37 39],0.0,0.0,0.0,3.0,0.0,0.0,0.0,0.0,0.0,0.0
38,3,2.0,0.0,2.0,[37 39],0.0,0.0,0.0,0.0,0.0,0.0,0.0,0.0,0.0,0.0
38,4,2.0,0.0,2.0,[37 39],0.0,0.0,0.0,0.0,0.0,0.0,0.0,0.0,0.0,0.0
38,5,2.0,0.0,2.0,[37 39],0.0,0.0,0.0,0.0,0.0,0.0,0.0,0.0,0.0,0.0
38,6,2.0,0.0,2.0,[37 39],0.0,0.0,0.0,0.0,0.0,0.0,0.0,0.0,0.0,0.0
38,7,2.0,0.0,2.0,[37 39],0.0,0.0,0.0,0.0,0.0,0.0,0.0,0.0,0.0,0.0
38,8,2.0,0.0,2.0,[37 39],0.0,0.0,0.0,0.0,0.0,0.0,0.0,0.0,0.0,0.0
38,9,2.0,0.0,2.0,[37 39],0.0,0.0,0.0,0.0,0.0,0.0,0.0,0.0,0.0,0.0
38,10,2.0,0.0,2.0,[37 39],0.0,0.0,0.0,0.0,0.0,0.0,1.0,0.0,0.0,0.0
38,11,2.0,0.0,2.0,[37 39],0.0,0.0,0.0,0.0,0.0,0.0,0.0,1.0,1.0,0.0
38,12,2.0,0.0,2.0,[37 39],1.0,0.0,0.0,0.0,0.0,0.0,0.0,0.0,0.0,1.0
38,13,2.0,0.0,2.0,[37 39],0.0,1.0,0.0,0.0,1.0,0.0,0.0,0.0,0.0,0.0
38,14,2.0,0.0,2.0,[37 39],0.0,0.0,1.0,0.0,0.0,1.0,0.0,0.0,0.0,0.0
38,15,2.0,0.0,2.0,[37 39],0.0,0.0,0.0,1.0,0.0,0.0,0.0,0.0,0.0,0.0
38,16,2.0,0.0,2.0,[37 39],0.0,0.0,0.0,0.0,0.0,0.0,0.0,0.0,0.0,0.0
38,17,2.0,0.0,2.0,[37 39],0.0,0.0,0.0,0.0,0.0,0.0,0.0,0.0,0.0,0.0
38,18,2.0,0.0,2.0,[37 39],0.0,0.0,0.0,0.0,0.0,0.0,0.0,0.0,0.0,0.0
38,19,2.0,0.0,2.0,[37 39],0.0,0.0,0.0,0.0,0.0,0.0,0.0,0.0,0.0,0.0
38,20,2.0,0.0,2.0,[37 39],0.0,0.0,0.0,0.0,0.0,0.0,0.0,0.0,0.0,0.0
38,21,2.0,0.0,2.0,[37 39],0.0,0.0,0.0,0.0,0.0,0.0,0.0,0.0,0.0,0.0
38,22,2.0,0.0,2.0,[37 39],0.0,0.0,0.0,0.0,0.0,0.0,0.0,0.0,0.0,0.0
38,23,2.0,0.0,2.0,[37 39],0.0,0.0,0.0,0.0,0.0,0.0,0.0,0.0,0.0,0.0
38,24,2.0,0.0,2.0,[37 39],0.0,0.0,0.0,0.0,0.0,0.0,0.0,0.0,0.0,0.0
38,25,2.0,0.0,2.0,[37 39],0.0,0.0,0.0,0.0,0.0,0.0,0.0,0.0,0.0,0.0
38,26,2.0,0.0,2.0,[37 39],0.0,0.0,0.0,0.0,0.0,0.0,0.0,0.0,0.0,0.0
38,27,2.0,0.0,2.0,[37 39],0.0,0.0,0.0,0.0,0.0,0.0,0.0,0.0,0.0,0.0
38,28,2.0,0.0,2.0,[37 39],0.0,0.0,0.0,0.0,0.0,0.0,0.0,0.0,0.0,0.0
38,29,2.0,0.0,2.0,[37 39],0.0,0.0,0.0,0.0,0.0,0.0,0.0,0.0,0.0,0.0
38,30,2.0,0.0,2.0,[37 39],0.0,0.0,0.0,0.0,0.0,0.0,0.0,0.0,0.0,0.0
38,31,2.0,0.0,2.0,[37 39],0.0,0.0,0.0,0.0,0.0,0.0,9.0,1.0,0.0,0.0
38,32,2.0,0.0,2.0,[37 39],0.0,0.0,0.0,0.0,0.0,0.0,15.0,0.0,9.0,1.0
38,33,2.0,0.0,2.0,[37 39],9.0,1.0,0.0,0.0,0.0,0.0,9.0,0.0,15.0,0.0
38,34,2.0,0.0,2.0,[37 39],15.0,0.0,0.0,0.0,9.0,1.0,17.0,4.0,9.0,0.0
38,35,2.0,0.0,2.0,[37 39],9.0,0.0,9.0,1.0,15.0,0.0,15.0,9.0,17.0,4.0
38,36,2.0,0.0,2.0,[37 39],17.0,4.0,15.0,0.0,9.0,0.0,22.0,12.0,15.0,9.0
38,37,2.0,0.0,2.0,[37 39],15.0,9.0,9.0,0.0,17.0,4.0,36.0,7.0,22.0,12.0
38,38,2.0,0.0,2.0,[37 39],22.0,12.0,17.0,4.0,15.0,9.0,73.0,12.0,36.0,7.0
38,39,2.0,0.0,2.0,[37 39],36.0,7.0,15.0,9.0,22.0,12.0,102.0,16.0,73.0,12.0
38,40,2.0,0.0,2.0,[37 39],73.0,12.0,22.0,12.0,36.0,7.0,112.0,31.0,102.0,16.0
38,41,2.0,0.0,2.0,[37 39],102.0,16.0,36.0,7.0,73.0,12.0,127.0,28.0,112.0,31.0
38,42,2.0,0.0,2.0,[37 39],112.0,31.0,73.0,12.0,102.0,16.0,172.0,41.0,127.0,28.0
38,43,2.0,0.0,2.0,[37 39],127.0,28.0,102.0,16.0,112.0,31.0,206.0,51.0,172.0,41.0
38,44,2.0,0.0,2.0,[37 39],172.0,41.0,112.0,31.0,127.0,28.0,235.0,61.0,206.0,51.0
38,45,2.0,0.0,2.0,[37 39],206.0,51.0,127.0,28.0,172.0,41.0,209.0,83.0,235.0,61.0
38,46,2.0,0.0,2.0,[37 39],235.0,61.0,172.0,41.0,206.0,51.0,244.0,86.0,209.0,83.0
38,47,2.0,0.0,2.0,[37 39],209.0,83.0,206.0,51.0,235.0,61.0,246.0,146.0,244.0,86.0
38,48,2.0,0.0,2.0,[37 39],244.0,86.0,235.0,61.0,209.0,83.0,206.0,117.0,246.0,146.0
38,49,2.0,0.0,2.0,[37 39],246.0,146.0,209.0,83.0,244.0,86.0,231.0,86.0,206.0,117.0
38,50,2.0,0.0,2.0,[37 39],206.0,117.0,244.0,86.0,246.0,146.0,166.0,132.0,231.0,86.0
38,51,2.0,0.0,2.0,[37 39],231.0,86.0,246.0,146.0,206.0,117.0,131.0,91.0,166.0,132.0
38,52,2.0,0.0,2.0,[37 39],166.0,132.0,206.0,117.0,231.0,86.0,150.0,56.0,131.0,91.0
38,53,2.0,0.0,2.0,[37 39],131.0,91.0,231.0,86.0,166.0,132.0,63.0,76.0,150.0,56.0
38,54,2.0,0.0,2.0,[37 39],150.0,56.0,166.0,132.0,131.0,91.0,113.0,60.0,63.0,76.0
38,55,2.0,0.0,2.0,[37 39],63.0,76.0,131.0,91.0,150.0,56.0,83.0,111.0,113.0,60.0
38,56,2.0,0.0,2.0,[37 39],113.0,60.0,150.0,56.0,63.0,76.0,102.0,114.0,83.0,111.0
38,57,2.0,0.0,2.0,[37 39],83.0,111.0,63.0,76.0,113.0,60.0,79.0,99.0,102.0,114.0
38,58,2.0,0.0,2.0,[37 39],102.0,114.0,113.0,60.0,83.0,111.0,61.0,62.0,79.0,99.0
38,59,2.0,0.0,2.0,[37 39],79.0,99.0,83.0,111.0,102.0,114.0,86.0,95.0,61.0,62.0
38,60,2.0,0.0,2.0,[37 39],61.0,62.0,102.0,114.0,79.0,99.0,97.0,95.0,86.0,95.0
38,61,2.0,0.0,2.0,[37 39],86.0,95.0,79.0,99.0,61.0,62.0,96.0,83.0,97.0,95.0
38,62,2.0,0.0,2.0,[37 39],97.0,95.0,61.0,62.0,86.0,95.0,71.0,84.0,96.0,83.0
38,63,2.0,0.0,2.0,[37 39],96.0,83.0,86.0,95.0,97.0,95.0,80.0,92.0,71.0,84.0
38,64,2.0,0.0,2.0,[37 39],71.0,84.0,97.0,95.0,96.0,83.0,72.0,113.0,80.0,92.0
38,65,2.0,0.0,2.0,[37 39],80.0,92.0,96.0,83.0,71.0,84.0,85.0,104.0,72.0,113.0
38,66,2.0,0.0,2.0,[37 39],72.0,113.0,71.0,84.0,80.0,92.0,86.0,91.0,85.0,104.0
38,67,2.0,0.0,2.0,[37 39],85.0,104.0,80.0,92.0,72.0,113.0,78.0,78.0,86.0,91.0
38,68,2.0,0.0,2.0,[37 39],86.0,91.0,72.0,113.0,85.0,104.0,80.0,112.0,78.0,78.0
38,69,2.0,0.0,2.0,[37 39],78.0,78.0,85.0,104.0,86.0,91.0,78.0,99.0,80.0,112.0
38,70,2.0,0.0,2.0,[37 39],80.0,112.0,86.0,91.0,78.0,78.0,102.0,84.0,78.0,99.0
38,71,2.0,0.0,2.0,[37 39],78.0,99.0,78.0,78.0,80.0,112.0,102.0,95.0,102.0,84.0
38,72,2.0,0.0,2.0,[37 39],102.0,84.0,80.0,112.0,78.0,99.0,108.0,105.0,102.0,95.0
38,73,2.0,0.0,2.0,[37 39],102.0,95.0,78.0,99.0,102.0,84.0,127.0,77.0,108.0,105.0
38,74,2.0,0.0,2.0,[37 39],108.0,105.0,102.0,84.0,102.0,95.0,86.0,94.0,127.0,77.0
38,75,2.0,0.0,2.0,[37 39],127.0,77.0,102.0,95.0,108.0,105.0,87.0,117.0,86.0,94.0
38,76,2.0,0.0,2.0,[37 39],86.0,94.0,108.0,105.0,127.0,77.0,94.0,102.0,87.0,117.0
38,77,2.0,0.0,2.0,[37 39],87.0,117.0,127.0,77.0,86.0,94.0,114.0,77.0,94.0,102.0
38,78,2.0,0.0,2.0,[37 39],94.0,102.0,86.0,94.0,87.0,117.0,81.0,73.0,114.0,77.0
38,79,2.0,0.0,2.0,[37 39],114.0,77.0,87.0,117.0,94.0,102.0,98.0,109.0,81.0,73.0
38,80,2.0,0.0,2.0,[37 39],81.0,73.0,94.0,102.0,114.0,77.0,94.0,117.0,98.0,109.0
38,81,2.0,0.0,2.0,[37 39],98.0,109.0,114.0,77.0,81.0,73.0,98.0,90.0,94.0,117.0
38,82,2.0,0.0,2.0,[37 39],94.0,117.0,81.0,73.0,98.0,109.0,93.0,96.0,98.0,90.0
38,83,2.0,0.0,2.0,[37 39],98.0,90.0,98.0,109.0,94.0,117.0,91.0,103.0,93.0,96.0
38,84,2.0,0.0,2.0,[37 39],93.0,96.0,94.0,117.0,98.0,90.0,85.0,95.0,91.0,103.0
38,85,2.0,0.0,2.0,[37 39],91.0,103.0,98.0,90.0,93.0,96.0,82.0,114.0,85.0,95.0
38,86,2.0,0.0,2.0,[37 39],85.0,95.0,93.0,96.0,91.0,103.0,102.0,138.0,82.0,114.0
38,87,2.0,0.0,2.0,[37 39],82.0,114.0,91.0,103.0,85.0,95.0,96.0,114.0,102.0,138.0
38,88,2.0,0.0,2.0,[37 39],102.0,138.0,85.0,95.0,82.0,114.0,84.0,89.0,96.0,114.0
38,89,2.0,0.0,2.0,[37 39],96.0,114.0,82.0,114.0,102.0,138.0,81.0,106.0,84.0,89.0
38,90,2.0,0.0,2.0,[37 39],84.0,89.0,102.0,138.0,96.0,114.0,83.0,101.0,81.0,106.0
38,91,2.0,0.0,2.0,[37 39],81.0,106.0,96.0,114.0,84.0,89.0,101.0,125.0,83.0,101.0
38,92,2.0,0.0,2.0,[37 39],83.0,101.0,84.0,89.0,81.0,106.0,115.0,109.0,101.0,125.0
38,93,2.0,0.0,2.0,[37 39],101.0,125.0,81.0,106.0,83.0,101.0,90.0,107.0,115.0,109.0
38,94,2.0,0.0,2.0,[37 39],115.0,109.0,83.0,101.0,101.0,125.0,86.0,134.0,90.0,107.0
38,95,2.0,0.0,2.0,[37 39],90.0,107.0,101.0,125.0,115.0,109.0,96.0,107.0,86.0,134.0
38,96,2.0,0.0,2.0,[37 39],86.0,134.0,115.0,109.0,90.0,107.0,102.0,106.0,96.0,107.0
38,97,2.0,0.0,2.0,[37 39],96.0,107.0,90.0,107.0,86.0,134.0,96.0,133.0,102.0,106.0
38,98,2.0,0.0,2.0,[37 39],102.0,106.0,86.0,134.0,96.0,107.0,128.0,163.0,96.0,133.0
38,99,2.0,0.0,2.0,[37 39],96.0,133.0,96.0,107.0,102.0,106.0,105.0,132.0,128.0,163.0
38,100,2.0,0.0,2.0,[37 39],128.0,163.0,102.0,106.0,96.0,133.0,109.0,156.0,105.0,132.0
38,101,2.0,0.0,2.0,[37 39],105.0,132.0,96.0,133.0,128.0,163.0,104.0,165.0,109.0,156.0
38,102,2.0,0.0,2.0,[37 39],109.0,156.0,128.0,163.0,105.0,132.0,110.0,271.0,104.0,165.0
38,103,2.0,0.0,2.0,[37 39],104.0,165.0,105.0,132.0,109.0,156.0,119.0,228.0,110.0,271.0
38,104,2.0,0.0,2.0,[37 39],110.0,271.0,109.0,156.0,104.0,165.0,95.0,273.0,119.0,228.0
38,105,2.0,0.0,2.0,[37 39],119.0,228.0,104.0,165.0,110.0,271.0,84.0,266.0,95.0,273.0
38,106,2.0,0.0,2.0,[37 39],95.0,273.0,110.0,271.0,119.0,228.0,103.0,288.0,84.0,266.0
38,107,2.0,0.0,2.0,[37 39],84.0,266.0,119.0,228.0,95.0,273.0,119.0,270.0,103.0,288.0
38,108,2.0,0.0,2.0,[37 39],103.0,288.0,95.0,273.0,84.0,266.0,92.0,251.0,119.0,270.0
38,109,2.0,0.0,2.0,[37 39],119.0,270.0,84.0,266.0,103.0,288.0,74.0,285.0,92.0,251.0
38,110,2.0,0.0,2.0,[37 39],92.0,251.0,103.0,288.0,119.0,270.0,97.0,242.0,74.0,285.0
38,111,2.0,0.0,2.0,[37 39],74.0,285.0,119.0,270.0,92.0,251.0,126.0,222.0,97.0,242.0
38,112,2.0,0.0,2.0,[37 39],97.0,242.0,92.0,251.0,74.0,285.0,98.0,141.0,126.0,222.0
38,113,2.0,0.0,2.0,[37 39],126.0,222.0,74.0,285.0,97.0,242.0,121.0,193.0,98.0,141.0
38,114,2.0,0.0,2.0,[37 39],98.0,141.0,97.0,242.0,126.0,222.0,103.0,140.0,121.0,193.0
38,115,2.0,0.0,2.0,[37 39],121.0,193.0,126.0,222.0,98.0,141.0,115.0,119.0,103.0,140.0
38,116,2.0,0.0,2.0,[37 39],103.0,140.0,98.0,141.0,121.0,193.0,134.0,150.0,115.0,119.0
38,117,2.0,0.0,2.0,[37 39],115.0,119.0,121.0,193.0,103.0,140.0,97.0,108.0,134.0,150.0
38,118,2.0,0.0,2.0,[37 39],134.0,150.0,103.0,140.0,115.0,119.0,144.0,104.0,97.0,108.0
38,119,2.0,0.0,2.0,[37 39],97.0,108.0,115.0,119.0,134.0,150.0,154.0,114.0,144.0,104.0
38,120,2.0,0.0,2.0,[37 39],144.0,104.0,134.0,150.0,97.0,108.0,125.0,101.0,154.0,114.0
38,121,2.0,0.0,2.0,[37 39],154.0,114.0,97.0,108.0,144.0,104.0,166.0,84.0,125.0,101.0
38,122,2.0,0.0,2.0,[37 39],125.0,101.0,144.0,104.0,154.0,114.0,133.0,70.0,166.0,84.0
38,123,2.0,0.0,2.0,[37 39],166.0,84.0,154.0,114.0,125.0,101.0,133.0,102.0,133.0,70.0
38,124,2.0,0.0,2.0,[37 39],133.0,70.0,125.0,101.0,166.0,84.0,150.0,82.0,133.0,102.0
38,125,2.0,0.0,2.0,[37 39],133.0,102.0,166.0,84.0,133.0,70.0,126.0,50.0,150.0,82.0
38,126,2.0,0.0,2.0,[37 39],150.0,82.0,133.0,70.0,133.0,102.0,88.0,72.0,126.0,50.0
38,127,2.0,0.0,2.0,[37 39],126.0,50.0,133.0,102.0,150.0,82.0,129.0,65.0,88.0,72.0
38,128,2.0,0.0,2.0,[37 39],88.0,72.0,150.0,82.0,126.0,50.0,116.0,63.0,129.0,65.0
38,129,2.0,0.0,2.0,[37 39],129.0,65.0,126.0,50.0,88.0,72.0,85.0,54.0,116.0,63.0
38,130,2.0,0.0,2.0,[37 39],116.0,63.0,88.0,72.0,129.0,65.0,80.0,54.0,85.0,54.0
38,131,2.0,0.0,2.0,[37 39],85.0,54.0,129.0,65.0,116.0,63.0,66.0,56.0,80.0,54.0
38,132,2.0,0.0,2.0,[37 39],80.0,54.0,116.0,63.0,85.0,54.0,39.0,27.0,66.0,56.0
38,133,2.0,0.0,2.0,[37 39],66.0,56.0,85.0,54.0,80.0,54.0,31.0,32.0,39.0,27.0
38,134,2.0,0.0,2.0,[37 39],39.0,27.0,80.0,54.0,66.0,56.0,31.0,40.0,31.0,32.0
38,135,2.0,0.0,2.0,[37 39],31.0,32.0,66.0,56.0,39.0,27.0,8.0,48.0,31.0,40.0
38,136,2.0,0.0,2.0,[37 39],31.0,40.0,39.0,27.0,31.0,32.0,10.0,20.0,8.0,48.0
38,137,2.0,0.0,2.0,[37 39],8.0,48.0,31.0,32.0,31.0,40.0,10.0,23.0,10.0,20.0
38,138,2.0,0.0,2.0,[37 39],10.0,20.0,31.0,40.0,8.0,48.0,3.0,29.0,10.0,23.0
38,139,2.0,0.0,2.0,[37 39],10.0,23.0,8.0,48.0,10.0,20.0,1.0,12.0,3.0,29.0
38,140,2.0,0.0,2.0,[37 39],3.0,29.0,10.0,20.0,10.0,23.0,2.0,15.0,1.0,12.0
38,141,2.0,0.0,2.0,[37 39],1.0,12.0,10.0,23.0,3.0,29.0,1.0,0.0,2.0,15.0
38,142,2.0,0.0,2.0,[37 39],2.0,15.0,3.0,29.0,1.0,12.0,0.0,0.0,1.0,0.0
38,143,2.0,0.0,2.0,[37 39],1.0,0.0,1.0,12.0,2.0,15.0,0.0,0.0,0.0,0.0
39,0,2.0,0.0,2.0,[38 40],0.0,0.0,0.0,0.0,0.0,0.0,1.0,0.0,0.0,2.0
39,1,2.0,0.0,2.0,[38 40],0.0,2.0,0.0,0.0,0.0,0.0,1.0,2.0,1.0,0.0
39,2,2.0,0.0,2.0,[38 40],1.0,0.0,0.0,0.0,0.0,2.0,0.0,0.0,1.0,2.0
39,3,2.0,0.0,2.0,[38 40],1.0,2.0,0.0,2.0,1.0,0.0,0.0,0.0,0.0,0.0
39,4,2.0,0.0,2.0,[38 40],0.0,0.0,1.0,0.0,1.0,2.0,0.0,0.0,0.0,0.0
39,5,2.0,0.0,2.0,[38 40],0.0,0.0,1.0,2.0,0.0,0.0,0.0,0.0,0.0,0.0
39,6,2.0,0.0,2.0,[38 40],0.0,0.0,0.0,0.0,0.0,0.0,0.0,0.0,0.0,0.0
39,7,2.0,0.0,2.0,[38 40],0.0,0.0,0.0,0.0,0.0,0.0,0.0,0.0,0.0,0.0
39,8,2.0,0.0,2.0,[38 40],0.0,0.0,0.0,0.0,0.0,0.0,0.0,0.0,0.0,0.0
39,9,2.0,0.0,2.0,[38 40],0.0,0.0,0.0,0.0,0.0,0.0,0.0,0.0,0.0,0.0
39,10,2.0,0.0,2.0,[38 40],0.0,0.0,0.0,0.0,0.0,0.0,1.0,0.0,0.0,0.0
39,11,2.0,0.0,2.0,[38 40],0.0,0.0,0.0,0.0,0.0,0.0,0.0,1.0,1.0,0.0
39,12,2.0,0.0,2.0,[38 40],1.0,0.0,0.0,0.0,0.0,0.0,0.0,0.0,0.0,1.0
39,13,2.0,0.0,2.0,[38 40],0.0,1.0,0.0,0.0,1.0,0.0,0.0,0.0,0.0,0.0
39,14,2.0,0.0,2.0,[38 40],0.0,0.0,1.0,0.0,0.0,1.0,0.0,0.0,0.0,0.0
39,15,2.0,0.0,2.0,[38 40],0.0,0.0,0.0,1.0,0.0,0.0,0.0,0.0,0.0,0.0
39,16,2.0,0.0,2.0,[38 40],0.0,0.0,0.0,0.0,0.0,0.0,0.0,0.0,0.0,0.0
39,17,2.0,0.0,2.0,[38 40],0.0,0.0,0.0,0.0,0.0,0.0,0.0,0.0,0.0,0.0
39,18,2.0,0.0,2.0,[38 40],0.0,0.0,0.0,0.0,0.0,0.0,0.0,0.0,0.0,0.0
39,19,2.0,0.0,2.0,[38 40],0.0,0.0,0.0,0.0,0.0,0.0,0.0,0.0,0.0,0.0
39,20,2.0,0.0,2.0,[38 40],0.0,0.0,0.0,0.0,0.0,0.0,0.0,0.0,0.0,0.0
39,21,2.0,0.0,2.0,[38 40],0.0,0.0,0.0,0.0,0.0,0.0,0.0,0.0,0.0,0.0
39,22,2.0,0.0,2.0,[38 40],0.0,0.0,0.0,0.0,0.0,0.0,0.0,0.0,0.0,0.0
39,23,2.0,0.0,2.0,[38 40],0.0,0.0,0.0,0.0,0.0,0.0,0.0,0.0,0.0,0.0
39,24,2.0,0.0,2.0,[38 40],0.0,0.0,0.0,0.0,0.0,0.0,0.0,0.0,0.0,0.0
39,25,2.0,0.0,2.0,[38 40],0.0,0.0,0.0,0.0,0.0,0.0,1.0,0.0,0.0,0.0
39,26,2.0,0.0,2.0,[38 40],0.0,0.0,0.0,0.0,0.0,0.0,0.0,1.0,1.0,0.0
39,27,2.0,0.0,2.0,[38 40],1.0,0.0,0.0,0.0,0.0,0.0,0.0,1.0,0.0,1.0
39,28,2.0,0.0,2.0,[38 40],0.0,1.0,0.0,0.0,1.0,0.0,0.0,0.0,0.0,1.0
39,29,2.0,0.0,2.0,[38 40],0.0,1.0,1.0,0.0,0.0,1.0,0.0,0.0,0.0,0.0
39,30,2.0,0.0,2.0,[38 40],0.0,0.0,0.0,1.0,0.0,1.0,0.0,0.0,0.0,0.0
39,31,2.0,0.0,2.0,[38 40],0.0,0.0,0.0,1.0,0.0,0.0,0.0,0.0,0.0,0.0
39,32,2.0,0.0,2.0,[38 40],0.0,0.0,0.0,0.0,0.0,0.0,18.0,1.0,0.0,0.0
39,33,2.0,0.0,2.0,[38 40],0.0,0.0,0.0,0.0,0.0,0.0,12.0,0.0,18.0,1.0
39,34,2.0,0.0,2.0,[38 40],18.0,1.0,0.0,0.0,0.0,0.0,13.0,0.0,12.0,0.0
39,35,2.0,0.0,2.0,[38 40],12.0,0.0,0.0,0.0,18.0,1.0,18.0,7.0,13.0,0.0
39,36,2.0,0.0,2.0,[38 40],13.0,0.0,18.0,1.0,12.0,0.0,24.0,9.0,18.0,7.0
39,37,2.0,0.0,2.0,[38 40],18.0,7.0,12.0,0.0,13.0,0.0,46.0,14.0,24.0,9.0
39,38,2.0,0.0,2.0,[38 40],24.0,9.0,13.0,0.0,18.0,7.0,47.0,25.0,46.0,14.0
39,39,2.0,0.0,2.0,[38 40],46.0,14.0,18.0,7.0,24.0,9.0,63.0,28.0,47.0,25.0
39,40,2.0,0.0,2.0,[38 40],47.0,25.0,24.0,9.0,46.0,14.0,65.0,46.0,63.0,28.0
39,41,2.0,0.0,2.0,[38 40],63.0,28.0,46.0,14.0,47.0,25.0,106.0,33.0,65.0,46.0
39,42,2.0,0.0,2.0,[38 40],65.0,46.0,47.0,25.0,63.0,28.0,156.0,99.0,106.0,33.0
39,43,2.0,0.0,2.0,[38 40],106.0,33.0,63.0,28.0,65.0,46.0,161.0,164.0,156.0,99.0
39,44,2.0,0.0,2.0,[38 40],156.0,99.0,65.0,46.0,106.0,33.0,191.0,138.0,161.0,164.0
39,45,2.0,0.0,2.0,[38 40],161.0,164.0,106.0,33.0,156.0,99.0,245.0,194.0,191.0,138.0
39,46,2.0,0.0,2.0,[38 40],191.0,138.0,156.0,99.0,161.0,164.0,221.0,306.0,245.0,194.0
39,47,2.0,0.0,2.0,[38 40],245.0,194.0,161.0,164.0,191.0,138.0,238.0,364.0,221.0,306.0
39,48,2.0,0.0,2.0,[38 40],221.0,306.0,191.0,138.0,245.0,194.0,254.0,267.0,238.0,364.0
39,49,2.0,0.0,2.0,[38 40],238.0,364.0,245.0,194.0,221.0,306.0,181.0,205.0,254.0,267.0
39,50,2.0,0.0,2.0,[38 40],254.0,267.0,221.0,306.0,238.0,364.0,174.0,275.0,181.0,205.0
39,51,2.0,0.0,2.0,[38 40],181.0,205.0,238.0,364.0,254.0,267.0,121.0,194.0,174.0,275.0
39,52,2.0,0.0,2.0,[38 40],174.0,275.0,254.0,267.0,181.0,205.0,133.0,164.0,121.0,194.0
39,53,2.0,0.0,2.0,[38 40],121.0,194.0,181.0,205.0,174.0,275.0,102.0,189.0,133.0,164.0
39,54,2.0,0.0,2.0,[38 40],133.0,164.0,174.0,275.0,121.0,194.0,100.0,141.0,102.0,189.0
39,55,2.0,0.0,2.0,[38 40],102.0,189.0,121.0,194.0,133.0,164.0,108.0,125.0,100.0,141.0
39,56,2.0,0.0,2.0,[38 40],100.0,141.0,133.0,164.0,102.0,189.0,84.0,161.0,108.0,125.0
39,57,2.0,0.0,2.0,[38 40],108.0,125.0,102.0,189.0,100.0,141.0,67.0,119.0,84.0,161.0
39,58,2.0,0.0,2.0,[38 40],84.0,161.0,100.0,141.0,108.0,125.0,100.0,93.0,67.0,119.0
39,59,2.0,0.0,2.0,[38 40],67.0,119.0,108.0,125.0,84.0,161.0,71.0,133.0,100.0,93.0
39,60,2.0,0.0,2.0,[38 40],100.0,93.0,84.0,161.0,67.0,119.0,98.0,105.0,71.0,133.0
39,61,2.0,0.0,2.0,[38 40],71.0,133.0,67.0,119.0,100.0,93.0,91.0,122.0,98.0,105.0
39,62,2.0,0.0,2.0,[38 40],98.0,105.0,100.0,93.0,71.0,133.0,91.0,155.0,91.0,122.0
39,63,2.0,0.0,2.0,[38 40],91.0,122.0,71.0,133.0,98.0,105.0,81.0,75.0,91.0,155.0
39,64,2.0,0.0,2.0,[38 40],91.0,155.0,98.0,105.0,91.0,122.0,92.0,108.0,81.0,75.0
39,65,2.0,0.0,2.0,[38 40],81.0,75.0,91.0,122.0,91.0,155.0,63.0,138.0,92.0,108.0
39,66,2.0,0.0,2.0,[38 40],92.0,108.0,91.0,155.0,81.0,75.0,74.0,98.0,63.0,138.0
39,67,2.0,0.0,2.0,[38 40],63.0,138.0,81.0,75.0,92.0,108.0,94.0,117.0,74.0,98.0
39,68,2.0,0.0,2.0,[38 40],74.0,98.0,92.0,108.0,63.0,138.0,84.0,98.0,94.0,117.0
39,69,2.0,0.0,2.0,[38 40],94.0,117.0,63.0,138.0,74.0,98.0,86.0,110.0,84.0,98.0
39,70,2.0,0.0,2.0,[38 40],84.0,98.0,74.0,98.0,94.0,117.0,79.0,107.0,86.0,110.0
39,71,2.0,0.0,2.0,[38 40],86.0,110.0,94.0,117.0,84.0,98.0,120.0,89.0,79.0,107.0
39,72,2.0,0.0,2.0,[38 40],79.0,107.0,84.0,98.0,86.0,110.0,102.0,109.0,120.0,89.0
39,73,2.0,0.0,2.0,[38 40],120.0,89.0,86.0,110.0,79.0,107.0,97.0,106.0,102.0,109.0
39,74,2.0,0.0,2.0,[38 40],102.0,109.0,79.0,107.0,120.0,89.0,125.0,110.0,97.0,106.0
39,75,2.0,0.0,2.0,[38 40],97.0,106.0,120.0,89.0,102.0,109.0,100.0,95.0,125.0,110.0
39,76,2.0,0.0,2.0,[38 40],125.0,110.0,102.0,109.0,97.0,106.0,120.0,98.0,100.0,95.0
39,77,2.0,0.0,2.0,[38 40],100.0,95.0,97.0,106.0,125.0,110.0,101.0,119.0,120.0,98.0
39,78,2.0,0.0,2.0,[38 40],120.0,98.0,125.0,110.0,100.0,95.0,115.0,128.0,101.0,119.0
39,79,2.0,0.0,2.0,[38 40],101.0,119.0,100.0,95.0,120.0,98.0,110.0,104.0,115.0,128.0
39,80,2.0,0.0,2.0,[38 40],115.0,128.0,120.0,98.0,101.0,119.0,91.0,125.0,110.0,104.0
39,81,2.0,0.0,2.0,[38 40],110.0,104.0,101.0,119.0,115.0,128.0,104.0,90.0,91.0,125.0
39,82,2.0,0.0,2.0,[38 40],91.0,125.0,115.0,128.0,110.0,104.0,104.0,130.0,104.0,90.0
39,83,2.0,0.0,2.0,[38 40],104.0,90.0,110.0,104.0,91.0,125.0,120.0,119.0,104.0,130.0
39,84,2.0,0.0,2.0,[38 40],104.0,130.0,91.0,125.0,104.0,90.0,123.0,123.0,120.0,119.0
39,85,2.0,0.0,2.0,[38 40],120.0,119.0,104.0,90.0,104.0,130.0,105.0,131.0,123.0,123.0
39,86,2.0,0.0,2.0,[38 40],123.0,123.0,104.0,130.0,120.0,119.0,136.0,106.0,105.0,131.0
39,87,2.0,0.0,2.0,[38 40],105.0,131.0,120.0,119.0,123.0,123.0,109.0,109.0,136.0,106.0
39,88,2.0,0.0,2.0,[38 40],136.0,106.0,123.0,123.0,105.0,131.0,109.0,94.0,109.0,109.0
39,89,2.0,0.0,2.0,[38 40],109.0,109.0,105.0,131.0,136.0,106.0,114.0,73.0,109.0,94.0
39,90,2.0,0.0,2.0,[38 40],109.0,94.0,136.0,106.0,109.0,109.0,101.0,111.0,114.0,73.0
39,91,2.0,0.0,2.0,[38 40],114.0,73.0,109.0,109.0,109.0,94.0,116.0,113.0,101.0,111.0
39,92,2.0,0.0,2.0,[38 40],101.0,111.0,109.0,94.0,114.0,73.0,114.0,113.0,116.0,113.0
39,93,2.0,0.0,2.0,[38 40],116.0,113.0,114.0,73.0,101.0,111.0,126.0,141.0,114.0,113.0
39,94,2.0,0.0,2.0,[38 40],114.0,113.0,101.0,111.0,116.0,113.0,130.0,106.0,126.0,141.0
39,95,2.0,0.0,2.0,[38 40],126.0,141.0,116.0,113.0,114.0,113.0,151.0,99.0,130.0,106.0
39,96,2.0,0.0,2.0,[38 40],130.0,106.0,114.0,113.0,126.0,141.0,113.0,152.0,151.0,99.0
39,97,2.0,0.0,2.0,[38 40],151.0,99.0,126.0,141.0,130.0,106.0,124.0,130.0,113.0,152.0
39,98,2.0,0.0,2.0,[38 40],113.0,152.0,130.0,106.0,151.0,99.0,151.0,143.0,124.0,130.0
39,99,2.0,0.0,2.0,[38 40],124.0,130.0,151.0,99.0,113.0,152.0,133.0,177.0,151.0,143.0
39,100,2.0,0.0,2.0,[38 40],151.0,143.0,113.0,152.0,124.0,130.0,194.0,159.0,133.0,177.0
39,101,2.0,0.0,2.0,[38 40],133.0,177.0,124.0,130.0,151.0,143.0,246.0,186.0,194.0,159.0
39,102,2.0,0.0,2.0,[38 40],194.0,159.0,151.0,143.0,133.0,177.0,243.0,279.0,246.0,186.0
39,103,2.0,0.0,2.0,[38 40],246.0,186.0,133.0,177.0,194.0,159.0,239.0,257.0,243.0,279.0
39,104,2.0,0.0,2.0,[38 40],243.0,279.0,194.0,159.0,246.0,186.0,252.0,285.0,239.0,257.0
39,105,2.0,0.0,2.0,[38 40],239.0,257.0,246.0,186.0,243.0,279.0,215.0,244.0,252.0,285.0
39,106,2.0,0.0,2.0,[38 40],252.0,285.0,243.0,279.0,239.0,257.0,189.0,275.0,215.0,244.0
39,107,2.0,0.0,2.0,[38 40],215.0,244.0,239.0,257.0,252.0,285.0,149.0,253.0,189.0,275.0
39,108,2.0,0.0,2.0,[38 40],189.0,275.0,252.0,285.0,215.0,244.0,153.0,303.0,149.0,253.0
39,109,2.0,0.0,2.0,[38 40],149.0,253.0,215.0,244.0,189.0,275.0,119.0,196.0,153.0,303.0
39,110,2.0,0.0,2.0,[38 40],153.0,303.0,189.0,275.0,149.0,253.0,174.0,178.0,119.0,196.0
39,111,2.0,0.0,2.0,[38 40],119.0,196.0,149.0,253.0,153.0,303.0,147.0,168.0,174.0,178.0
39,112,2.0,0.0,2.0,[38 40],174.0,178.0,153.0,303.0,119.0,196.0,134.0,133.0,147.0,168.0
39,113,2.0,0.0,2.0,[38 40],147.0,168.0,119.0,196.0,174.0,178.0,96.0,118.0,134.0,133.0
39,114,2.0,0.0,2.0,[38 40],134.0,133.0,174.0,178.0,147.0,168.0,108.0,101.0,96.0,118.0
39,115,2.0,0.0,2.0,[38 40],96.0,118.0,147.0,168.0,134.0,133.0,122.0,142.0,108.0,101.0
39,116,2.0,0.0,2.0,[38 40],108.0,101.0,134.0,133.0,96.0,118.0,107.0,93.0,122.0,142.0
39,117,2.0,0.0,2.0,[38 40],122.0,142.0,96.0,118.0,108.0,101.0,108.0,65.0,107.0,93.0
39,118,2.0,0.0,2.0,[38 40],107.0,93.0,108.0,101.0,122.0,142.0,183.0,88.0,108.0,65.0
39,119,2.0,0.0,2.0,[38 40],108.0,65.0,122.0,142.0,107.0,93.0,183.0,114.0,183.0,88.0
39,120,2.0,0.0,2.0,[38 40],183.0,88.0,107.0,93.0,108.0,65.0,189.0,99.0,183.0,114.0
39,121,2.0,0.0,2.0,[38 40],183.0,114.0,108.0,65.0,183.0,88.0,173.0,96.0,189.0,99.0
39,122,2.0,0.0,2.0,[38 40],189.0,99.0,183.0,88.0,183.0,114.0,122.0,100.0,173.0,96.0
39,123,2.0,0.0,2.0,[38 40],173.0,96.0,183.0,114.0,189.0,99.0,146.0,82.0,122.0,100.0
39,124,2.0,0.0,2.0,[38 40],122.0,100.0,189.0,99.0,173.0,96.0,153.0,107.0,146.0,82.0
39,125,2.0,0.0,2.0,[38 40],146.0,82.0,173.0,96.0,122.0,100.0,134.0,69.0,153.0,107.0
39,126,2.0,0.0,2.0,[38 40],153.0,107.0,122.0,100.0,146.0,82.0,137.0,88.0,134.0,69.0
39,127,2.0,0.0,2.0,[38 40],134.0,69.0,146.0,82.0,153.0,107.0,156.0,73.0,137.0,88.0
39,128,2.0,0.0,2.0,[38 40],137.0,88.0,153.0,107.0,134.0,69.0,139.0,75.0,156.0,73.0
39,129,2.0,0.0,2.0,[38 40],156.0,73.0,134.0,69.0,137.0,88.0,122.0,50.0,139.0,75.0
39,130,2.0,0.0,2.0,[38 40],139.0,75.0,137.0,88.0,156.0,73.0,110.0,61.0,122.0,50.0
39,131,2.0,0.0,2.0,[38 40],122.0,50.0,156.0,73.0,139.0,75.0,45.0,52.0,110.0,61.0
39,132,2.0,0.0,2.0,[38 40],110.0,61.0,139.0,75.0,122.0,50.0,62.0,46.0,45.0,52.0
39,133,2.0,0.0,2.0,[38 40],45.0,52.0,122.0,50.0,110.0,61.0,48.0,31.0,62.0,46.0
39,134,2.0,0.0,2.0,[38 40],62.0,46.0,110.0,61.0,45.0,52.0,34.0,31.0,48.0,31.0
39,135,2.0,0.0,2.0,[38 40],48.0,31.0,45.0,52.0,62.0,46.0,19.0,41.0,34.0,31.0
39,136,2.0,0.0,2.0,[38 40],34.0,31.0,62.0,46.0,48.0,31.0,14.0,18.0,19.0,41.0
39,137,2.0,0.0,2.0,[38 40],19.0,41.0,48.0,31.0,34.0,31.0,5.0,22.0,14.0,18.0
39,138,2.0,0.0,2.0,[38 40],14.0,18.0,34.0,31.0,19.0,41.0,4.0,11.0,5.0,22.0
39,139,2.0,0.0,2.0,[38 40],5.0,22.0,19.0,41.0,14.0,18.0,5.0,10.0,4.0,11.0
39,140,2.0,0.0,2.0,[38 40],4.0,11.0,14.0,18.0,5.0,22.0,0.0,2.0,5.0,10.0
39,141,2.0,0.0,2.0,[38 40],5.0,10.0,5.0,22.0,4.0,11.0,0.0,4.0,0.0,2.0
39,142,2.0,0.0,2.0,[38 40],0.0,2.0,4.0,11.0,5.0,10.0,0.0,0.0,0.0,4.0
39,143,2.0,0.0,2.0,[38 40],0.0,4.0,5.0,10.0,0.0,2.0,0.0,0.0,0.0,0.0
40,0,2.0,0.0,2.0,[39 41],0.0,1.0,0.0,0.0,0.0,0.0,0.0,0.0,1.0,0.0
40,1,2.0,0.0,2.0,[39 41],1.0,0.0,0.0,0.0,0.0,1.0,0.0,0.0,0.0,0.0
40,2,2.0,0.0,2.0,[39 41],0.0,0.0,0.0,1.0,1.0,0.0,0.0,0.0,0.0,0.0
40,3,2.0,0.0,2.0,[39 41],0.0,0.0,1.0,0.0,0.0,0.0,0.0,0.0,0.0,0.0
40,4,2.0,0.0,2.0,[39 41],0.0,0.0,0.0,0.0,0.0,0.0,0.0,0.0,0.0,0.0
40,5,2.0,0.0,2.0,[39 41],0.0,0.0,0.0,0.0,0.0,0.0,1.0,1.0,0.0,0.0
40,6,2.0,0.0,2.0,[39 41],0.0,0.0,0.0,0.0,0.0,0.0,0.0,0.0,1.0,1.0
40,7,2.0,0.0,2.0,[39 41],1.0,1.0,0.0,0.0,0.0,0.0,0.0,0.0,0.0,0.0
40,8,2.0,0.0,2.0,[39 41],0.0,0.0,0.0,0.0,1.0,1.0,0.0,0.0,0.0,0.0
40,9,2.0,0.0,2.0,[39 41],0.0,0.0,1.0,1.0,0.0,0.0,0.0,0.0,0.0,0.0
40,10,2.0,0.0,2.0,[39 41],0.0,0.0,0.0,0.0,0.0,0.0,0.0,1.0,0.0,0.0
40,11,2.0,0.0,2.0,[39 41],0.0,0.0,0.0,0.0,0.0,0.0,0.0,0.0,0.0,1.0
40,12,2.0,0.0,2.0,[39 41],0.0,1.0,0.0,0.0,0.0,0.0,0.0,0.0,0.0,0.0
40,13,2.0,0.0,2.0,[39 41],0.0,0.0,0.0,0.0,0.0,1.0,0.0,0.0,0.0,0.0
40,14,2.0,0.0,2.0,[39 41],0.0,0.0,0.0,1.0,0.0,0.0,0.0,0.0,0.0,0.0
40,15,2.0,0.0,2.0,[39 41],0.0,0.0,0.0,0.0,0.0,0.0,0.0,0.0,0.0,0.0
40,16,2.0,0.0,2.0,[39 41],0.0,0.0,0.0,0.0,0.0,0.0,0.0,0.0,0.0,0.0
40,17,2.0,0.0,2.0,[39 41],0.0,0.0,0.0,0.0,0.0,0.0,0.0,0.0,0.0,0.0
40,18,2.0,0.0,2.0,[39 41],0.0,0.0,0.0,0.0,0.0,0.0,0.0,0.0,0.0,0.0
40,19,2.0,0.0,2.0,[39 41],0.0,0.0,0.0,0.0,0.0,0.0,0.0,0.0,0.0,0.0
40,20,2.0,0.0,2.0,[39 41],0.0,0.0,0.0,0.0,0.0,0.0,0.0,0.0,0.0,0.0
40,21,2.0,0.0,2.0,[39 41],0.0,0.0,0.0,0.0,0.0,0.0,0.0,0.0,0.0,0.0
40,22,2.0,0.0,2.0,[39 41],0.0,0.0,0.0,0.0,0.0,0.0,0.0,0.0,0.0,0.0
40,23,2.0,0.0,2.0,[39 41],0.0,0.0,0.0,0.0,0.0,0.0,0.0,0.0,0.0,0.0
40,24,2.0,0.0,2.0,[39 41],0.0,0.0,0.0,0.0,0.0,0.0,0.0,0.0,0.0,0.0
40,25,2.0,0.0,2.0,[39 41],0.0,0.0,0.0,0.0,0.0,0.0,0.0,0.0,0.0,0.0
40,26,2.0,0.0,2.0,[39 41],0.0,0.0,0.0,0.0,0.0,0.0,0.0,0.0,0.0,0.0
40,27,2.0,0.0,2.0,[39 41],0.0,0.0,0.0,0.0,0.0,0.0,0.0,0.0,0.0,0.0
40,28,2.0,0.0,2.0,[39 41],0.0,0.0,0.0,0.0,0.0,0.0,0.0,0.0,0.0,0.0
40,29,2.0,0.0,2.0,[39 41],0.0,0.0,0.0,0.0,0.0,0.0,0.0,0.0,0.0,0.0
40,30,2.0,0.0,2.0,[39 41],0.0,0.0,0.0,0.0,0.0,0.0,0.0,0.0,0.0,0.0
40,31,2.0,0.0,2.0,[39 41],0.0,0.0,0.0,0.0,0.0,0.0,0.0,0.0,0.0,0.0
40,32,2.0,0.0,2.0,[39 41],0.0,0.0,0.0,0.0,0.0,0.0,2.0,1.0,0.0,0.0
40,33,2.0,0.0,2.0,[39 41],0.0,0.0,0.0,0.0,0.0,0.0,22.0,0.0,2.0,1.0
40,34,2.0,0.0,2.0,[39 41],2.0,1.0,0.0,0.0,0.0,0.0,15.0,1.0,22.0,0.0
40,35,2.0,0.0,2.0,[39 41],22.0,0.0,0.0,0.0,2.0,1.0,31.0,6.0,15.0,1.0
40,36,2.0,0.0,2.0,[39 41],15.0,1.0,2.0,1.0,22.0,0.0,13.0,4.0,31.0,6.0
40,37,2.0,0.0,2.0,[39 41],31.0,6.0,22.0,0.0,15.0,1.0,18.0,11.0,13.0,4.0
40,38,2.0,0.0,2.0,[39 41],13.0,4.0,15.0,1.0,31.0,6.0,35.0,19.0,18.0,11.0
40,39,2.0,0.0,2.0,[39 41],18.0,11.0,31.0,6.0,13.0,4.0,50.0,28.0,35.0,19.0
40,40,2.0,0.0,2.0,[39 41],35.0,19.0,13.0,4.0,18.0,11.0,58.0,27.0,50.0,28.0
40,41,2.0,0.0,2.0,[39 41],50.0,28.0,18.0,11.0,35.0,19.0,95.0,44.0,58.0,27.0
40,42,2.0,0.0,2.0,[39 41],58.0,27.0,35.0,19.0,50.0,28.0,93.0,82.0,95.0,44.0
40,43,2.0,0.0,2.0,[39 41],95.0,44.0,50.0,28.0,58.0,27.0,128.0,101.0,93.0,82.0
40,44,2.0,0.0,2.0,[39 41],93.0,82.0,58.0,27.0,95.0,44.0,187.0,187.0,128.0,101.0
40,45,2.0,0.0,2.0,[39 41],128.0,101.0,95.0,44.0,93.0,82.0,216.0,104.0,187.0,187.0
40,46,2.0,0.0,2.0,[39 41],187.0,187.0,93.0,82.0,128.0,101.0,190.0,170.0,216.0,104.0
40,47,2.0,0.0,2.0,[39 41],216.0,104.0,128.0,101.0,187.0,187.0,197.0,268.0,190.0,170.0
40,48,2.0,0.0,2.0,[39 41],190.0,170.0,187.0,187.0,216.0,104.0,177.0,276.0,197.0,268.0
40,49,2.0,0.0,2.0,[39 41],197.0,268.0,216.0,104.0,190.0,170.0,168.0,177.0,177.0,276.0
40,50,2.0,0.0,2.0,[39 41],177.0,276.0,190.0,170.0,197.0,268.0,138.0,157.0,168.0,177.0
40,51,2.0,0.0,2.0,[39 41],168.0,177.0,197.0,268.0,177.0,276.0,99.0,153.0,138.0,157.0
40,52,2.0,0.0,2.0,[39 41],138.0,157.0,177.0,276.0,168.0,177.0,75.0,110.0,99.0,153.0
40,53,2.0,0.0,2.0,[39 41],99.0,153.0,168.0,177.0,138.0,157.0,82.0,84.0,75.0,110.0
40,54,2.0,0.0,2.0,[39 41],75.0,110.0,138.0,157.0,99.0,153.0,83.0,69.0,82.0,84.0
40,55,2.0,0.0,2.0,[39 41],82.0,84.0,99.0,153.0,75.0,110.0,66.0,80.0,83.0,69.0
40,56,2.0,0.0,2.0,[39 41],83.0,69.0,75.0,110.0,82.0,84.0,48.0,75.0,66.0,80.0
40,57,2.0,0.0,2.0,[39 41],66.0,80.0,82.0,84.0,83.0,69.0,75.0,42.0,48.0,75.0
40,58,2.0,0.0,2.0,[39 41],48.0,75.0,83.0,69.0,66.0,80.0,96.0,63.0,75.0,42.0
40,59,2.0,0.0,2.0,[39 41],75.0,42.0,66.0,80.0,48.0,75.0,78.0,45.0,96.0,63.0
40,60,2.0,0.0,2.0,[39 41],96.0,63.0,48.0,75.0,75.0,42.0,57.0,45.0,78.0,45.0
40,61,2.0,0.0,2.0,[39 41],78.0,45.0,75.0,42.0,96.0,63.0,58.0,40.0,57.0,45.0
40,62,2.0,0.0,2.0,[39 41],57.0,45.0,96.0,63.0,78.0,45.0,44.0,45.0,58.0,40.0
40,63,2.0,0.0,2.0,[39 41],58.0,40.0,78.0,45.0,57.0,45.0,56.0,37.0,44.0,45.0
40,64,2.0,0.0,2.0,[39 41],44.0,45.0,57.0,45.0,58.0,40.0,42.0,46.0,56.0,37.0
40,65,2.0,0.0,2.0,[39 41],56.0,37.0,58.0,40.0,44.0,45.0,68.0,18.0,42.0,46.0
40,66,2.0,0.0,2.0,[39 41],42.0,46.0,44.0,45.0,56.0,37.0,54.0,36.0,68.0,18.0
40,67,2.0,0.0,2.0,[39 41],68.0,18.0,56.0,37.0,42.0,46.0,66.0,37.0,54.0,36.0
40,68,2.0,0.0,2.0,[39 41],54.0,36.0,42.0,46.0,68.0,18.0,60.0,35.0,66.0,37.0
40,69,2.0,0.0,2.0,[39 41],66.0,37.0,68.0,18.0,54.0,36.0,47.0,27.0,60.0,35.0
40,70,2.0,0.0,2.0,[39 41],60.0,35.0,54.0,36.0,66.0,37.0,42.0,32.0,47.0,27.0
40,71,2.0,0.0,2.0,[39 41],47.0,27.0,66.0,37.0,60.0,35.0,34.0,23.0,42.0,32.0
40,72,2.0,0.0,2.0,[39 41],42.0,32.0,60.0,35.0,47.0,27.0,48.0,28.0,34.0,23.0
40,73,2.0,0.0,2.0,[39 41],34.0,23.0,47.0,27.0,42.0,32.0,42.0,43.0,48.0,28.0
40,74,2.0,0.0,2.0,[39 41],48.0,28.0,42.0,32.0,34.0,23.0,67.0,63.0,42.0,43.0
40,75,2.0,0.0,2.0,[39 41],42.0,43.0,34.0,23.0,48.0,28.0,56.0,45.0,67.0,63.0
40,76,2.0,0.0,2.0,[39 41],67.0,63.0,48.0,28.0,42.0,43.0,48.0,43.0,56.0,45.0
40,77,2.0,0.0,2.0,[39 41],56.0,45.0,42.0,43.0,67.0,63.0,55.0,54.0,48.0,43.0
40,78,2.0,0.0,2.0,[39 41],48.0,43.0,67.0,63.0,56.0,45.0,51.0,33.0,55.0,54.0
40,79,2.0,0.0,2.0,[39 41],55.0,54.0,56.0,45.0,48.0,43.0,59.0,52.0,51.0,33.0
40,80,2.0,0.0,2.0,[39 41],51.0,33.0,48.0,43.0,55.0,54.0,33.0,60.0,59.0,52.0
40,81,2.0,0.0,2.0,[39 41],59.0,52.0,55.0,54.0,51.0,33.0,47.0,62.0,33.0,60.0
40,82,2.0,0.0,2.0,[39 41],33.0,60.0,51.0,33.0,59.0,52.0,40.0,59.0,47.0,62.0
40,83,2.0,0.0,2.0,[39 41],47.0,62.0,59.0,52.0,33.0,60.0,54.0,54.0,40.0,59.0
40,84,2.0,0.0,2.0,[39 41],40.0,59.0,33.0,60.0,47.0,62.0,51.0,48.0,54.0,54.0
40,85,2.0,0.0,2.0,[39 41],54.0,54.0,47.0,62.0,40.0,59.0,58.0,57.0,51.0,48.0
40,86,2.0,0.0,2.0,[39 41],51.0,48.0,40.0,59.0,54.0,54.0,56.0,47.0,58.0,57.0
40,87,2.0,0.0,2.0,[39 41],58.0,57.0,54.0,54.0,51.0,48.0,36.0,39.0,56.0,47.0
40,88,2.0,0.0,2.0,[39 41],56.0,47.0,51.0,48.0,58.0,57.0,56.0,48.0,36.0,39.0
40,89,2.0,0.0,2.0,[39 41],36.0,39.0,58.0,57.0,56.0,47.0,51.0,66.0,56.0,48.0
40,90,2.0,0.0,2.0,[39 41],56.0,48.0,56.0,47.0,36.0,39.0,52.0,52.0,51.0,66.0
40,91,2.0,0.0,2.0,[39 41],51.0,66.0,36.0,39.0,56.0,48.0,53.0,48.0,52.0,52.0
40,92,2.0,0.0,2.0,[39 41],52.0,52.0,56.0,48.0,51.0,66.0,54.0,56.0,53.0,48.0
40,93,2.0,0.0,2.0,[39 41],53.0,48.0,51.0,66.0,52.0,52.0,51.0,59.0,54.0,56.0
40,94,2.0,0.0,2.0,[39 41],54.0,56.0,52.0,52.0,53.0,48.0,50.0,69.0,51.0,59.0
40,95,2.0,0.0,2.0,[39 41],51.0,59.0,53.0,48.0,54.0,56.0,49.0,53.0,50.0,69.0
40,96,2.0,0.0,2.0,[39 41],50.0,69.0,54.0,56.0,51.0,59.0,55.0,44.0,49.0,53.0
40,97,2.0,0.0,2.0,[39 41],49.0,53.0,51.0,59.0,50.0,69.0,73.0,54.0,55.0,44.0
40,98,2.0,0.0,2.0,[39 41],55.0,44.0,50.0,69.0,49.0,53.0,84.0,65.0,73.0,54.0
40,99,2.0,0.0,2.0,[39 41],73.0,54.0,49.0,53.0,55.0,44.0,73.0,46.0,84.0,65.0
40,100,2.0,0.0,2.0,[39 41],84.0,65.0,55.0,44.0,73.0,54.0,146.0,59.0,73.0,46.0
40,101,2.0,0.0,2.0,[39 41],73.0,46.0,73.0,54.0,84.0,65.0,182.0,76.0,146.0,59.0
40,102,2.0,0.0,2.0,[39 41],146.0,59.0,84.0,65.0,73.0,46.0,168.0,87.0,182.0,76.0
40,103,2.0,0.0,2.0,[39 41],182.0,76.0,73.0,46.0,146.0,59.0,202.0,93.0,168.0,87.0
40,104,2.0,0.0,2.0,[39 41],168.0,87.0,146.0,59.0,182.0,76.0,156.0,92.0,202.0,93.0
40,105,2.0,0.0,2.0,[39 41],202.0,93.0,182.0,76.0,168.0,87.0,139.0,148.0,156.0,92.0
40,106,2.0,0.0,2.0,[39 41],156.0,92.0,168.0,87.0,202.0,93.0,122.0,133.0,139.0,148.0
40,107,2.0,0.0,2.0,[39 41],139.0,148.0,202.0,93.0,156.0,92.0,119.0,117.0,122.0,133.0
40,108,2.0,0.0,2.0,[39 41],122.0,133.0,156.0,92.0,139.0,148.0,135.0,116.0,119.0,117.0
40,109,2.0,0.0,2.0,[39 41],119.0,117.0,139.0,148.0,122.0,133.0,87.0,101.0,135.0,116.0
40,110,2.0,0.0,2.0,[39 41],135.0,116.0,122.0,133.0,119.0,117.0,63.0,121.0,87.0,101.0
40,111,2.0,0.0,2.0,[39 41],87.0,101.0,119.0,117.0,135.0,116.0,84.0,79.0,63.0,121.0
40,112,2.0,0.0,2.0,[39 41],63.0,121.0,135.0,116.0,87.0,101.0,47.0,94.0,84.0,79.0
40,113,2.0,0.0,2.0,[39 41],84.0,79.0,87.0,101.0,63.0,121.0,69.0,73.0,47.0,94.0
40,114,2.0,0.0,2.0,[39 41],47.0,94.0,63.0,121.0,84.0,79.0,33.0,63.0,69.0,73.0
40,115,2.0,0.0,2.0,[39 41],69.0,73.0,84.0,79.0,47.0,94.0,45.0,54.0,33.0,63.0
40,116,2.0,0.0,2.0,[39 41],33.0,63.0,47.0,94.0,69.0,73.0,47.0,74.0,45.0,54.0
40,117,2.0,0.0,2.0,[39 41],45.0,54.0,69.0,73.0,33.0,63.0,30.0,65.0,47.0,74.0
40,118,2.0,0.0,2.0,[39 41],47.0,74.0,33.0,63.0,45.0,54.0,27.0,50.0,30.0,65.0
40,119,2.0,0.0,2.0,[39 41],30.0,65.0,45.0,54.0,47.0,74.0,40.0,60.0,27.0,50.0
40,120,2.0,0.0,2.0,[39 41],27.0,50.0,47.0,74.0,30.0,65.0,37.0,52.0,40.0,60.0
40,121,2.0,0.0,2.0,[39 41],40.0,60.0,30.0,65.0,27.0,50.0,34.0,62.0,37.0,52.0
40,122,2.0,0.0,2.0,[39 41],37.0,52.0,27.0,50.0,40.0,60.0,28.0,65.0,34.0,62.0
40,123,2.0,0.0,2.0,[39 41],34.0,62.0,40.0,60.0,37.0,52.0,42.0,56.0,28.0,65.0
40,124,2.0,0.0,2.0,[39 41],28.0,65.0,37.0,52.0,34.0,62.0,35.0,57.0,42.0,56.0
40,125,2.0,0.0,2.0,[39 41],42.0,56.0,34.0,62.0,28.0,65.0,39.0,35.0,35.0,57.0
40,126,2.0,0.0,2.0,[39 41],35.0,57.0,28.0,65.0,42.0,56.0,33.0,70.0,39.0,35.0
40,127,2.0,0.0,2.0,[39 41],39.0,35.0,42.0,56.0,35.0,57.0,18.0,51.0,33.0,70.0
40,128,2.0,0.0,2.0,[39 41],33.0,70.0,35.0,57.0,39.0,35.0,12.0,52.0,18.0,51.0
40,129,2.0,0.0,2.0,[39 41],18.0,51.0,39.0,35.0,33.0,70.0,15.0,64.0,12.0,52.0
40,130,2.0,0.0,2.0,[39 41],12.0,52.0,33.0,70.0,18.0,51.0,10.0,41.0,15.0,64.0
40,131,2.0,0.0,2.0,[39 41],15.0,64.0,18.0,51.0,12.0,52.0,18.0,56.0,10.0,41.0
40,132,2.0,0.0,2.0,[39 41],10.0,41.0,12.0,52.0,15.0,64.0,19.0,18.0,18.0,56.0
40,133,2.0,0.0,2.0,[39 41],18.0,56.0,15.0,64.0,10.0,41.0,7.0,40.0,19.0,18.0
40,134,2.0,0.0,2.0,[39 41],19.0,18.0,10.0,41.0,18.0,56.0,7.0,32.0,7.0,40.0
40,135,2.0,0.0,2.0,[39 41],7.0,40.0,18.0,56.0,19.0,18.0,2.0,16.0,7.0,32.0
40,136,2.0,0.0,2.0,[39 41],7.0,32.0,19.0,18.0,7.0,40.0,2.0,26.0,2.0,16.0
40,137,2.0,0.0,2.0,[39 41],2.0,16.0,7.0,40.0,7.0,32.0,1.0,7.0,2.0,26.0
40,138,2.0,0.0,2.0,[39 41],2.0,26.0,7.0,32.0,2.0,16.0,1.0,10.0,1.0,7.0
40,139,2.0,0.0,2.0,[39 41],1.0,7.0,2.0,16.0,2.0,26.0,1.0,8.0,1.0,10.0
40,140,2.0,0.0,2.0,[39 41],1.0,10.0,2.0,26.0,1.0,7.0,0.0,5.0,1.0,8.0
40,141,2.0,0.0,2.0,[39 41],1.0,8.0,1.0,7.0,1.0,10.0,1.0,2.0,0.0,5.0
40,142,2.0,0.0,2.0,[39 41],0.0,5.0,1.0,10.0,1.0,8.0,0.0,0.0,1.0,2.0
40,143,2.0,0.0,2.0,[39 41],1.0,2.0,1.0,8.0,0.0,5.0,0.0,0.0,0.0,0.0
41,0,2.0,0.0,2.0,[40 42],0.0,2.0,0.0,0.0,0.0,0.0,0.0,0.0,0.0,1.0
41,1,2.0,0.0,2.0,[40 42],0.0,1.0,0.0,0.0,0.0,2.0,0.0,0.0,0.0,0.0
41,2,2.0,0.0,2.0,[40 42],0.0,0.0,0.0,2.0,0.0,1.0,0.0,0.0,0.0,0.0
41,3,2.0,0.0,2.0,[40 42],0.0,0.0,0.0,1.0,0.0,0.0,0.0,0.0,0.0,0.0
41,4,2.0,0.0,2.0,[40 42],0.0,0.0,0.0,0.0,0.0,0.0,0.0,0.0,0.0,0.0
41,5,2.0,0.0,2.0,[40 42],0.0,0.0,0.0,0.0,0.0,0.0,0.0,0.0,0.0,0.0
41,6,2.0,0.0,2.0,[40 42],0.0,0.0,0.0,0.0,0.0,0.0,0.0,0.0,0.0,0.0
41,7,2.0,0.0,2.0,[40 42],0.0,0.0,0.0,0.0,0.0,0.0,0.0,0.0,0.0,0.0
41,8,2.0,0.0,2.0,[40 42],0.0,0.0,0.0,0.0,0.0,0.0,0.0,0.0,0.0,0.0
41,9,2.0,0.0,2.0,[40 42],0.0,0.0,0.0,0.0,0.0,0.0,0.0,0.0,0.0,0.0
41,10,2.0,0.0,2.0,[40 42],0.0,0.0,0.0,0.0,0.0,0.0,1.0,1.0,0.0,0.0
41,11,2.0,0.0,2.0,[40 42],0.0,0.0,0.0,0.0,0.0,0.0,0.0,0.0,1.0,1.0
41,12,2.0,0.0,2.0,[40 42],1.0,1.0,0.0,0.0,0.0,0.0,0.0,0.0,0.0,0.0
41,13,2.0,0.0,2.0,[40 42],0.0,0.0,0.0,0.0,1.0,1.0,0.0,0.0,0.0,0.0
41,14,2.0,0.0,2.0,[40 42],0.0,0.0,1.0,1.0,0.0,0.0,0.0,0.0,0.0,0.0
41,15,2.0,0.0,2.0,[40 42],0.0,0.0,0.0,0.0,0.0,0.0,0.0,0.0,0.0,0.0
41,16,2.0,0.0,2.0,[40 42],0.0,0.0,0.0,0.0,0.0,0.0,0.0,0.0,0.0,0.0
41,17,2.0,0.0,2.0,[40 42],0.0,0.0,0.0,0.0,0.0,0.0,0.0,0.0,0.0,0.0
41,18,2.0,0.0,2.0,[40 42],0.0,0.0,0.0,0.0,0.0,0.0,0.0,0.0,0.0,0.0
41,19,2.0,0.0,2.0,[40 42],0.0,0.0,0.0,0.0,0.0,0.0,0.0,0.0,0.0,0.0
41,20,2.0,0.0,2.0,[40 42],0.0,0.0,0.0,0.0,0.0,0.0,0.0,0.0,0.0,0.0
41,21,2.0,0.0,2.0,[40 42],0.0,0.0,0.0,0.0,0.0,0.0,0.0,0.0,0.0,0.0
41,22,2.0,0.0,2.0,[40 42],0.0,0.0,0.0,0.0,0.0,0.0,0.0,0.0,0.0,0.0
41,23,2.0,0.0,2.0,[40 42],0.0,0.0,0.0,0.0,0.0,0.0,0.0,0.0,0.0,0.0
41,24,2.0,0.0,2.0,[40 42],0.0,0.0,0.0,0.0,0.0,0.0,0.0,0.0,0.0,0.0
41,25,2.0,0.0,2.0,[40 42],0.0,0.0,0.0,0.0,0.0,0.0,2.0,0.0,0.0,0.0
41,26,2.0,0.0,2.0,[40 42],0.0,0.0,0.0,0.0,0.0,0.0,0.0,2.0,2.0,0.0
41,27,2.0,0.0,2.0,[40 42],2.0,0.0,0.0,0.0,0.0,0.0,0.0,0.0,0.0,2.0
41,28,2.0,0.0,2.0,[40 42],0.0,2.0,0.0,0.0,2.0,0.0,0.0,0.0,0.0,0.0
41,29,2.0,0.0,2.0,[40 42],0.0,0.0,2.0,0.0,0.0,2.0,0.0,0.0,0.0,0.0
41,30,2.0,0.0,2.0,[40 42],0.0,0.0,0.0,2.0,0.0,0.0,0.0,0.0,0.0,0.0
41,31,2.0,0.0,2.0,[40 42],0.0,0.0,0.0,0.0,0.0,0.0,0.0,0.0,0.0,0.0
41,32,2.0,0.0,2.0,[40 42],0.0,0.0,0.0,0.0,0.0,0.0,1.0,1.0,0.0,0.0
41,33,2.0,0.0,2.0,[40 42],0.0,0.0,0.0,0.0,0.0,0.0,12.0,0.0,1.0,1.0
41,34,2.0,0.0,2.0,[40 42],1.0,1.0,0.0,0.0,0.0,0.0,19.0,1.0,12.0,0.0
41,35,2.0,0.0,2.0,[40 42],12.0,0.0,0.0,0.0,1.0,1.0,16.0,2.0,19.0,1.0
41,36,2.0,0.0,2.0,[40 42],19.0,1.0,1.0,1.0,12.0,0.0,40.0,4.0,16.0,2.0
41,37,2.0,0.0,2.0,[40 42],16.0,2.0,12.0,0.0,19.0,1.0,32.0,9.0,40.0,4.0
41,38,2.0,0.0,2.0,[40 42],40.0,4.0,19.0,1.0,16.0,2.0,30.0,13.0,32.0,9.0
41,39,2.0,0.0,2.0,[40 42],32.0,9.0,16.0,2.0,40.0,4.0,51.0,23.0,30.0,13.0
41,40,2.0,0.0,2.0,[40 42],30.0,13.0,40.0,4.0,32.0,9.0,91.0,21.0,51.0,23.0
41,41,2.0,0.0,2.0,[40 42],51.0,23.0,32.0,9.0,30.0,13.0,121.0,31.0,91.0,21.0
41,42,2.0,0.0,2.0,[40 42],91.0,21.0,30.0,13.0,51.0,23.0,124.0,93.0,121.0,31.0
41,43,2.0,0.0,2.0,[40 42],121.0,31.0,51.0,23.0,91.0,21.0,186.0,114.0,124.0,93.0
41,44,2.0,0.0,2.0,[40 42],124.0,93.0,91.0,21.0,121.0,31.0,227.0,170.0,186.0,114.0
41,45,2.0,0.0,2.0,[40 42],186.0,114.0,121.0,31.0,124.0,93.0,312.0,222.0,227.0,170.0
41,46,2.0,0.0,2.0,[40 42],227.0,170.0,124.0,93.0,186.0,114.0,334.0,195.0,312.0,222.0
41,47,2.0,0.0,2.0,[40 42],312.0,222.0,186.0,114.0,227.0,170.0,332.0,257.0,334.0,195.0
41,48,2.0,0.0,2.0,[40 42],334.0,195.0,227.0,170.0,312.0,222.0,304.0,221.0,332.0,257.0
41,49,2.0,0.0,2.0,[40 42],332.0,257.0,312.0,222.0,334.0,195.0,317.0,242.0,304.0,221.0
41,50,2.0,0.0,2.0,[40 42],304.0,221.0,334.0,195.0,332.0,257.0,215.0,243.0,317.0,242.0
41,51,2.0,0.0,2.0,[40 42],317.0,242.0,332.0,257.0,304.0,221.0,198.0,206.0,215.0,243.0
41,52,2.0,0.0,2.0,[40 42],215.0,243.0,304.0,221.0,317.0,242.0,173.0,198.0,198.0,206.0
41,53,2.0,0.0,2.0,[40 42],198.0,206.0,317.0,242.0,215.0,243.0,136.0,111.0,173.0,198.0
41,54,2.0,0.0,2.0,[40 42],173.0,198.0,215.0,243.0,198.0,206.0,103.0,133.0,136.0,111.0
41,55,2.0,0.0,2.0,[40 42],136.0,111.0,198.0,206.0,173.0,198.0,85.0,78.0,103.0,133.0
41,56,2.0,0.0,2.0,[40 42],103.0,133.0,173.0,198.0,136.0,111.0,83.0,79.0,85.0,78.0
41,57,2.0,0.0,2.0,[40 42],85.0,78.0,136.0,111.0,103.0,133.0,81.0,61.0,83.0,79.0
41,58,2.0,0.0,2.0,[40 42],83.0,79.0,103.0,133.0,85.0,78.0,67.0,55.0,81.0,61.0
41,59,2.0,0.0,2.0,[40 42],81.0,61.0,85.0,78.0,83.0,79.0,48.0,70.0,67.0,55.0
41,60,2.0,0.0,2.0,[40 42],67.0,55.0,83.0,79.0,81.0,61.0,57.0,78.0,48.0,70.0
41,61,2.0,0.0,2.0,[40 42],48.0,70.0,81.0,61.0,67.0,55.0,79.0,74.0,57.0,78.0
41,62,2.0,0.0,2.0,[40 42],57.0,78.0,67.0,55.0,48.0,70.0,54.0,68.0,79.0,74.0
41,63,2.0,0.0,2.0,[40 42],79.0,74.0,48.0,70.0,57.0,78.0,65.0,34.0,54.0,68.0
41,64,2.0,0.0,2.0,[40 42],54.0,68.0,57.0,78.0,79.0,74.0,75.0,74.0,65.0,34.0
41,65,2.0,0.0,2.0,[40 42],65.0,34.0,79.0,74.0,54.0,68.0,61.0,53.0,75.0,74.0
41,66,2.0,0.0,2.0,[40 42],75.0,74.0,54.0,68.0,65.0,34.0,72.0,48.0,61.0,53.0
41,67,2.0,0.0,2.0,[40 42],61.0,53.0,65.0,34.0,75.0,74.0,72.0,51.0,72.0,48.0
41,68,2.0,0.0,2.0,[40 42],72.0,48.0,75.0,74.0,61.0,53.0,64.0,51.0,72.0,51.0
41,69,2.0,0.0,2.0,[40 42],72.0,51.0,61.0,53.0,72.0,48.0,74.0,50.0,64.0,51.0
41,70,2.0,0.0,2.0,[40 42],64.0,51.0,72.0,48.0,72.0,51.0,73.0,60.0,74.0,50.0
41,71,2.0,0.0,2.0,[40 42],74.0,50.0,72.0,51.0,64.0,51.0,70.0,56.0,73.0,60.0
41,72,2.0,0.0,2.0,[40 42],73.0,60.0,64.0,51.0,74.0,50.0,69.0,64.0,70.0,56.0
41,73,2.0,0.0,2.0,[40 42],70.0,56.0,74.0,50.0,73.0,60.0,97.0,43.0,69.0,64.0
41,74,2.0,0.0,2.0,[40 42],69.0,64.0,73.0,60.0,70.0,56.0,71.0,71.0,97.0,43.0
41,75,2.0,0.0,2.0,[40 42],97.0,43.0,70.0,56.0,69.0,64.0,85.0,49.0,71.0,71.0
41,76,2.0,0.0,2.0,[40 42],71.0,71.0,69.0,64.0,97.0,43.0,67.0,65.0,85.0,49.0
41,77,2.0,0.0,2.0,[40 42],85.0,49.0,97.0,43.0,71.0,71.0,85.0,69.0,67.0,65.0
41,78,2.0,0.0,2.0,[40 42],67.0,65.0,71.0,71.0,85.0,49.0,74.0,58.0,85.0,69.0
41,79,2.0,0.0,2.0,[40 42],85.0,69.0,85.0,49.0,67.0,65.0,73.0,53.0,74.0,58.0
41,80,2.0,0.0,2.0,[40 42],74.0,58.0,67.0,65.0,85.0,69.0,70.0,65.0,73.0,53.0
41,81,2.0,0.0,2.0,[40 42],73.0,53.0,85.0,69.0,74.0,58.0,60.0,64.0,70.0,65.0
41,82,2.0,0.0,2.0,[40 42],70.0,65.0,74.0,58.0,73.0,53.0,83.0,71.0,60.0,64.0
41,83,2.0,0.0,2.0,[40 42],60.0,64.0,73.0,53.0,70.0,65.0,78.0,68.0,83.0,71.0
41,84,2.0,0.0,2.0,[40 42],83.0,71.0,70.0,65.0,60.0,64.0,93.0,52.0,78.0,68.0
41,85,2.0,0.0,2.0,[40 42],78.0,68.0,60.0,64.0,83.0,71.0,72.0,61.0,93.0,52.0
41,86,2.0,0.0,2.0,[40 42],93.0,52.0,83.0,71.0,78.0,68.0,70.0,43.0,72.0,61.0
41,87,2.0,0.0,2.0,[40 42],72.0,61.0,78.0,68.0,93.0,52.0,55.0,72.0,70.0,43.0
41,88,2.0,0.0,2.0,[40 42],70.0,43.0,93.0,52.0,72.0,61.0,69.0,74.0,55.0,72.0
41,89,2.0,0.0,2.0,[40 42],55.0,72.0,72.0,61.0,70.0,43.0,71.0,73.0,69.0,74.0
41,90,2.0,0.0,2.0,[40 42],69.0,74.0,70.0,43.0,55.0,72.0,57.0,82.0,71.0,73.0
41,91,2.0,0.0,2.0,[40 42],71.0,73.0,55.0,72.0,69.0,74.0,53.0,80.0,57.0,82.0
41,92,2.0,0.0,2.0,[40 42],57.0,82.0,69.0,74.0,71.0,73.0,50.0,62.0,53.0,80.0
41,93,2.0,0.0,2.0,[40 42],53.0,80.0,71.0,73.0,57.0,82.0,87.0,61.0,50.0,62.0
41,94,2.0,0.0,2.0,[40 42],50.0,62.0,57.0,82.0,53.0,80.0,70.0,78.0,87.0,61.0
41,95,2.0,0.0,2.0,[40 42],87.0,61.0,53.0,80.0,50.0,62.0,75.0,78.0,70.0,78.0
41,96,2.0,0.0,2.0,[40 42],70.0,78.0,50.0,62.0,87.0,61.0,72.0,66.0,75.0,78.0
41,97,2.0,0.0,2.0,[40 42],75.0,78.0,87.0,61.0,70.0,78.0,104.0,77.0,72.0,66.0
41,98,2.0,0.0,2.0,[40 42],72.0,66.0,70.0,78.0,75.0,78.0,90.0,82.0,104.0,77.0
41,99,2.0,0.0,2.0,[40 42],104.0,77.0,75.0,78.0,72.0,66.0,115.0,88.0,90.0,82.0
41,100,2.0,0.0,2.0,[40 42],90.0,82.0,72.0,66.0,104.0,77.0,159.0,88.0,115.0,88.0
41,101,2.0,0.0,2.0,[40 42],115.0,88.0,104.0,77.0,90.0,82.0,266.0,120.0,159.0,88.0
41,102,2.0,0.0,2.0,[40 42],159.0,88.0,90.0,82.0,115.0,88.0,211.0,196.0,266.0,120.0
41,103,2.0,0.0,2.0,[40 42],266.0,120.0,115.0,88.0,159.0,88.0,245.0,119.0,211.0,196.0
41,104,2.0,0.0,2.0,[40 42],211.0,196.0,159.0,88.0,266.0,120.0,251.0,154.0,245.0,119.0
41,105,2.0,0.0,2.0,[40 42],245.0,119.0,266.0,120.0,211.0,196.0,177.0,243.0,251.0,154.0
41,106,2.0,0.0,2.0,[40 42],251.0,154.0,211.0,196.0,245.0,119.0,130.0,165.0,177.0,243.0
41,107,2.0,0.0,2.0,[40 42],177.0,243.0,245.0,119.0,251.0,154.0,172.0,193.0,130.0,165.0
41,108,2.0,0.0,2.0,[40 42],130.0,165.0,251.0,154.0,177.0,243.0,159.0,226.0,172.0,193.0
41,109,2.0,0.0,2.0,[40 42],172.0,193.0,177.0,243.0,130.0,165.0,152.0,221.0,159.0,226.0
41,110,2.0,0.0,2.0,[40 42],159.0,226.0,130.0,165.0,172.0,193.0,118.0,172.0,152.0,221.0
41,111,2.0,0.0,2.0,[40 42],152.0,221.0,172.0,193.0,159.0,226.0,80.0,202.0,118.0,172.0
41,112,2.0,0.0,2.0,[40 42],118.0,172.0,159.0,226.0,152.0,221.0,102.0,152.0,80.0,202.0
41,113,2.0,0.0,2.0,[40 42],80.0,202.0,152.0,221.0,118.0,172.0,87.0,132.0,102.0,152.0
41,114,2.0,0.0,2.0,[40 42],102.0,152.0,118.0,172.0,80.0,202.0,71.0,146.0,87.0,132.0
41,115,2.0,0.0,2.0,[40 42],87.0,132.0,80.0,202.0,102.0,152.0,71.0,111.0,71.0,146.0
41,116,2.0,0.0,2.0,[40 42],71.0,146.0,102.0,152.0,87.0,132.0,54.0,101.0,71.0,111.0
41,117,2.0,0.0,2.0,[40 42],71.0,111.0,87.0,132.0,71.0,146.0,101.0,109.0,54.0,101.0
41,118,2.0,0.0,2.0,[40 42],54.0,101.0,71.0,146.0,71.0,111.0,88.0,110.0,101.0,109.0
41,119,2.0,0.0,2.0,[40 42],101.0,109.0,71.0,111.0,54.0,101.0,118.0,104.0,88.0,110.0
41,120,2.0,0.0,2.0,[40 42],88.0,110.0,54.0,101.0,101.0,109.0,112.0,115.0,118.0,104.0
41,121,2.0,0.0,2.0,[40 42],118.0,104.0,101.0,109.0,88.0,110.0,70.0,112.0,112.0,115.0
41,122,2.0,0.0,2.0,[40 42],112.0,115.0,88.0,110.0,118.0,104.0,50.0,115.0,70.0,112.0
41,123,2.0,0.0,2.0,[40 42],70.0,112.0,118.0,104.0,112.0,115.0,42.0,123.0,50.0,115.0
41,124,2.0,0.0,2.0,[40 42],50.0,115.0,112.0,115.0,70.0,112.0,41.0,128.0,42.0,123.0
41,125,2.0,0.0,2.0,[40 42],42.0,123.0,70.0,112.0,50.0,115.0,46.0,111.0,41.0,128.0
41,126,2.0,0.0,2.0,[40 42],41.0,128.0,50.0,115.0,42.0,123.0,50.0,110.0,46.0,111.0
41,127,2.0,0.0,2.0,[40 42],46.0,111.0,42.0,123.0,41.0,128.0,49.0,92.0,50.0,110.0
41,128,2.0,0.0,2.0,[40 42],50.0,110.0,41.0,128.0,46.0,111.0,29.0,101.0,49.0,92.0
41,129,2.0,0.0,2.0,[40 42],49.0,92.0,46.0,111.0,50.0,110.0,33.0,104.0,29.0,101.0
41,130,2.0,0.0,2.0,[40 42],29.0,101.0,50.0,110.0,49.0,92.0,37.0,92.0,33.0,104.0
41,131,2.0,0.0,2.0,[40 42],33.0,104.0,49.0,92.0,29.0,101.0,46.0,64.0,37.0,92.0
41,132,2.0,0.0,2.0,[40 42],37.0,92.0,29.0,101.0,33.0,104.0,23.0,77.0,46.0,64.0
41,133,2.0,0.0,2.0,[40 42],46.0,64.0,33.0,104.0,37.0,92.0,22.0,37.0,23.0,77.0
41,134,2.0,0.0,2.0,[40 42],23.0,77.0,37.0,92.0,46.0,64.0,18.0,93.0,22.0,37.0
41,135,2.0,0.0,2.0,[40 42],22.0,37.0,46.0,64.0,23.0,77.0,13.0,48.0,18.0,93.0
41,136,2.0,0.0,2.0,[40 42],18.0,93.0,23.0,77.0,22.0,37.0,7.0,40.0,13.0,48.0
41,137,2.0,0.0,2.0,[40 42],13.0,48.0,22.0,37.0,18.0,93.0,11.0,30.0,7.0,40.0
41,138,2.0,0.0,2.0,[40 42],7.0,40.0,18.0,93.0,13.0,48.0,4.0,40.0,11.0,30.0
41,139,2.0,0.0,2.0,[40 42],11.0,30.0,13.0,48.0,7.0,40.0,2.0,20.0,4.0,40.0
41,140,2.0,0.0,2.0,[40 42],4.0,40.0,7.0,40.0,11.0,30.0,2.0,6.0,2.0,20.0
41,141,2.0,0.0,2.0,[40 42],2.0,20.0,11.0,30.0,4.0,40.0,0.0,2.0,2.0,6.0
41,142,2.0,0.0,2.0,[40 42],2.0,6.0,4.0,40.0,2.0,20.0,0.0,0.0,0.0,2.0
41,143,2.0,0.0,2.0,[40 42],0.0,2.0,2.0,20.0,2.0,6.0,0.0,0.0,0.0,0.0
42,0,2.0,0.0,2.0,[41 43],1.0,3.0,0.0,0.0,0.0,0.0,0.0,0.0,0.0,3.0
42,1,2.0,0.0,2.0,[41 43],0.0,3.0,0.0,0.0,1.0,3.0,0.0,0.0,0.0,0.0
42,2,2.0,0.0,2.0,[41 43],0.0,0.0,1.0,3.0,0.0,3.0,0.0,0.0,0.0,0.0
42,3,2.0,0.0,2.0,[41 43],0.0,0.0,0.0,3.0,0.0,0.0,0.0,0.0,0.0,0.0
42,4,2.0,0.0,2.0,[41 43],0.0,0.0,0.0,0.0,0.0,0.0,0.0,1.0,0.0,0.0
42,5,2.0,0.0,2.0,[41 43],0.0,0.0,0.0,0.0,0.0,0.0,0.0,0.0,0.0,1.0
42,6,2.0,0.0,2.0,[41 43],0.0,1.0,0.0,0.0,0.0,0.0,0.0,0.0,0.0,0.0
42,7,2.0,0.0,2.0,[41 43],0.0,0.0,0.0,0.0,0.0,1.0,0.0,0.0,0.0,0.0
42,8,2.0,0.0,2.0,[41 43],0.0,0.0,0.0,1.0,0.0,0.0,0.0,0.0,0.0,0.0
42,9,2.0,0.0,2.0,[41 43],0.0,0.0,0.0,0.0,0.0,0.0,0.0,0.0,0.0,0.0
42,10,2.0,0.0,2.0,[41 43],0.0,0.0,0.0,0.0,0.0,0.0,0.0,0.0,0.0,0.0
42,11,2.0,0.0,2.0,[41 43],0.0,0.0,0.0,0.0,0.0,0.0,0.0,0.0,0.0,0.0
42,12,2.0,0.0,2.0,[41 43],0.0,0.0,0.0,0.0,0.0,0.0,0.0,0.0,0.0,0.0
42,13,2.0,0.0,2.0,[41 43],0.0,0.0,0.0,0.0,0.0,0.0,0.0,0.0,0.0,0.0
42,14,2.0,0.0,2.0,[41 43],0.0,0.0,0.0,0.0,0.0,0.0,0.0,0.0,0.0,0.0
42,15,2.0,0.0,2.0,[41 43],0.0,0.0,0.0,0.0,0.0,0.0,0.0,0.0,0.0,0.0
42,16,2.0,0.0,2.0,[41 43],0.0,0.0,0.0,0.0,0.0,0.0,0.0,0.0,0.0,0.0
42,17,2.0,0.0,2.0,[41 43],0.0,0.0,0.0,0.0,0.0,0.0,0.0,0.0,0.0,0.0
42,18,2.0,0.0,2.0,[41 43],0.0,0.0,0.0,0.0,0.0,0.0,0.0,0.0,0.0,0.0
42,19,2.0,0.0,2.0,[41 43],0.0,0.0,0.0,0.0,0.0,0.0,0.0,0.0,0.0,0.0
42,20,2.0,0.0,2.0,[41 43],0.0,0.0,0.0,0.0,0.0,0.0,0.0,0.0,0.0,0.0
42,21,2.0,0.0,2.0,[41 43],0.0,0.0,0.0,0.0,0.0,0.0,0.0,0.0,0.0,0.0
42,22,2.0,0.0,2.0,[41 43],0.0,0.0,0.0,0.0,0.0,0.0,0.0,0.0,0.0,0.0
42,23,2.0,0.0,2.0,[41 43],0.0,0.0,0.0,0.0,0.0,0.0,0.0,0.0,0.0,0.0
42,24,2.0,0.0,2.0,[41 43],0.0,0.0,0.0,0.0,0.0,0.0,1.0,0.0,0.0,0.0
42,25,2.0,0.0,2.0,[41 43],0.0,0.0,0.0,0.0,0.0,0.0,2.0,0.0,1.0,0.0
42,26,2.0,0.0,2.0,[41 43],1.0,0.0,0.0,0.0,0.0,0.0,0.0,3.0,2.0,0.0
42,27,2.0,0.0,2.0,[41 43],2.0,0.0,0.0,0.0,1.0,0.0,0.0,0.0,0.0,3.0
42,28,2.0,0.0,2.0,[41 43],0.0,3.0,1.0,0.0,2.0,0.0,0.0,0.0,0.0,0.0
42,29,2.0,0.0,2.0,[41 43],0.0,0.0,2.0,0.0,0.0,3.0,0.0,0.0,0.0,0.0
42,30,2.0,0.0,2.0,[41 43],0.0,0.0,0.0,3.0,0.0,0.0,0.0,0.0,0.0,0.0
42,31,2.0,0.0,2.0,[41 43],0.0,0.0,0.0,0.0,0.0,0.0,1.0,0.0,0.0,0.0
42,32,2.0,0.0,2.0,[41 43],0.0,0.0,0.0,0.0,0.0,0.0,8.0,0.0,1.0,0.0
42,33,2.0,0.0,2.0,[41 43],1.0,0.0,0.0,0.0,0.0,0.0,14.0,0.0,8.0,0.0
42,34,2.0,0.0,2.0,[41 43],8.0,0.0,0.0,0.0,1.0,0.0,27.0,0.0,14.0,0.0
42,35,2.0,0.0,2.0,[41 43],14.0,0.0,1.0,0.0,8.0,0.0,34.0,3.0,27.0,0.0
42,36,2.0,0.0,2.0,[41 43],27.0,0.0,8.0,0.0,14.0,0.0,44.0,6.0,34.0,3.0
42,37,2.0,0.0,2.0,[41 43],34.0,3.0,14.0,0.0,27.0,0.0,57.0,2.0,44.0,6.0
42,38,2.0,0.0,2.0,[41 43],44.0,6.0,27.0,0.0,34.0,3.0,94.0,12.0,57.0,2.0
42,39,2.0,0.0,2.0,[41 43],57.0,2.0,34.0,3.0,44.0,6.0,114.0,23.0,94.0,12.0
42,40,2.0,0.0,2.0,[41 43],94.0,12.0,44.0,6.0,57.0,2.0,134.0,28.0,114.0,23.0
42,41,2.0,0.0,2.0,[41 43],114.0,23.0,57.0,2.0,94.0,12.0,191.0,73.0,134.0,28.0
42,42,2.0,0.0,2.0,[41 43],134.0,28.0,94.0,12.0,114.0,23.0,238.0,74.0,191.0,73.0
42,43,2.0,0.0,2.0,[41 43],191.0,73.0,114.0,23.0,134.0,28.0,338.0,100.0,238.0,74.0
42,44,2.0,0.0,2.0,[41 43],238.0,74.0,134.0,28.0,191.0,73.0,421.0,133.0,338.0,100.0
42,45,2.0,0.0,2.0,[41 43],338.0,100.0,191.0,73.0,238.0,74.0,523.0,96.0,421.0,133.0
42,46,2.0,0.0,2.0,[41 43],421.0,133.0,238.0,74.0,338.0,100.0,615.0,160.0,523.0,96.0
42,47,2.0,0.0,2.0,[41 43],523.0,96.0,338.0,100.0,421.0,133.0,619.0,269.0,615.0,160.0
42,48,2.0,0.0,2.0,[41 43],615.0,160.0,421.0,133.0,523.0,96.0,573.0,202.0,619.0,269.0
42,49,2.0,0.0,2.0,[41 43],619.0,269.0,523.0,96.0,615.0,160.0,514.0,199.0,573.0,202.0
42,50,2.0,0.0,2.0,[41 43],573.0,202.0,615.0,160.0,619.0,269.0,418.0,260.0,514.0,199.0
42,51,2.0,0.0,2.0,[41 43],514.0,199.0,619.0,269.0,573.0,202.0,328.0,235.0,418.0,260.0
42,52,2.0,0.0,2.0,[41 43],418.0,260.0,573.0,202.0,514.0,199.0,253.0,87.0,328.0,235.0
42,53,2.0,0.0,2.0,[41 43],328.0,235.0,514.0,199.0,418.0,260.0,225.0,114.0,253.0,87.0
42,54,2.0,0.0,2.0,[41 43],253.0,87.0,418.0,260.0,328.0,235.0,167.0,112.0,225.0,114.0
42,55,2.0,0.0,2.0,[41 43],225.0,114.0,328.0,235.0,253.0,87.0,169.0,84.0,167.0,112.0
42,56,2.0,0.0,2.0,[41 43],167.0,112.0,253.0,87.0,225.0,114.0,111.0,82.0,169.0,84.0
42,57,2.0,0.0,2.0,[41 43],169.0,84.0,225.0,114.0,167.0,112.0,122.0,72.0,111.0,82.0
42,58,2.0,0.0,2.0,[41 43],111.0,82.0,167.0,112.0,169.0,84.0,88.0,84.0,122.0,72.0
42,59,2.0,0.0,2.0,[41 43],122.0,72.0,169.0,84.0,111.0,82.0,109.0,88.0,88.0,84.0
42,60,2.0,0.0,2.0,[41 43],88.0,84.0,111.0,82.0,122.0,72.0,92.0,72.0,109.0,88.0
42,61,2.0,0.0,2.0,[41 43],109.0,88.0,122.0,72.0,88.0,84.0,105.0,85.0,92.0,72.0
42,62,2.0,0.0,2.0,[41 43],92.0,72.0,88.0,84.0,109.0,88.0,88.0,63.0,105.0,85.0
42,63,2.0,0.0,2.0,[41 43],105.0,85.0,109.0,88.0,92.0,72.0,99.0,45.0,88.0,63.0
42,64,2.0,0.0,2.0,[41 43],88.0,63.0,92.0,72.0,105.0,85.0,75.0,69.0,99.0,45.0
42,65,2.0,0.0,2.0,[41 43],99.0,45.0,105.0,85.0,88.0,63.0,85.0,96.0,75.0,69.0
42,66,2.0,0.0,2.0,[41 43],75.0,69.0,88.0,63.0,99.0,45.0,78.0,70.0,85.0,96.0
42,67,2.0,0.0,2.0,[41 43],85.0,96.0,99.0,45.0,75.0,69.0,119.0,60.0,78.0,70.0
42,68,2.0,0.0,2.0,[41 43],78.0,70.0,75.0,69.0,85.0,96.0,100.0,73.0,119.0,60.0
42,69,2.0,0.0,2.0,[41 43],119.0,60.0,85.0,96.0,78.0,70.0,79.0,58.0,100.0,73.0
42,70,2.0,0.0,2.0,[41 43],100.0,73.0,78.0,70.0,119.0,60.0,108.0,75.0,79.0,58.0
42,71,2.0,0.0,2.0,[41 43],79.0,58.0,119.0,60.0,100.0,73.0,96.0,63.0,108.0,75.0
42,72,2.0,0.0,2.0,[41 43],108.0,75.0,100.0,73.0,79.0,58.0,103.0,69.0,96.0,63.0
42,73,2.0,0.0,2.0,[41 43],96.0,63.0,79.0,58.0,108.0,75.0,109.0,71.0,103.0,69.0
42,74,2.0,0.0,2.0,[41 43],103.0,69.0,108.0,75.0,96.0,63.0,100.0,70.0,109.0,71.0
42,75,2.0,0.0,2.0,[41 43],109.0,71.0,96.0,63.0,103.0,69.0,101.0,52.0,100.0,70.0
42,76,2.0,0.0,2.0,[41 43],100.0,70.0,103.0,69.0,109.0,71.0,127.0,73.0,101.0,52.0
42,77,2.0,0.0,2.0,[41 43],101.0,52.0,109.0,71.0,100.0,70.0,107.0,55.0,127.0,73.0
42,78,2.0,0.0,2.0,[41 43],127.0,73.0,100.0,70.0,101.0,52.0,86.0,92.0,107.0,55.0
42,79,2.0,0.0,2.0,[41 43],107.0,55.0,101.0,52.0,127.0,73.0,83.0,67.0,86.0,92.0
42,80,2.0,0.0,2.0,[41 43],86.0,92.0,127.0,73.0,107.0,55.0,91.0,46.0,83.0,67.0
42,81,2.0,0.0,2.0,[41 43],83.0,67.0,107.0,55.0,86.0,92.0,82.0,75.0,91.0,46.0
42,82,2.0,0.0,2.0,[41 43],91.0,46.0,86.0,92.0,83.0,67.0,77.0,68.0,82.0,75.0
42,83,2.0,0.0,2.0,[41 43],82.0,75.0,83.0,67.0,91.0,46.0,91.0,78.0,77.0,68.0
42,84,2.0,0.0,2.0,[41 43],77.0,68.0,91.0,46.0,82.0,75.0,74.0,85.0,91.0,78.0
42,85,2.0,0.0,2.0,[41 43],91.0,78.0,82.0,75.0,77.0,68.0,74.0,105.0,74.0,85.0
42,86,2.0,0.0,2.0,[41 43],74.0,85.0,77.0,68.0,91.0,78.0,86.0,74.0,74.0,105.0
42,87,2.0,0.0,2.0,[41 43],74.0,105.0,91.0,78.0,74.0,85.0,64.0,86.0,86.0,74.0
42,88,2.0,0.0,2.0,[41 43],86.0,74.0,74.0,85.0,74.0,105.0,64.0,77.0,64.0,86.0
42,89,2.0,0.0,2.0,[41 43],64.0,86.0,74.0,105.0,86.0,74.0,93.0,93.0,64.0,77.0
42,90,2.0,0.0,2.0,[41 43],64.0,77.0,86.0,74.0,64.0,86.0,74.0,88.0,93.0,93.0
42,91,2.0,0.0,2.0,[41 43],93.0,93.0,64.0,86.0,64.0,77.0,74.0,80.0,74.0,88.0
42,92,2.0,0.0,2.0,[41 43],74.0,88.0,64.0,77.0,93.0,93.0,88.0,80.0,74.0,80.0
42,93,2.0,0.0,2.0,[41 43],74.0,80.0,93.0,93.0,74.0,88.0,73.0,88.0,88.0,80.0
42,94,2.0,0.0,2.0,[41 43],88.0,80.0,74.0,88.0,74.0,80.0,93.0,109.0,73.0,88.0
42,95,2.0,0.0,2.0,[41 43],73.0,88.0,74.0,80.0,88.0,80.0,89.0,115.0,93.0,109.0
42,96,2.0,0.0,2.0,[41 43],93.0,109.0,88.0,80.0,73.0,88.0,80.0,97.0,89.0,115.0
42,97,2.0,0.0,2.0,[41 43],89.0,115.0,73.0,88.0,93.0,109.0,107.0,114.0,80.0,97.0
42,98,2.0,0.0,2.0,[41 43],80.0,97.0,93.0,109.0,89.0,115.0,104.0,119.0,107.0,114.0
42,99,2.0,0.0,2.0,[41 43],107.0,114.0,89.0,115.0,80.0,97.0,116.0,139.0,104.0,119.0
42,100,2.0,0.0,2.0,[41 43],104.0,119.0,80.0,97.0,107.0,114.0,210.0,135.0,116.0,139.0
42,101,2.0,0.0,2.0,[41 43],116.0,139.0,107.0,114.0,104.0,119.0,223.0,164.0,210.0,135.0
42,102,2.0,0.0,2.0,[41 43],210.0,135.0,104.0,119.0,116.0,139.0,193.0,201.0,223.0,164.0
42,103,2.0,0.0,2.0,[41 43],223.0,164.0,116.0,139.0,210.0,135.0,209.0,245.0,193.0,201.0
42,104,2.0,0.0,2.0,[41 43],193.0,201.0,210.0,135.0,223.0,164.0,196.0,239.0,209.0,245.0
42,105,2.0,0.0,2.0,[41 43],209.0,245.0,223.0,164.0,193.0,201.0,150.0,324.0,196.0,239.0
42,106,2.0,0.0,2.0,[41 43],196.0,239.0,193.0,201.0,209.0,245.0,163.0,392.0,150.0,324.0
42,107,2.0,0.0,2.0,[41 43],150.0,324.0,209.0,245.0,196.0,239.0,202.0,332.0,163.0,392.0
42,108,2.0,0.0,2.0,[41 43],163.0,392.0,196.0,239.0,150.0,324.0,157.0,281.0,202.0,332.0
42,109,2.0,0.0,2.0,[41 43],202.0,332.0,150.0,324.0,163.0,392.0,165.0,312.0,157.0,281.0
42,110,2.0,0.0,2.0,[41 43],157.0,281.0,163.0,392.0,202.0,332.0,114.0,341.0,165.0,312.0
42,111,2.0,0.0,2.0,[41 43],165.0,312.0,202.0,332.0,157.0,281.0,102.0,232.0,114.0,341.0
42,112,2.0,0.0,2.0,[41 43],114.0,341.0,157.0,281.0,165.0,312.0,106.0,210.0,102.0,232.0
42,113,2.0,0.0,2.0,[41 43],102.0,232.0,165.0,312.0,114.0,341.0,84.0,224.0,106.0,210.0
42,114,2.0,0.0,2.0,[41 43],106.0,210.0,114.0,341.0,102.0,232.0,91.0,168.0,84.0,224.0
42,115,2.0,0.0,2.0,[41 43],84.0,224.0,102.0,232.0,106.0,210.0,70.0,222.0,91.0,168.0
42,116,2.0,0.0,2.0,[41 43],91.0,168.0,106.0,210.0,84.0,224.0,55.0,147.0,70.0,222.0
42,117,2.0,0.0,2.0,[41 43],70.0,222.0,84.0,224.0,91.0,168.0,67.0,187.0,55.0,147.0
42,118,2.0,0.0,2.0,[41 43],55.0,147.0,91.0,168.0,70.0,222.0,98.0,153.0,67.0,187.0
42,119,2.0,0.0,2.0,[41 43],67.0,187.0,70.0,222.0,55.0,147.0,68.0,155.0,98.0,153.0
42,120,2.0,0.0,2.0,[41 43],98.0,153.0,55.0,147.0,67.0,187.0,48.0,205.0,68.0,155.0
42,121,2.0,0.0,2.0,[41 43],68.0,155.0,67.0,187.0,98.0,153.0,64.0,151.0,48.0,205.0
42,122,2.0,0.0,2.0,[41 43],48.0,205.0,98.0,153.0,68.0,155.0,49.0,182.0,64.0,151.0
42,123,2.0,0.0,2.0,[41 43],64.0,151.0,68.0,155.0,48.0,205.0,68.0,175.0,49.0,182.0
42,124,2.0,0.0,2.0,[41 43],49.0,182.0,48.0,205.0,64.0,151.0,51.0,175.0,68.0,175.0
42,125,2.0,0.0,2.0,[41 43],68.0,175.0,64.0,151.0,49.0,182.0,50.0,189.0,51.0,175.0
42,126,2.0,0.0,2.0,[41 43],51.0,175.0,49.0,182.0,68.0,175.0,39.0,149.0,50.0,189.0
42,127,2.0,0.0,2.0,[41 43],50.0,189.0,68.0,175.0,51.0,175.0,51.0,182.0,39.0,149.0
42,128,2.0,0.0,2.0,[41 43],39.0,149.0,51.0,175.0,50.0,189.0,24.0,134.0,51.0,182.0
42,129,2.0,0.0,2.0,[41 43],51.0,182.0,50.0,189.0,39.0,149.0,26.0,137.0,24.0,134.0
42,130,2.0,0.0,2.0,[41 43],24.0,134.0,39.0,149.0,51.0,182.0,19.0,131.0,26.0,137.0
42,131,2.0,0.0,2.0,[41 43],26.0,137.0,51.0,182.0,24.0,134.0,18.0,101.0,19.0,131.0
42,132,2.0,0.0,2.0,[41 43],19.0,131.0,24.0,134.0,26.0,137.0,22.0,122.0,18.0,101.0
42,133,2.0,0.0,2.0,[41 43],18.0,101.0,26.0,137.0,19.0,131.0,9.0,105.0,22.0,122.0
42,134,2.0,0.0,2.0,[41 43],22.0,122.0,19.0,131.0,18.0,101.0,13.0,75.0,9.0,105.0
42,135,2.0,0.0,2.0,[41 43],9.0,105.0,18.0,101.0,22.0,122.0,9.0,90.0,13.0,75.0
42,136,2.0,0.0,2.0,[41 43],13.0,75.0,22.0,122.0,9.0,105.0,8.0,40.0,9.0,90.0
42,137,2.0,0.0,2.0,[41 43],9.0,90.0,9.0,105.0,13.0,75.0,4.0,37.0,8.0,40.0
42,138,2.0,0.0,2.0,[41 43],8.0,40.0,13.0,75.0,9.0,90.0,1.0,22.0,4.0,37.0
42,139,2.0,0.0,2.0,[41 43],4.0,37.0,9.0,90.0,8.0,40.0,2.0,38.0,1.0,22.0
42,140,2.0,0.0,2.0,[41 43],1.0,22.0,8.0,40.0,4.0,37.0,0.0,1.0,2.0,38.0
42,141,2.0,0.0,2.0,[41 43],2.0,38.0,4.0,37.0,1.0,22.0,0.0,2.0,0.0,1.0
42,142,2.0,0.0,2.0,[41 43],0.0,1.0,1.0,22.0,2.0,38.0,0.0,0.0,0.0,2.0
42,143,2.0,0.0,2.0,[41 43],0.0,2.0,2.0,38.0,0.0,1.0,0.0,0.0,0.0,0.0
43,0,2.0,0.0,2.0,[42 44],0.0,0.0,0.0,0.0,0.0,0.0,0.0,1.0,0.0,1.0
43,1,2.0,0.0,2.0,[42 44],0.0,1.0,0.0,0.0,0.0,0.0,0.0,0.0,0.0,1.0
43,2,2.0,0.0,2.0,[42 44],0.0,1.0,0.0,0.0,0.0,1.0,0.0,0.0,0.0,0.0
43,3,2.0,0.0,2.0,[42 44],0.0,0.0,0.0,1.0,0.0,1.0,0.0,0.0,0.0,0.0
43,4,2.0,0.0,2.0,[42 44],0.0,0.0,0.0,1.0,0.0,0.0,0.0,0.0,0.0,0.0
43,5,2.0,0.0,2.0,[42 44],0.0,0.0,0.0,0.0,0.0,0.0,0.0,0.0,0.0,0.0
43,6,2.0,0.0,2.0,[42 44],0.0,0.0,0.0,0.0,0.0,0.0,0.0,0.0,0.0,0.0
43,7,2.0,0.0,2.0,[42 44],0.0,0.0,0.0,0.0,0.0,0.0,0.0,0.0,0.0,0.0
43,8,2.0,0.0,2.0,[42 44],0.0,0.0,0.0,0.0,0.0,0.0,0.0,0.0,0.0,0.0
43,9,2.0,0.0,2.0,[42 44],0.0,0.0,0.0,0.0,0.0,0.0,0.0,0.0,0.0,0.0
43,10,2.0,0.0,2.0,[42 44],0.0,0.0,0.0,0.0,0.0,0.0,0.0,0.0,0.0,0.0
43,11,2.0,0.0,2.0,[42 44],0.0,0.0,0.0,0.0,0.0,0.0,0.0,0.0,0.0,0.0
43,12,2.0,0.0,2.0,[42 44],0.0,0.0,0.0,0.0,0.0,0.0,0.0,0.0,0.0,0.0
43,13,2.0,0.0,2.0,[42 44],0.0,0.0,0.0,0.0,0.0,0.0,0.0,0.0,0.0,0.0
43,14,2.0,0.0,2.0,[42 44],0.0,0.0,0.0,0.0,0.0,0.0,0.0,0.0,0.0,0.0
43,15,2.0,0.0,2.0,[42 44],0.0,0.0,0.0,0.0,0.0,0.0,0.0,0.0,0.0,0.0
43,16,2.0,0.0,2.0,[42 44],0.0,0.0,0.0,0.0,0.0,0.0,0.0,0.0,0.0,0.0
43,17,2.0,0.0,2.0,[42 44],0.0,0.0,0.0,0.0,0.0,0.0,0.0,0.0,0.0,0.0
43,18,2.0,0.0,2.0,[42 44],0.0,0.0,0.0,0.0,0.0,0.0,0.0,0.0,0.0,0.0
43,19,2.0,0.0,2.0,[42 44],0.0,0.0,0.0,0.0,0.0,0.0,0.0,0.0,0.0,0.0
43,20,2.0,0.0,2.0,[42 44],0.0,0.0,0.0,0.0,0.0,0.0,1.0,1.0,0.0,0.0
43,21,2.0,0.0,2.0,[42 44],0.0,0.0,0.0,0.0,0.0,0.0,0.0,0.0,1.0,1.0
43,22,2.0,0.0,2.0,[42 44],1.0,1.0,0.0,0.0,0.0,0.0,0.0,0.0,0.0,0.0
43,23,2.0,0.0,2.0,[42 44],0.0,0.0,0.0,0.0,1.0,1.0,0.0,0.0,0.0,0.0
43,24,2.0,0.0,2.0,[42 44],0.0,0.0,1.0,1.0,0.0,0.0,0.0,0.0,0.0,0.0
43,25,2.0,0.0,2.0,[42 44],0.0,0.0,0.0,0.0,0.0,0.0,2.0,0.0,0.0,0.0
43,26,2.0,0.0,2.0,[42 44],0.0,0.0,0.0,0.0,0.0,0.0,0.0,2.0,2.0,0.0
43,27,2.0,0.0,2.0,[42 44],2.0,0.0,0.0,0.0,0.0,0.0,0.0,0.0,0.0,2.0
43,28,2.0,0.0,2.0,[42 44],0.0,2.0,0.0,0.0,2.0,0.0,0.0,0.0,0.0,0.0
43,29,2.0,0.0,2.0,[42 44],0.0,0.0,2.0,0.0,0.0,2.0,0.0,0.0,0.0,0.0
43,30,2.0,0.0,2.0,[42 44],0.0,0.0,0.0,2.0,0.0,0.0,0.0,0.0,0.0,0.0
43,31,2.0,0.0,2.0,[42 44],0.0,0.0,0.0,0.0,0.0,0.0,0.0,0.0,0.0,0.0
43,32,2.0,0.0,2.0,[42 44],0.0,0.0,0.0,0.0,0.0,0.0,4.0,1.0,0.0,0.0
43,33,2.0,0.0,2.0,[42 44],0.0,0.0,0.0,0.0,0.0,0.0,11.0,0.0,4.0,1.0
43,34,2.0,0.0,2.0,[42 44],4.0,1.0,0.0,0.0,0.0,0.0,9.0,2.0,11.0,0.0
43,35,2.0,0.0,2.0,[42 44],11.0,0.0,0.0,0.0,4.0,1.0,26.0,4.0,9.0,2.0
43,36,2.0,0.0,2.0,[42 44],9.0,2.0,4.0,1.0,11.0,0.0,42.0,10.0,26.0,4.0
43,37,2.0,0.0,2.0,[42 44],26.0,4.0,11.0,0.0,9.0,2.0,40.0,8.0,42.0,10.0
43,38,2.0,0.0,2.0,[42 44],42.0,10.0,9.0,2.0,26.0,4.0,64.0,7.0,40.0,8.0
43,39,2.0,0.0,2.0,[42 44],40.0,8.0,26.0,4.0,42.0,10.0,77.0,13.0,64.0,7.0
43,40,2.0,0.0,2.0,[42 44],64.0,7.0,42.0,10.0,40.0,8.0,122.0,7.0,77.0,13.0
43,41,2.0,0.0,2.0,[42 44],77.0,13.0,40.0,8.0,64.0,7.0,184.0,37.0,122.0,7.0
43,42,2.0,0.0,2.0,[42 44],122.0,7.0,64.0,7.0,77.0,13.0,244.0,19.0,184.0,37.0
43,43,2.0,0.0,2.0,[42 44],184.0,37.0,77.0,13.0,122.0,7.0,326.0,25.0,244.0,19.0
43,44,2.0,0.0,2.0,[42 44],244.0,19.0,122.0,7.0,184.0,37.0,411.0,66.0,326.0,25.0
43,45,2.0,0.0,2.0,[42 44],326.0,25.0,184.0,37.0,244.0,19.0,579.0,86.0,411.0,66.0
43,46,2.0,0.0,2.0,[42 44],411.0,66.0,244.0,19.0,326.0,25.0,643.0,79.0,579.0,86.0
43,47,2.0,0.0,2.0,[42 44],579.0,86.0,326.0,25.0,411.0,66.0,690.0,116.0,643.0,79.0
43,48,2.0,0.0,2.0,[42 44],643.0,79.0,411.0,66.0,579.0,86.0,653.0,89.0,690.0,116.0
43,49,2.0,0.0,2.0,[42 44],690.0,116.0,579.0,86.0,643.0,79.0,627.0,137.0,653.0,89.0
43,50,2.0,0.0,2.0,[42 44],653.0,89.0,643.0,79.0,690.0,116.0,432.0,135.0,627.0,137.0
43,51,2.0,0.0,2.0,[42 44],627.0,137.0,690.0,116.0,653.0,89.0,323.0,111.0,432.0,135.0
43,52,2.0,0.0,2.0,[42 44],432.0,135.0,653.0,89.0,627.0,137.0,261.0,67.0,323.0,111.0
43,53,2.0,0.0,2.0,[42 44],323.0,111.0,627.0,137.0,432.0,135.0,183.0,48.0,261.0,67.0
43,54,2.0,0.0,2.0,[42 44],261.0,67.0,432.0,135.0,323.0,111.0,149.0,55.0,183.0,48.0
43,55,2.0,0.0,2.0,[42 44],183.0,48.0,323.0,111.0,261.0,67.0,149.0,55.0,149.0,55.0
43,56,2.0,0.0,2.0,[42 44],149.0,55.0,261.0,67.0,183.0,48.0,121.0,51.0,149.0,55.0
43,57,2.0,0.0,2.0,[42 44],149.0,55.0,183.0,48.0,149.0,55.0,95.0,29.0,121.0,51.0
43,58,2.0,0.0,2.0,[42 44],121.0,51.0,149.0,55.0,149.0,55.0,100.0,48.0,95.0,29.0
43,59,2.0,0.0,2.0,[42 44],95.0,29.0,149.0,55.0,121.0,51.0,75.0,57.0,100.0,48.0
43,60,2.0,0.0,2.0,[42 44],100.0,48.0,121.0,51.0,95.0,29.0,55.0,39.0,75.0,57.0
43,61,2.0,0.0,2.0,[42 44],75.0,57.0,95.0,29.0,100.0,48.0,75.0,36.0,55.0,39.0
43,62,2.0,0.0,2.0,[42 44],55.0,39.0,100.0,48.0,75.0,57.0,65.0,31.0,75.0,36.0
43,63,2.0,0.0,2.0,[42 44],75.0,36.0,75.0,57.0,55.0,39.0,48.0,37.0,65.0,31.0
43,64,2.0,0.0,2.0,[42 44],65.0,31.0,55.0,39.0,75.0,36.0,64.0,37.0,48.0,37.0
43,65,2.0,0.0,2.0,[42 44],48.0,37.0,75.0,36.0,65.0,31.0,82.0,38.0,64.0,37.0
43,66,2.0,0.0,2.0,[42 44],64.0,37.0,65.0,31.0,48.0,37.0,70.0,34.0,82.0,38.0
43,67,2.0,0.0,2.0,[42 44],82.0,38.0,48.0,37.0,64.0,37.0,53.0,43.0,70.0,34.0
43,68,2.0,0.0,2.0,[42 44],70.0,34.0,64.0,37.0,82.0,38.0,52.0,47.0,53.0,43.0
43,69,2.0,0.0,2.0,[42 44],53.0,43.0,82.0,38.0,70.0,34.0,69.0,47.0,52.0,47.0
43,70,2.0,0.0,2.0,[42 44],52.0,47.0,70.0,34.0,53.0,43.0,72.0,45.0,69.0,47.0
43,71,2.0,0.0,2.0,[42 44],69.0,47.0,53.0,43.0,52.0,47.0,64.0,44.0,72.0,45.0
43,72,2.0,0.0,2.0,[42 44],72.0,45.0,52.0,47.0,69.0,47.0,83.0,38.0,64.0,44.0
43,73,2.0,0.0,2.0,[42 44],64.0,44.0,69.0,47.0,72.0,45.0,100.0,67.0,83.0,38.0
43,74,2.0,0.0,2.0,[42 44],83.0,38.0,72.0,45.0,64.0,44.0,72.0,38.0,100.0,67.0
43,75,2.0,0.0,2.0,[42 44],100.0,67.0,64.0,44.0,83.0,38.0,74.0,45.0,72.0,38.0
43,76,2.0,0.0,2.0,[42 44],72.0,38.0,83.0,38.0,100.0,67.0,83.0,37.0,74.0,45.0
43,77,2.0,0.0,2.0,[42 44],74.0,45.0,100.0,67.0,72.0,38.0,75.0,38.0,83.0,37.0
43,78,2.0,0.0,2.0,[42 44],83.0,37.0,72.0,38.0,74.0,45.0,64.0,31.0,75.0,38.0
43,79,2.0,0.0,2.0,[42 44],75.0,38.0,74.0,45.0,83.0,37.0,72.0,45.0,64.0,31.0
43,80,2.0,0.0,2.0,[42 44],64.0,31.0,83.0,37.0,75.0,38.0,66.0,38.0,72.0,45.0
43,81,2.0,0.0,2.0,[42 44],72.0,45.0,75.0,38.0,64.0,31.0,48.0,42.0,66.0,38.0
43,82,2.0,0.0,2.0,[42 44],66.0,38.0,64.0,31.0,72.0,45.0,51.0,51.0,48.0,42.0
43,83,2.0,0.0,2.0,[42 44],48.0,42.0,72.0,45.0,66.0,38.0,76.0,50.0,51.0,51.0
43,84,2.0,0.0,2.0,[42 44],51.0,51.0,66.0,38.0,48.0,42.0,47.0,49.0,76.0,50.0
43,85,2.0,0.0,2.0,[42 44],76.0,50.0,48.0,42.0,51.0,51.0,50.0,43.0,47.0,49.0
43,86,2.0,0.0,2.0,[42 44],47.0,49.0,51.0,51.0,76.0,50.0,40.0,61.0,50.0,43.0
43,87,2.0,0.0,2.0,[42 44],50.0,43.0,76.0,50.0,47.0,49.0,41.0,52.0,40.0,61.0
43,88,2.0,0.0,2.0,[42 44],40.0,61.0,47.0,49.0,50.0,43.0,68.0,38.0,41.0,52.0
43,89,2.0,0.0,2.0,[42 44],41.0,52.0,50.0,43.0,40.0,61.0,52.0,64.0,68.0,38.0
43,90,2.0,0.0,2.0,[42 44],68.0,38.0,40.0,61.0,41.0,52.0,54.0,61.0,52.0,64.0
43,91,2.0,0.0,2.0,[42 44],52.0,64.0,41.0,52.0,68.0,38.0,46.0,54.0,54.0,61.0
43,92,2.0,0.0,2.0,[42 44],54.0,61.0,68.0,38.0,52.0,64.0,41.0,72.0,46.0,54.0
43,93,2.0,0.0,2.0,[42 44],46.0,54.0,52.0,64.0,54.0,61.0,59.0,59.0,41.0,72.0
43,94,2.0,0.0,2.0,[42 44],41.0,72.0,54.0,61.0,46.0,54.0,56.0,55.0,59.0,59.0
43,95,2.0,0.0,2.0,[42 44],59.0,59.0,46.0,54.0,41.0,72.0,43.0,66.0,56.0,55.0
43,96,2.0,0.0,2.0,[42 44],56.0,55.0,41.0,72.0,59.0,59.0,49.0,98.0,43.0,66.0
43,97,2.0,0.0,2.0,[42 44],43.0,66.0,59.0,59.0,56.0,55.0,56.0,78.0,49.0,98.0
43,98,2.0,0.0,2.0,[42 44],49.0,98.0,56.0,55.0,43.0,66.0,70.0,86.0,56.0,78.0
43,99,2.0,0.0,2.0,[42 44],56.0,78.0,43.0,66.0,49.0,98.0,66.0,93.0,70.0,86.0
43,100,2.0,0.0,2.0,[42 44],70.0,86.0,49.0,98.0,56.0,78.0,76.0,80.0,66.0,93.0
43,101,2.0,0.0,2.0,[42 44],66.0,93.0,56.0,78.0,70.0,86.0,98.0,134.0,76.0,80.0
43,102,2.0,0.0,2.0,[42 44],76.0,80.0,70.0,86.0,66.0,93.0,102.0,225.0,98.0,134.0
43,103,2.0,0.0,2.0,[42 44],98.0,134.0,66.0,93.0,76.0,80.0,95.0,206.0,102.0,225.0
43,104,2.0,0.0,2.0,[42 44],102.0,225.0,76.0,80.0,98.0,134.0,129.0,190.0,95.0,206.0
43,105,2.0,0.0,2.0,[42 44],95.0,206.0,98.0,134.0,102.0,225.0,129.0,316.0,129.0,190.0
43,106,2.0,0.0,2.0,[42 44],129.0,190.0,102.0,225.0,95.0,206.0,105.0,220.0,129.0,316.0
43,107,2.0,0.0,2.0,[42 44],129.0,316.0,95.0,206.0,129.0,190.0,107.0,387.0,105.0,220.0
43,108,2.0,0.0,2.0,[42 44],105.0,220.0,129.0,190.0,129.0,316.0,107.0,288.0,107.0,387.0
43,109,2.0,0.0,2.0,[42 44],107.0,387.0,129.0,316.0,105.0,220.0,106.0,355.0,107.0,288.0
43,110,2.0,0.0,2.0,[42 44],107.0,288.0,105.0,220.0,107.0,387.0,97.0,284.0,106.0,355.0
43,111,2.0,0.0,2.0,[42 44],106.0,355.0,107.0,387.0,107.0,288.0,71.0,288.0,97.0,284.0
43,112,2.0,0.0,2.0,[42 44],97.0,284.0,107.0,288.0,106.0,355.0,71.0,221.0,71.0,288.0
43,113,2.0,0.0,2.0,[42 44],71.0,288.0,106.0,355.0,97.0,284.0,76.0,190.0,71.0,221.0
43,114,2.0,0.0,2.0,[42 44],71.0,221.0,97.0,284.0,71.0,288.0,39.0,229.0,76.0,190.0
43,115,2.0,0.0,2.0,[42 44],76.0,190.0,71.0,288.0,71.0,221.0,44.0,173.0,39.0,229.0
43,116,2.0,0.0,2.0,[42 44],39.0,229.0,71.0,221.0,76.0,190.0,52.0,147.0,44.0,173.0
43,117,2.0,0.0,2.0,[42 44],44.0,173.0,76.0,190.0,39.0,229.0,29.0,233.0,52.0,147.0
43,118,2.0,0.0,2.0,[42 44],52.0,147.0,39.0,229.0,44.0,173.0,51.0,195.0,29.0,233.0
43,119,2.0,0.0,2.0,[42 44],29.0,233.0,44.0,173.0,52.0,147.0,41.0,183.0,51.0,195.0
43,120,2.0,0.0,2.0,[42 44],51.0,195.0,52.0,147.0,29.0,233.0,28.0,166.0,41.0,183.0
43,121,2.0,0.0,2.0,[42 44],41.0,183.0,29.0,233.0,51.0,195.0,33.0,196.0,28.0,166.0
43,122,2.0,0.0,2.0,[42 44],28.0,166.0,51.0,195.0,41.0,183.0,25.0,159.0,33.0,196.0
43,123,2.0,0.0,2.0,[42 44],33.0,196.0,41.0,183.0,28.0,166.0,46.0,177.0,25.0,159.0
43,124,2.0,0.0,2.0,[42 44],25.0,159.0,28.0,166.0,33.0,196.0,24.0,182.0,46.0,177.0
43,125,2.0,0.0,2.0,[42 44],46.0,177.0,33.0,196.0,25.0,159.0,34.0,220.0,24.0,182.0
43,126,2.0,0.0,2.0,[42 44],24.0,182.0,25.0,159.0,46.0,177.0,18.0,173.0,34.0,220.0
43,127,2.0,0.0,2.0,[42 44],34.0,220.0,46.0,177.0,24.0,182.0,23.0,183.0,18.0,173.0
43,128,2.0,0.0,2.0,[42 44],18.0,173.0,24.0,182.0,34.0,220.0,21.0,165.0,23.0,183.0
43,129,2.0,0.0,2.0,[42 44],23.0,183.0,34.0,220.0,18.0,173.0,17.0,144.0,21.0,165.0
43,130,2.0,0.0,2.0,[42 44],21.0,165.0,18.0,173.0,23.0,183.0,15.0,181.0,17.0,144.0
43,131,2.0,0.0,2.0,[42 44],17.0,144.0,23.0,183.0,21.0,165.0,17.0,126.0,15.0,181.0
43,132,2.0,0.0,2.0,[42 44],15.0,181.0,21.0,165.0,17.0,144.0,11.0,79.0,17.0,126.0
43,133,2.0,0.0,2.0,[42 44],17.0,126.0,17.0,144.0,15.0,181.0,12.0,107.0,11.0,79.0
43,134,2.0,0.0,2.0,[42 44],11.0,79.0,15.0,181.0,17.0,126.0,14.0,136.0,12.0,107.0
43,135,2.0,0.0,2.0,[42 44],12.0,107.0,17.0,126.0,11.0,79.0,7.0,63.0,14.0,136.0
43,136,2.0,0.0,2.0,[42 44],14.0,136.0,11.0,79.0,12.0,107.0,7.0,50.0,7.0,63.0
43,137,2.0,0.0,2.0,[42 44],7.0,63.0,12.0,107.0,14.0,136.0,17.0,65.0,7.0,50.0
43,138,2.0,0.0,2.0,[42 44],7.0,50.0,14.0,136.0,7.0,63.0,6.0,31.0,17.0,65.0
43,139,2.0,0.0,2.0,[42 44],17.0,65.0,7.0,63.0,7.0,50.0,4.0,11.0,6.0,31.0
43,140,2.0,0.0,2.0,[42 44],6.0,31.0,7.0,50.0,17.0,65.0,0.0,10.0,4.0,11.0
43,141,2.0,0.0,2.0,[42 44],4.0,11.0,17.0,65.0,6.0,31.0,1.0,1.0,0.0,10.0
43,142,2.0,0.0,2.0,[42 44],0.0,10.0,6.0,31.0,4.0,11.0,0.0,0.0,1.0,1.0
43,143,2.0,0.0,2.0,[42 44],1.0,1.0,4.0,11.0,0.0,10.0,0.0,0.0,0.0,0.0
44,0,2.0,0.0,2.0,[43 45],0.0,1.0,0.0,0.0,0.0,0.0,0.0,0.0,0.0,0.0
44,1,2.0,0.0,2.0,[43 45],0.0,0.0,0.0,0.0,0.0,1.0,0.0,0.0,0.0,0.0
44,2,2.0,0.0,2.0,[43 45],0.0,0.0,0.0,1.0,0.0,0.0,0.0,0.0,0.0,0.0
44,3,2.0,0.0,2.0,[43 45],0.0,0.0,0.0,0.0,0.0,0.0,0.0,0.0,0.0,0.0
44,4,2.0,0.0,2.0,[43 45],0.0,0.0,0.0,0.0,0.0,0.0,0.0,0.0,0.0,0.0
44,5,2.0,0.0,2.0,[43 45],0.0,0.0,0.0,0.0,0.0,0.0,0.0,0.0,0.0,0.0
44,6,2.0,0.0,2.0,[43 45],0.0,0.0,0.0,0.0,0.0,0.0,0.0,0.0,0.0,0.0
44,7,2.0,0.0,2.0,[43 45],0.0,0.0,0.0,0.0,0.0,0.0,0.0,0.0,0.0,0.0
44,8,2.0,0.0,2.0,[43 45],0.0,0.0,0.0,0.0,0.0,0.0,0.0,0.0,0.0,0.0
44,9,2.0,0.0,2.0,[43 45],0.0,0.0,0.0,0.0,0.0,0.0,0.0,0.0,0.0,0.0
44,10,2.0,0.0,2.0,[43 45],0.0,0.0,0.0,0.0,0.0,0.0,0.0,0.0,0.0,0.0
44,11,2.0,0.0,2.0,[43 45],0.0,0.0,0.0,0.0,0.0,0.0,0.0,0.0,0.0,0.0
44,12,2.0,0.0,2.0,[43 45],0.0,0.0,0.0,0.0,0.0,0.0,0.0,1.0,0.0,0.0
44,13,2.0,0.0,2.0,[43 45],0.0,0.0,0.0,0.0,0.0,0.0,0.0,0.0,0.0,1.0
44,14,2.0,0.0,2.0,[43 45],0.0,1.0,0.0,0.0,0.0,0.0,0.0,0.0,0.0,0.0
44,15,2.0,0.0,2.0,[43 45],0.0,0.0,0.0,0.0,0.0,1.0,0.0,0.0,0.0,0.0
44,16,2.0,0.0,2.0,[43 45],0.0,0.0,0.0,1.0,0.0,0.0,0.0,0.0,0.0,0.0
44,17,2.0,0.0,2.0,[43 45],0.0,0.0,0.0,0.0,0.0,0.0,0.0,0.0,0.0,0.0
44,18,2.0,0.0,2.0,[43 45],0.0,0.0,0.0,0.0,0.0,0.0,0.0,0.0,0.0,0.0
44,19,2.0,0.0,2.0,[43 45],0.0,0.0,0.0,0.0,0.0,0.0,0.0,0.0,0.0,0.0
44,20,2.0,0.0,2.0,[43 45],0.0,0.0,0.0,0.0,0.0,0.0,0.0,0.0,0.0,0.0
44,21,2.0,0.0,2.0,[43 45],0.0,0.0,0.0,0.0,0.0,0.0,0.0,0.0,0.0,0.0
44,22,2.0,0.0,2.0,[43 45],0.0,0.0,0.0,0.0,0.0,0.0,0.0,0.0,0.0,0.0
44,23,2.0,0.0,2.0,[43 45],0.0,0.0,0.0,0.0,0.0,0.0,0.0,0.0,0.0,0.0
44,24,2.0,0.0,2.0,[43 45],0.0,0.0,0.0,0.0,0.0,0.0,0.0,0.0,0.0,0.0
44,25,2.0,0.0,2.0,[43 45],0.0,0.0,0.0,0.0,0.0,0.0,2.0,0.0,0.0,0.0
44,26,2.0,0.0,2.0,[43 45],0.0,0.0,0.0,0.0,0.0,0.0,0.0,2.0,2.0,0.0
44,27,2.0,0.0,2.0,[43 45],2.0,0.0,0.0,0.0,0.0,0.0,0.0,0.0,0.0,2.0
44,28,2.0,0.0,2.0,[43 45],0.0,2.0,0.0,0.0,2.0,0.0,0.0,0.0,0.0,0.0
44,29,2.0,0.0,2.0,[43 45],0.0,0.0,2.0,0.0,0.0,2.0,0.0,0.0,0.0,0.0
44,30,2.0,0.0,2.0,[43 45],0.0,0.0,0.0,2.0,0.0,0.0,0.0,0.0,0.0,0.0
44,31,2.0,0.0,2.0,[43 45],0.0,0.0,0.0,0.0,0.0,0.0,0.0,0.0,0.0,0.0
44,32,2.0,0.0,2.0,[43 45],0.0,0.0,0.0,0.0,0.0,0.0,1.0,0.0,0.0,0.0
44,33,2.0,0.0,2.0,[43 45],0.0,0.0,0.0,0.0,0.0,0.0,20.0,2.0,1.0,0.0
44,34,2.0,0.0,2.0,[43 45],1.0,0.0,0.0,0.0,0.0,0.0,11.0,1.0,20.0,2.0
44,35,2.0,0.0,2.0,[43 45],20.0,2.0,0.0,0.0,1.0,0.0,7.0,15.0,11.0,1.0
44,36,2.0,0.0,2.0,[43 45],11.0,1.0,1.0,0.0,20.0,2.0,15.0,3.0,7.0,15.0
44,37,2.0,0.0,2.0,[43 45],7.0,15.0,20.0,2.0,11.0,1.0,24.0,6.0,15.0,3.0
44,38,2.0,0.0,2.0,[43 45],15.0,3.0,11.0,1.0,7.0,15.0,27.0,8.0,24.0,6.0
44,39,2.0,0.0,2.0,[43 45],24.0,6.0,7.0,15.0,15.0,3.0,31.0,7.0,27.0,8.0
44,40,2.0,0.0,2.0,[43 45],27.0,8.0,15.0,3.0,24.0,6.0,39.0,26.0,31.0,7.0
44,41,2.0,0.0,2.0,[43 45],31.0,7.0,24.0,6.0,27.0,8.0,41.0,13.0,39.0,26.0
44,42,2.0,0.0,2.0,[43 45],39.0,26.0,27.0,8.0,31.0,7.0,79.0,29.0,41.0,13.0
44,43,2.0,0.0,2.0,[43 45],41.0,13.0,31.0,7.0,39.0,26.0,96.0,72.0,79.0,29.0
44,44,2.0,0.0,2.0,[43 45],79.0,29.0,39.0,26.0,41.0,13.0,141.0,99.0,96.0,72.0
44,45,2.0,0.0,2.0,[43 45],96.0,72.0,41.0,13.0,79.0,29.0,212.0,177.0,141.0,99.0
44,46,2.0,0.0,2.0,[43 45],141.0,99.0,79.0,29.0,96.0,72.0,189.0,307.0,212.0,177.0
44,47,2.0,0.0,2.0,[43 45],212.0,177.0,96.0,72.0,141.0,99.0,209.0,595.0,189.0,307.0
44,48,2.0,0.0,2.0,[43 45],189.0,307.0,141.0,99.0,212.0,177.0,202.0,607.0,209.0,595.0
44,49,2.0,0.0,2.0,[43 45],209.0,595.0,212.0,177.0,189.0,307.0,201.0,652.0,202.0,607.0
44,50,2.0,0.0,2.0,[43 45],202.0,607.0,189.0,307.0,209.0,595.0,145.0,1004.0,201.0,652.0
44,51,2.0,0.0,2.0,[43 45],201.0,652.0,209.0,595.0,202.0,607.0,119.0,737.0,145.0,1004.0
44,52,2.0,0.0,2.0,[43 45],145.0,1004.0,202.0,607.0,201.0,652.0,107.0,356.0,119.0,737.0
44,53,2.0,0.0,2.0,[43 45],119.0,737.0,201.0,652.0,145.0,1004.0,103.0,234.0,107.0,356.0
44,54,2.0,0.0,2.0,[43 45],107.0,356.0,145.0,1004.0,119.0,737.0,81.0,300.0,103.0,234.0
44,55,2.0,0.0,2.0,[43 45],103.0,234.0,119.0,737.0,107.0,356.0,71.0,140.0,81.0,300.0
44,56,2.0,0.0,2.0,[43 45],81.0,300.0,107.0,356.0,103.0,234.0,61.0,99.0,71.0,140.0
44,57,2.0,0.0,2.0,[43 45],71.0,140.0,103.0,234.0,81.0,300.0,62.0,131.0,61.0,99.0
44,58,2.0,0.0,2.0,[43 45],61.0,99.0,81.0,300.0,71.0,140.0,58.0,110.0,62.0,131.0
44,59,2.0,0.0,2.0,[43 45],62.0,131.0,71.0,140.0,61.0,99.0,56.0,62.0,58.0,110.0
44,60,2.0,0.0,2.0,[43 45],58.0,110.0,61.0,99.0,62.0,131.0,60.0,53.0,56.0,62.0
44,61,2.0,0.0,2.0,[43 45],56.0,62.0,62.0,131.0,58.0,110.0,52.0,59.0,60.0,53.0
44,62,2.0,0.0,2.0,[43 45],60.0,53.0,58.0,110.0,56.0,62.0,37.0,51.0,52.0,59.0
44,63,2.0,0.0,2.0,[43 45],52.0,59.0,56.0,62.0,60.0,53.0,59.0,50.0,37.0,51.0
44,64,2.0,0.0,2.0,[43 45],37.0,51.0,60.0,53.0,52.0,59.0,43.0,68.0,59.0,50.0
44,65,2.0,0.0,2.0,[43 45],59.0,50.0,52.0,59.0,37.0,51.0,53.0,52.0,43.0,68.0
44,66,2.0,0.0,2.0,[43 45],43.0,68.0,37.0,51.0,59.0,50.0,49.0,43.0,53.0,52.0
44,67,2.0,0.0,2.0,[43 45],53.0,52.0,59.0,50.0,43.0,68.0,85.0,49.0,49.0,43.0
44,68,2.0,0.0,2.0,[43 45],49.0,43.0,43.0,68.0,53.0,52.0,49.0,61.0,85.0,49.0
44,69,2.0,0.0,2.0,[43 45],85.0,49.0,53.0,52.0,49.0,43.0,61.0,47.0,49.0,61.0
44,70,2.0,0.0,2.0,[43 45],49.0,61.0,49.0,43.0,85.0,49.0,61.0,56.0,61.0,47.0
44,71,2.0,0.0,2.0,[43 45],61.0,47.0,85.0,49.0,49.0,61.0,70.0,56.0,61.0,56.0
44,72,2.0,0.0,2.0,[43 45],61.0,56.0,49.0,61.0,61.0,47.0,58.0,56.0,70.0,56.0
44,73,2.0,0.0,2.0,[43 45],70.0,56.0,61.0,47.0,61.0,56.0,50.0,56.0,58.0,56.0
44,74,2.0,0.0,2.0,[43 45],58.0,56.0,61.0,56.0,70.0,56.0,58.0,61.0,50.0,56.0
44,75,2.0,0.0,2.0,[43 45],50.0,56.0,70.0,56.0,58.0,56.0,46.0,45.0,58.0,61.0
44,76,2.0,0.0,2.0,[43 45],58.0,61.0,58.0,56.0,50.0,56.0,63.0,57.0,46.0,45.0
44,77,2.0,0.0,2.0,[43 45],46.0,45.0,50.0,56.0,58.0,61.0,80.0,49.0,63.0,57.0
44,78,2.0,0.0,2.0,[43 45],63.0,57.0,58.0,61.0,46.0,45.0,76.0,74.0,80.0,49.0
44,79,2.0,0.0,2.0,[43 45],80.0,49.0,46.0,45.0,63.0,57.0,66.0,60.0,76.0,74.0
44,80,2.0,0.0,2.0,[43 45],76.0,74.0,63.0,57.0,80.0,49.0,89.0,77.0,66.0,60.0
44,81,2.0,0.0,2.0,[43 45],66.0,60.0,80.0,49.0,76.0,74.0,65.0,64.0,89.0,77.0
44,82,2.0,0.0,2.0,[43 45],89.0,77.0,76.0,74.0,66.0,60.0,64.0,61.0,65.0,64.0
44,83,2.0,0.0,2.0,[43 45],65.0,64.0,66.0,60.0,89.0,77.0,76.0,62.0,64.0,61.0
44,84,2.0,0.0,2.0,[43 45],64.0,61.0,89.0,77.0,65.0,64.0,60.0,61.0,76.0,62.0
44,85,2.0,0.0,2.0,[43 45],76.0,62.0,65.0,64.0,64.0,61.0,64.0,36.0,60.0,61.0
44,86,2.0,0.0,2.0,[43 45],60.0,61.0,64.0,61.0,76.0,62.0,58.0,51.0,64.0,36.0
44,87,2.0,0.0,2.0,[43 45],64.0,36.0,76.0,62.0,60.0,61.0,39.0,49.0,58.0,51.0
44,88,2.0,0.0,2.0,[43 45],58.0,51.0,60.0,61.0,64.0,36.0,63.0,49.0,39.0,49.0
44,89,2.0,0.0,2.0,[43 45],39.0,49.0,64.0,36.0,58.0,51.0,76.0,36.0,63.0,49.0
44,90,2.0,0.0,2.0,[43 45],63.0,49.0,58.0,51.0,39.0,49.0,54.0,55.0,76.0,36.0
44,91,2.0,0.0,2.0,[43 45],76.0,36.0,39.0,49.0,63.0,49.0,54.0,55.0,54.0,55.0
44,92,2.0,0.0,2.0,[43 45],54.0,55.0,63.0,49.0,76.0,36.0,75.0,41.0,54.0,55.0
44,93,2.0,0.0,2.0,[43 45],54.0,55.0,76.0,36.0,54.0,55.0,52.0,53.0,75.0,41.0
44,94,2.0,0.0,2.0,[43 45],75.0,41.0,54.0,55.0,54.0,55.0,51.0,55.0,52.0,53.0
44,95,2.0,0.0,2.0,[43 45],52.0,53.0,54.0,55.0,75.0,41.0,90.0,98.0,51.0,55.0
44,96,2.0,0.0,2.0,[43 45],51.0,55.0,75.0,41.0,52.0,53.0,75.0,68.0,90.0,98.0
44,97,2.0,0.0,2.0,[43 45],90.0,98.0,52.0,53.0,51.0,55.0,97.0,57.0,75.0,68.0
44,98,2.0,0.0,2.0,[43 45],75.0,68.0,51.0,55.0,90.0,98.0,98.0,65.0,97.0,57.0
44,99,2.0,0.0,2.0,[43 45],97.0,57.0,90.0,98.0,75.0,68.0,80.0,73.0,98.0,65.0
44,100,2.0,0.0,2.0,[43 45],98.0,65.0,75.0,68.0,97.0,57.0,210.0,79.0,80.0,73.0
44,101,2.0,0.0,2.0,[43 45],80.0,73.0,97.0,57.0,98.0,65.0,293.0,85.0,210.0,79.0
44,102,2.0,0.0,2.0,[43 45],210.0,79.0,98.0,65.0,80.0,73.0,248.0,88.0,293.0,85.0
44,103,2.0,0.0,2.0,[43 45],293.0,85.0,80.0,73.0,210.0,79.0,360.0,91.0,248.0,88.0
44,104,2.0,0.0,2.0,[43 45],248.0,88.0,210.0,79.0,293.0,85.0,634.0,132.0,360.0,91.0
44,105,2.0,0.0,2.0,[43 45],360.0,91.0,293.0,85.0,248.0,88.0,402.0,108.0,634.0,132.0
44,106,2.0,0.0,2.0,[43 45],634.0,132.0,248.0,88.0,360.0,91.0,381.0,146.0,402.0,108.0
44,107,2.0,0.0,2.0,[43 45],402.0,108.0,360.0,91.0,634.0,132.0,637.0,136.0,381.0,146.0
44,108,2.0,0.0,2.0,[43 45],381.0,146.0,634.0,132.0,402.0,108.0,354.0,94.0,637.0,136.0
44,109,2.0,0.0,2.0,[43 45],637.0,136.0,402.0,108.0,381.0,146.0,267.0,190.0,354.0,94.0
44,110,2.0,0.0,2.0,[43 45],354.0,94.0,381.0,146.0,637.0,136.0,273.0,111.0,267.0,190.0
44,111,2.0,0.0,2.0,[43 45],267.0,190.0,637.0,136.0,354.0,94.0,190.0,113.0,273.0,111.0
44,112,2.0,0.0,2.0,[43 45],273.0,111.0,354.0,94.0,267.0,190.0,142.0,141.0,190.0,113.0
44,113,2.0,0.0,2.0,[43 45],190.0,113.0,267.0,190.0,273.0,111.0,137.0,83.0,142.0,141.0
44,114,2.0,0.0,2.0,[43 45],142.0,141.0,273.0,111.0,190.0,113.0,121.0,65.0,137.0,83.0
44,115,2.0,0.0,2.0,[43 45],137.0,83.0,190.0,113.0,142.0,141.0,104.0,101.0,121.0,65.0
44,116,2.0,0.0,2.0,[43 45],121.0,65.0,142.0,141.0,137.0,83.0,102.0,93.0,104.0,101.0
44,117,2.0,0.0,2.0,[43 45],104.0,101.0,137.0,83.0,121.0,65.0,106.0,43.0,102.0,93.0
44,118,2.0,0.0,2.0,[43 45],102.0,93.0,121.0,65.0,104.0,101.0,105.0,66.0,106.0,43.0
44,119,2.0,0.0,2.0,[43 45],106.0,43.0,104.0,101.0,102.0,93.0,101.0,96.0,105.0,66.0
44,120,2.0,0.0,2.0,[43 45],105.0,66.0,102.0,93.0,106.0,43.0,86.0,52.0,101.0,96.0
44,121,2.0,0.0,2.0,[43 45],101.0,96.0,106.0,43.0,105.0,66.0,110.0,82.0,86.0,52.0
44,122,2.0,0.0,2.0,[43 45],86.0,52.0,105.0,66.0,101.0,96.0,76.0,82.0,110.0,82.0
44,123,2.0,0.0,2.0,[43 45],110.0,82.0,101.0,96.0,86.0,52.0,64.0,66.0,76.0,82.0
44,124,2.0,0.0,2.0,[43 45],76.0,82.0,86.0,52.0,110.0,82.0,84.0,59.0,64.0,66.0
44,125,2.0,0.0,2.0,[43 45],64.0,66.0,110.0,82.0,76.0,82.0,97.0,75.0,84.0,59.0
44,126,2.0,0.0,2.0,[43 45],84.0,59.0,76.0,82.0,64.0,66.0,49.0,85.0,97.0,75.0
44,127,2.0,0.0,2.0,[43 45],97.0,75.0,64.0,66.0,84.0,59.0,43.0,70.0,49.0,85.0
44,128,2.0,0.0,2.0,[43 45],49.0,85.0,84.0,59.0,97.0,75.0,42.0,71.0,43.0,70.0
44,129,2.0,0.0,2.0,[43 45],43.0,70.0,97.0,75.0,49.0,85.0,64.0,62.0,42.0,71.0
44,130,2.0,0.0,2.0,[43 45],42.0,71.0,49.0,85.0,43.0,70.0,38.0,72.0,64.0,62.0
44,131,2.0,0.0,2.0,[43 45],64.0,62.0,43.0,70.0,42.0,71.0,39.0,34.0,38.0,72.0
44,132,2.0,0.0,2.0,[43 45],38.0,72.0,42.0,71.0,64.0,62.0,42.0,79.0,39.0,34.0
44,133,2.0,0.0,2.0,[43 45],39.0,34.0,64.0,62.0,38.0,72.0,24.0,36.0,42.0,79.0
44,134,2.0,0.0,2.0,[43 45],42.0,79.0,38.0,72.0,39.0,34.0,36.0,48.0,24.0,36.0
44,135,2.0,0.0,2.0,[43 45],24.0,36.0,39.0,34.0,42.0,79.0,19.0,31.0,36.0,48.0
44,136,2.0,0.0,2.0,[43 45],36.0,48.0,42.0,79.0,24.0,36.0,11.0,41.0,19.0,31.0
44,137,2.0,0.0,2.0,[43 45],19.0,31.0,24.0,36.0,36.0,48.0,8.0,10.0,11.0,41.0
44,138,2.0,0.0,2.0,[43 45],11.0,41.0,36.0,48.0,19.0,31.0,6.0,21.0,8.0,10.0
44,139,2.0,0.0,2.0,[43 45],8.0,10.0,19.0,31.0,11.0,41.0,1.0,5.0,6.0,21.0
44,140,2.0,0.0,2.0,[43 45],6.0,21.0,11.0,41.0,8.0,10.0,0.0,2.0,1.0,5.0
44,141,2.0,0.0,2.0,[43 45],1.0,5.0,8.0,10.0,6.0,21.0,0.0,0.0,0.0,2.0
44,142,2.0,0.0,2.0,[43 45],0.0,2.0,6.0,21.0,1.0,5.0,0.0,0.0,0.0,0.0
44,143,2.0,0.0,2.0,[43 45],0.0,0.0,1.0,5.0,0.0,2.0,0.0,0.0,0.0,0.0
45,0,2.0,0.0,2.0,[44 46],0.0,1.0,0.0,0.0,0.0,0.0,0.0,0.0,0.0,1.0
45,1,2.0,0.0,2.0,[44 46],0.0,1.0,0.0,0.0,0.0,1.0,2.0,0.0,0.0,0.0
45,2,2.0,0.0,2.0,[44 46],0.0,0.0,0.0,1.0,0.0,1.0,0.0,0.0,2.0,0.0
45,3,2.0,0.0,2.0,[44 46],2.0,0.0,0.0,1.0,0.0,0.0,0.0,2.0,0.0,0.0
45,4,2.0,0.0,2.0,[44 46],0.0,0.0,0.0,0.0,2.0,0.0,0.0,0.0,0.0,2.0
45,5,2.0,0.0,2.0,[44 46],0.0,2.0,2.0,0.0,0.0,0.0,0.0,0.0,0.0,0.0
45,6,2.0,0.0,2.0,[44 46],0.0,0.0,0.0,0.0,0.0,2.0,0.0,0.0,0.0,0.0
45,7,2.0,0.0,2.0,[44 46],0.0,0.0,0.0,2.0,0.0,0.0,0.0,0.0,0.0,0.0
45,8,2.0,0.0,2.0,[44 46],0.0,0.0,0.0,0.0,0.0,0.0,0.0,0.0,0.0,0.0
45,9,2.0,0.0,2.0,[44 46],0.0,0.0,0.0,0.0,0.0,0.0,0.0,0.0,0.0,0.0
45,10,2.0,0.0,2.0,[44 46],0.0,0.0,0.0,0.0,0.0,0.0,1.0,0.0,0.0,0.0
45,11,2.0,0.0,2.0,[44 46],0.0,0.0,0.0,0.0,0.0,0.0,0.0,1.0,1.0,0.0
45,12,2.0,0.0,2.0,[44 46],1.0,0.0,0.0,0.0,0.0,0.0,0.0,0.0,0.0,1.0
45,13,2.0,0.0,2.0,[44 46],0.0,1.0,0.0,0.0,1.0,0.0,0.0,0.0,0.0,0.0
45,14,2.0,0.0,2.0,[44 46],0.0,0.0,1.0,0.0,0.0,1.0,0.0,0.0,0.0,0.0
45,15,2.0,0.0,2.0,[44 46],0.0,0.0,0.0,1.0,0.0,0.0,0.0,0.0,0.0,0.0
45,16,2.0,0.0,2.0,[44 46],0.0,0.0,0.0,0.0,0.0,0.0,0.0,0.0,0.0,0.0
45,17,2.0,0.0,2.0,[44 46],0.0,0.0,0.0,0.0,0.0,0.0,0.0,0.0,0.0,0.0
45,18,2.0,0.0,2.0,[44 46],0.0,0.0,0.0,0.0,0.0,0.0,0.0,0.0,0.0,0.0
45,19,2.0,0.0,2.0,[44 46],0.0,0.0,0.0,0.0,0.0,0.0,0.0,0.0,0.0,0.0
45,20,2.0,0.0,2.0,[44 46],0.0,0.0,0.0,0.0,0.0,0.0,0.0,0.0,0.0,0.0
45,21,2.0,0.0,2.0,[44 46],0.0,0.0,0.0,0.0,0.0,0.0,0.0,0.0,0.0,0.0
45,22,2.0,0.0,2.0,[44 46],0.0,0.0,0.0,0.0,0.0,0.0,0.0,0.0,0.0,0.0
45,23,2.0,0.0,2.0,[44 46],0.0,0.0,0.0,0.0,0.0,0.0,0.0,0.0,0.0,0.0
45,24,2.0,0.0,2.0,[44 46],0.0,0.0,0.0,0.0,0.0,0.0,0.0,0.0,0.0,0.0
45,25,2.0,0.0,2.0,[44 46],0.0,0.0,0.0,0.0,0.0,0.0,3.0,0.0,0.0,0.0
45,26,2.0,0.0,2.0,[44 46],0.0,0.0,0.0,0.0,0.0,0.0,0.0,3.0,3.0,0.0
45,27,2.0,0.0,2.0,[44 46],3.0,0.0,0.0,0.0,0.0,0.0,0.0,0.0,0.0,3.0
45,28,2.0,0.0,2.0,[44 46],0.0,3.0,0.0,0.0,3.0,0.0,0.0,0.0,0.0,0.0
45,29,2.0,0.0,2.0,[44 46],0.0,0.0,3.0,0.0,0.0,3.0,0.0,0.0,0.0,0.0
45,30,2.0,0.0,2.0,[44 46],0.0,0.0,0.0,3.0,0.0,0.0,0.0,0.0,0.0,0.0
45,31,2.0,0.0,2.0,[44 46],0.0,0.0,0.0,0.0,0.0,0.0,1.0,0.0,0.0,0.0
45,32,2.0,0.0,2.0,[44 46],0.0,0.0,0.0,0.0,0.0,0.0,6.0,1.0,1.0,0.0
45,33,2.0,0.0,2.0,[44 46],1.0,0.0,0.0,0.0,0.0,0.0,8.0,0.0,6.0,1.0
45,34,2.0,0.0,2.0,[44 46],6.0,1.0,0.0,0.0,1.0,0.0,12.0,43.0,8.0,0.0
45,35,2.0,0.0,2.0,[44 46],8.0,0.0,1.0,0.0,6.0,1.0,6.0,41.0,12.0,43.0
45,36,2.0,0.0,2.0,[44 46],12.0,43.0,6.0,1.0,8.0,0.0,17.0,31.0,6.0,41.0
45,37,2.0,0.0,2.0,[44 46],6.0,41.0,8.0,0.0,12.0,43.0,32.0,29.0,17.0,31.0
45,38,2.0,0.0,2.0,[44 46],17.0,31.0,12.0,43.0,6.0,41.0,42.0,18.0,32.0,29.0
45,39,2.0,0.0,2.0,[44 46],32.0,29.0,6.0,41.0,17.0,31.0,48.0,44.0,42.0,18.0
45,40,2.0,0.0,2.0,[44 46],42.0,18.0,17.0,31.0,32.0,29.0,61.0,49.0,48.0,44.0
45,41,2.0,0.0,2.0,[44 46],48.0,44.0,32.0,29.0,42.0,18.0,66.0,90.0,61.0,49.0
45,42,2.0,0.0,2.0,[44 46],61.0,49.0,42.0,18.0,48.0,44.0,125.0,119.0,66.0,90.0
45,43,2.0,0.0,2.0,[44 46],66.0,90.0,48.0,44.0,61.0,49.0,118.0,125.0,125.0,119.0
45,44,2.0,0.0,2.0,[44 46],125.0,119.0,61.0,49.0,66.0,90.0,206.0,202.0,118.0,125.0
45,45,2.0,0.0,2.0,[44 46],118.0,125.0,66.0,90.0,125.0,119.0,274.0,241.0,206.0,202.0
45,46,2.0,0.0,2.0,[44 46],206.0,202.0,125.0,119.0,118.0,125.0,308.0,459.0,274.0,241.0
45,47,2.0,0.0,2.0,[44 46],274.0,241.0,118.0,125.0,206.0,202.0,314.0,686.0,308.0,459.0
45,48,2.0,0.0,2.0,[44 46],308.0,459.0,206.0,202.0,274.0,241.0,293.0,581.0,314.0,686.0
45,49,2.0,0.0,2.0,[44 46],314.0,686.0,274.0,241.0,308.0,459.0,336.0,502.0,293.0,581.0
45,50,2.0,0.0,2.0,[44 46],293.0,581.0,308.0,459.0,314.0,686.0,280.0,669.0,336.0,502.0
45,51,2.0,0.0,2.0,[44 46],336.0,502.0,314.0,686.0,293.0,581.0,163.0,655.0,280.0,669.0
45,52,2.0,0.0,2.0,[44 46],280.0,669.0,293.0,581.0,336.0,502.0,131.0,321.0,163.0,655.0
45,53,2.0,0.0,2.0,[44 46],163.0,655.0,336.0,502.0,280.0,669.0,116.0,201.0,131.0,321.0
45,54,2.0,0.0,2.0,[44 46],131.0,321.0,280.0,669.0,163.0,655.0,115.0,241.0,116.0,201.0
45,55,2.0,0.0,2.0,[44 46],116.0,201.0,163.0,655.0,131.0,321.0,107.0,155.0,115.0,241.0
45,56,2.0,0.0,2.0,[44 46],115.0,241.0,131.0,321.0,116.0,201.0,104.0,112.0,107.0,155.0
45,57,2.0,0.0,2.0,[44 46],107.0,155.0,116.0,201.0,115.0,241.0,71.0,157.0,104.0,112.0
45,58,2.0,0.0,2.0,[44 46],104.0,112.0,115.0,241.0,107.0,155.0,83.0,130.0,71.0,157.0
45,59,2.0,0.0,2.0,[44 46],71.0,157.0,107.0,155.0,104.0,112.0,44.0,95.0,83.0,130.0
45,60,2.0,0.0,2.0,[44 46],83.0,130.0,104.0,112.0,71.0,157.0,85.0,53.0,44.0,95.0
45,61,2.0,0.0,2.0,[44 46],44.0,95.0,71.0,157.0,83.0,130.0,51.0,109.0,85.0,53.0
45,62,2.0,0.0,2.0,[44 46],85.0,53.0,83.0,130.0,44.0,95.0,75.0,66.0,51.0,109.0
45,63,2.0,0.0,2.0,[44 46],51.0,109.0,44.0,95.0,85.0,53.0,92.0,88.0,75.0,66.0
45,64,2.0,0.0,2.0,[44 46],75.0,66.0,85.0,53.0,51.0,109.0,59.0,60.0,92.0,88.0
45,65,2.0,0.0,2.0,[44 46],92.0,88.0,51.0,109.0,75.0,66.0,74.0,59.0,59.0,60.0
45,66,2.0,0.0,2.0,[44 46],59.0,60.0,75.0,66.0,92.0,88.0,83.0,66.0,74.0,59.0
45,67,2.0,0.0,2.0,[44 46],74.0,59.0,92.0,88.0,59.0,60.0,84.0,70.0,83.0,66.0
45,68,2.0,0.0,2.0,[44 46],83.0,66.0,59.0,60.0,74.0,59.0,61.0,67.0,84.0,70.0
45,69,2.0,0.0,2.0,[44 46],84.0,70.0,74.0,59.0,83.0,66.0,104.0,56.0,61.0,67.0
45,70,2.0,0.0,2.0,[44 46],61.0,67.0,83.0,66.0,84.0,70.0,65.0,69.0,104.0,56.0
45,71,2.0,0.0,2.0,[44 46],104.0,56.0,84.0,70.0,61.0,67.0,176.0,79.0,65.0,69.0
45,72,2.0,0.0,2.0,[44 46],65.0,69.0,61.0,67.0,104.0,56.0,85.0,76.0,176.0,79.0
45,73,2.0,0.0,2.0,[44 46],176.0,79.0,104.0,56.0,65.0,69.0,77.0,100.0,85.0,76.0
45,74,2.0,0.0,2.0,[44 46],85.0,76.0,65.0,69.0,176.0,79.0,91.0,107.0,77.0,100.0
45,75,2.0,0.0,2.0,[44 46],77.0,100.0,176.0,79.0,85.0,76.0,100.0,98.0,91.0,107.0
45,76,2.0,0.0,2.0,[44 46],91.0,107.0,85.0,76.0,77.0,100.0,57.0,134.0,100.0,98.0
45,77,2.0,0.0,2.0,[44 46],100.0,98.0,77.0,100.0,91.0,107.0,60.0,93.0,57.0,134.0
45,78,2.0,0.0,2.0,[44 46],57.0,134.0,91.0,107.0,100.0,98.0,100.0,90.0,60.0,93.0
45,79,2.0,0.0,2.0,[44 46],60.0,93.0,100.0,98.0,57.0,134.0,77.0,81.0,100.0,90.0
45,80,2.0,0.0,2.0,[44 46],100.0,90.0,57.0,134.0,60.0,93.0,61.0,89.0,77.0,81.0
45,81,2.0,0.0,2.0,[44 46],77.0,81.0,60.0,93.0,100.0,90.0,92.0,84.0,61.0,89.0
45,82,2.0,0.0,2.0,[44 46],61.0,89.0,100.0,90.0,77.0,81.0,54.0,99.0,92.0,84.0
45,83,2.0,0.0,2.0,[44 46],92.0,84.0,77.0,81.0,61.0,89.0,52.0,67.0,54.0,99.0
45,84,2.0,0.0,2.0,[44 46],54.0,99.0,61.0,89.0,92.0,84.0,60.0,85.0,52.0,67.0
45,85,2.0,0.0,2.0,[44 46],52.0,67.0,92.0,84.0,54.0,99.0,88.0,80.0,60.0,85.0
45,86,2.0,0.0,2.0,[44 46],60.0,85.0,54.0,99.0,52.0,67.0,68.0,59.0,88.0,80.0
45,87,2.0,0.0,2.0,[44 46],88.0,80.0,52.0,67.0,60.0,85.0,73.0,63.0,68.0,59.0
45,88,2.0,0.0,2.0,[44 46],68.0,59.0,60.0,85.0,88.0,80.0,51.0,92.0,73.0,63.0
45,89,2.0,0.0,2.0,[44 46],73.0,63.0,88.0,80.0,68.0,59.0,77.0,71.0,51.0,92.0
45,90,2.0,0.0,2.0,[44 46],51.0,92.0,68.0,59.0,73.0,63.0,74.0,70.0,77.0,71.0
45,91,2.0,0.0,2.0,[44 46],77.0,71.0,73.0,63.0,51.0,92.0,96.0,54.0,74.0,70.0
45,92,2.0,0.0,2.0,[44 46],74.0,70.0,51.0,92.0,77.0,71.0,84.0,54.0,96.0,54.0
45,93,2.0,0.0,2.0,[44 46],96.0,54.0,77.0,71.0,74.0,70.0,56.0,66.0,84.0,54.0
45,94,2.0,0.0,2.0,[44 46],84.0,54.0,74.0,70.0,96.0,54.0,67.0,50.0,56.0,66.0
45,95,2.0,0.0,2.0,[44 46],56.0,66.0,96.0,54.0,84.0,54.0,155.0,52.0,67.0,50.0
45,96,2.0,0.0,2.0,[44 46],67.0,50.0,84.0,54.0,56.0,66.0,152.0,56.0,155.0,52.0
45,97,2.0,0.0,2.0,[44 46],155.0,52.0,56.0,66.0,67.0,50.0,115.0,64.0,152.0,56.0
45,98,2.0,0.0,2.0,[44 46],152.0,56.0,67.0,50.0,155.0,52.0,160.0,71.0,115.0,64.0
45,99,2.0,0.0,2.0,[44 46],115.0,64.0,155.0,52.0,152.0,56.0,89.0,67.0,160.0,71.0
45,100,2.0,0.0,2.0,[44 46],160.0,71.0,152.0,56.0,115.0,64.0,245.0,90.0,89.0,67.0
45,101,2.0,0.0,2.0,[44 46],89.0,67.0,115.0,64.0,160.0,71.0,336.0,79.0,245.0,90.0
45,102,2.0,0.0,2.0,[44 46],245.0,90.0,160.0,71.0,89.0,67.0,300.0,87.0,336.0,79.0
45,103,2.0,0.0,2.0,[44 46],336.0,79.0,89.0,67.0,245.0,90.0,321.0,123.0,300.0,87.0
45,104,2.0,0.0,2.0,[44 46],300.0,87.0,245.0,90.0,336.0,79.0,591.0,207.0,321.0,123.0
45,105,2.0,0.0,2.0,[44 46],321.0,123.0,336.0,79.0,300.0,87.0,398.0,162.0,591.0,207.0
45,106,2.0,0.0,2.0,[44 46],591.0,207.0,300.0,87.0,321.0,123.0,371.0,193.0,398.0,162.0
45,107,2.0,0.0,2.0,[44 46],398.0,162.0,321.0,123.0,591.0,207.0,489.0,147.0,371.0,193.0
45,108,2.0,0.0,2.0,[44 46],371.0,193.0,591.0,207.0,398.0,162.0,279.0,243.0,489.0,147.0
45,109,2.0,0.0,2.0,[44 46],489.0,147.0,398.0,162.0,371.0,193.0,229.0,163.0,279.0,243.0
45,110,2.0,0.0,2.0,[44 46],279.0,243.0,371.0,193.0,489.0,147.0,163.0,204.0,229.0,163.0
45,111,2.0,0.0,2.0,[44 46],229.0,163.0,489.0,147.0,279.0,243.0,148.0,163.0,163.0,204.0
45,112,2.0,0.0,2.0,[44 46],163.0,204.0,279.0,243.0,229.0,163.0,146.0,134.0,148.0,163.0
45,113,2.0,0.0,2.0,[44 46],148.0,163.0,229.0,163.0,163.0,204.0,173.0,141.0,146.0,134.0
45,114,2.0,0.0,2.0,[44 46],146.0,134.0,163.0,204.0,148.0,163.0,126.0,156.0,173.0,141.0
45,115,2.0,0.0,2.0,[44 46],173.0,141.0,148.0,163.0,146.0,134.0,118.0,84.0,126.0,156.0
45,116,2.0,0.0,2.0,[44 46],126.0,156.0,146.0,134.0,173.0,141.0,99.0,120.0,118.0,84.0
45,117,2.0,0.0,2.0,[44 46],118.0,84.0,173.0,141.0,126.0,156.0,86.0,118.0,99.0,120.0
45,118,2.0,0.0,2.0,[44 46],99.0,120.0,126.0,156.0,118.0,84.0,95.0,96.0,86.0,118.0
45,119,2.0,0.0,2.0,[44 46],86.0,118.0,118.0,84.0,99.0,120.0,113.0,105.0,95.0,96.0
45,120,2.0,0.0,2.0,[44 46],95.0,96.0,99.0,120.0,86.0,118.0,139.0,117.0,113.0,105.0
45,121,2.0,0.0,2.0,[44 46],113.0,105.0,86.0,118.0,95.0,96.0,108.0,109.0,139.0,117.0
45,122,2.0,0.0,2.0,[44 46],139.0,117.0,95.0,96.0,113.0,105.0,126.0,94.0,108.0,109.0
45,123,2.0,0.0,2.0,[44 46],108.0,109.0,113.0,105.0,139.0,117.0,102.0,115.0,126.0,94.0
45,124,2.0,0.0,2.0,[44 46],126.0,94.0,139.0,117.0,108.0,109.0,85.0,106.0,102.0,115.0
45,125,2.0,0.0,2.0,[44 46],102.0,115.0,108.0,109.0,126.0,94.0,125.0,90.0,85.0,106.0
45,126,2.0,0.0,2.0,[44 46],85.0,106.0,126.0,94.0,102.0,115.0,178.0,101.0,125.0,90.0
45,127,2.0,0.0,2.0,[44 46],125.0,90.0,102.0,115.0,85.0,106.0,70.0,72.0,178.0,101.0
45,128,2.0,0.0,2.0,[44 46],178.0,101.0,85.0,106.0,125.0,90.0,81.0,92.0,70.0,72.0
45,129,2.0,0.0,2.0,[44 46],70.0,72.0,125.0,90.0,178.0,101.0,63.0,103.0,81.0,92.0
45,130,2.0,0.0,2.0,[44 46],81.0,92.0,178.0,101.0,70.0,72.0,47.0,81.0,63.0,103.0
45,131,2.0,0.0,2.0,[44 46],63.0,103.0,70.0,72.0,81.0,92.0,47.0,82.0,47.0,81.0
45,132,2.0,0.0,2.0,[44 46],47.0,81.0,81.0,92.0,63.0,103.0,32.0,52.0,47.0,82.0
45,133,2.0,0.0,2.0,[44 46],47.0,82.0,63.0,103.0,47.0,81.0,32.0,95.0,32.0,52.0
45,134,2.0,0.0,2.0,[44 46],32.0,52.0,47.0,81.0,47.0,82.0,35.0,41.0,32.0,95.0
45,135,2.0,0.0,2.0,[44 46],32.0,95.0,47.0,82.0,32.0,52.0,33.0,59.0,35.0,41.0
45,136,2.0,0.0,2.0,[44 46],35.0,41.0,32.0,52.0,32.0,95.0,25.0,28.0,33.0,59.0
45,137,2.0,0.0,2.0,[44 46],33.0,59.0,32.0,95.0,35.0,41.0,1.0,33.0,25.0,28.0
45,138,2.0,0.0,2.0,[44 46],25.0,28.0,35.0,41.0,33.0,59.0,12.0,20.0,1.0,33.0
45,139,2.0,0.0,2.0,[44 46],1.0,33.0,33.0,59.0,25.0,28.0,0.0,8.0,12.0,20.0
45,140,2.0,0.0,2.0,[44 46],12.0,20.0,25.0,28.0,1.0,33.0,0.0,3.0,0.0,8.0
45,141,2.0,0.0,2.0,[44 46],0.0,8.0,1.0,33.0,12.0,20.0,0.0,5.0,0.0,3.0
45,142,2.0,0.0,2.0,[44 46],0.0,3.0,12.0,20.0,0.0,8.0,0.0,0.0,0.0,5.0
45,143,2.0,0.0,2.0,[44 46],0.0,5.0,0.0,8.0,0.0,3.0,0.0,0.0,0.0,0.0
46,0,2.0,0.0,4.0,[45 47 77 78],0.0,0.0,0.0,0.0,0.0,0.0,0.0,0.0,0.0,0.0
46,1,2.0,0.0,4.0,[45 47 77 78],0.0,0.0,0.0,0.0,0.0,0.0,0.0,0.0,0.0,0.0
46,2,2.0,0.0,4.0,[45 47 77 78],0.0,0.0,0.0,0.0,0.0,0.0,0.0,0.0,0.0,0.0
46,3,2.0,0.0,4.0,[45 47 77 78],0.0,0.0,0.0,0.0,0.0,0.0,0.0,0.0,0.0,0.0
46,4,2.0,0.0,4.0,[45 47 77 78],0.0,0.0,0.0,0.0,0.0,0.0,0.0,0.0,0.0,0.0
46,5,2.0,0.0,4.0,[45 47 77 78],0.0,0.0,0.0,0.0,0.0,0.0,0.0,0.0,0.0,0.0
46,6,2.0,0.0,4.0,[45 47 77 78],0.0,0.0,0.0,0.0,0.0,0.0,0.0,0.0,0.0,0.0
46,7,2.0,0.0,4.0,[45 47 77 78],0.0,0.0,0.0,0.0,0.0,0.0,0.0,0.0,0.0,0.0
46,8,2.0,0.0,4.0,[45 47 77 78],0.0,0.0,0.0,0.0,0.0,0.0,0.0,0.0,0.0,0.0
46,9,2.0,0.0,4.0,[45 47 77 78],0.0,0.0,0.0,0.0,0.0,0.0,0.0,0.0,0.0,0.0
46,10,2.0,0.0,4.0,[45 47 77 78],0.0,0.0,0.0,0.0,0.0,0.0,0.0,0.0,0.0,0.0
46,11,2.0,0.0,4.0,[45 47 77 78],0.0,0.0,0.0,0.0,0.0,0.0,0.0,0.0,0.0,0.0
46,12,2.0,0.0,4.0,[45 47 77 78],0.0,0.0,0.0,0.0,0.0,0.0,0.0,0.0,0.0,0.0
46,13,2.0,0.0,4.0,[45 47 77 78],0.0,0.0,0.0,0.0,0.0,0.0,0.0,0.0,0.0,0.0
46,14,2.0,0.0,4.0,[45 47 77 78],0.0,0.0,0.0,0.0,0.0,0.0,0.0,0.0,0.0,0.0
46,15,2.0,0.0,4.0,[45 47 77 78],0.0,0.0,0.0,0.0,0.0,0.0,0.0,0.0,0.0,0.0
46,16,2.0,0.0,4.0,[45 47 77 78],0.0,0.0,0.0,0.0,0.0,0.0,0.0,0.0,0.0,0.0
46,17,2.0,0.0,4.0,[45 47 77 78],0.0,0.0,0.0,0.0,0.0,0.0,0.0,0.0,0.0,0.0
46,18,2.0,0.0,4.0,[45 47 77 78],0.0,0.0,0.0,0.0,0.0,0.0,0.0,0.0,0.0,0.0
46,19,2.0,0.0,4.0,[45 47 77 78],0.0,0.0,0.0,0.0,0.0,0.0,0.0,0.0,0.0,0.0
46,20,2.0,0.0,4.0,[45 47 77 78],0.0,0.0,0.0,0.0,0.0,0.0,0.0,0.0,0.0,0.0
46,21,2.0,0.0,4.0,[45 47 77 78],0.0,0.0,0.0,0.0,0.0,0.0,0.0,0.0,0.0,0.0
46,22,2.0,0.0,4.0,[45 47 77 78],0.0,0.0,0.0,0.0,0.0,0.0,0.0,0.0,0.0,0.0
46,23,2.0,0.0,4.0,[45 47 77 78],0.0,0.0,0.0,0.0,0.0,0.0,0.0,0.0,0.0,0.0
46,24,2.0,0.0,4.0,[45 47 77 78],0.0,0.0,0.0,0.0,0.0,0.0,0.0,0.0,0.0,0.0
46,25,2.0,0.0,4.0,[45 47 77 78],0.0,0.0,0.0,0.0,0.0,0.0,0.0,0.0,0.0,0.0
46,26,2.0,0.0,4.0,[45 47 77 78],0.0,0.0,0.0,0.0,0.0,0.0,0.0,0.0,0.0,0.0
46,27,2.0,0.0,4.0,[45 47 77 78],0.0,0.0,0.0,0.0,0.0,0.0,0.0,0.0,0.0,0.0
46,28,2.0,0.0,4.0,[45 47 77 78],0.0,0.0,0.0,0.0,0.0,0.0,0.0,0.0,0.0,0.0
46,29,2.0,0.0,4.0,[45 47 77 78],0.0,0.0,0.0,0.0,0.0,0.0,0.0,0.0,0.0,0.0
46,30,2.0,0.0,4.0,[45 47 77 78],0.0,0.0,0.0,0.0,0.0,0.0,0.0,0.0,0.0,0.0
46,31,2.0,0.0,4.0,[45 47 77 78],0.0,0.0,0.0,0.0,0.0,0.0,0.0,0.0,0.0,0.0
46,32,2.0,0.0,4.0,[45 47 77 78],0.0,0.0,0.0,0.0,0.0,0.0,5.0,0.0,0.0,0.0
46,33,2.0,0.0,4.0,[45 47 77 78],0.0,0.0,0.0,0.0,0.0,0.0,6.0,2.0,5.0,0.0
46,34,2.0,0.0,4.0,[45 47 77 78],5.0,0.0,0.0,0.0,0.0,0.0,18.0,3.0,6.0,2.0
46,35,2.0,0.0,4.0,[45 47 77 78],6.0,2.0,0.0,0.0,5.0,0.0,20.0,4.0,18.0,3.0
46,36,2.0,0.0,4.0,[45 47 77 78],18.0,3.0,5.0,0.0,6.0,2.0,30.0,11.0,20.0,4.0
46,37,2.0,0.0,4.0,[45 47 77 78],20.0,4.0,6.0,2.0,18.0,3.0,53.0,31.0,30.0,11.0
46,38,2.0,0.0,4.0,[45 47 77 78],30.0,11.0,18.0,3.0,20.0,4.0,53.0,46.0,53.0,31.0
46,39,2.0,0.0,4.0,[45 47 77 78],53.0,31.0,20.0,4.0,30.0,11.0,72.0,51.0,53.0,46.0
46,40,2.0,0.0,4.0,[45 47 77 78],53.0,46.0,30.0,11.0,53.0,31.0,80.0,53.0,72.0,51.0
46,41,2.0,0.0,4.0,[45 47 77 78],72.0,51.0,53.0,31.0,53.0,46.0,114.0,105.0,80.0,53.0
46,42,2.0,0.0,4.0,[45 47 77 78],80.0,53.0,53.0,46.0,72.0,51.0,162.0,102.0,114.0,105.0
46,43,2.0,0.0,4.0,[45 47 77 78],114.0,105.0,72.0,51.0,80.0,53.0,229.0,190.0,162.0,102.0
46,44,2.0,0.0,4.0,[45 47 77 78],162.0,102.0,80.0,53.0,114.0,105.0,306.0,186.0,229.0,190.0
46,45,2.0,0.0,4.0,[45 47 77 78],229.0,190.0,114.0,105.0,162.0,102.0,341.0,293.0,306.0,186.0
46,46,2.0,0.0,4.0,[45 47 77 78],306.0,186.0,162.0,102.0,229.0,190.0,487.0,535.0,341.0,293.0
46,47,2.0,0.0,4.0,[45 47 77 78],341.0,293.0,229.0,190.0,306.0,186.0,389.0,734.0,487.0,535.0
46,48,2.0,0.0,4.0,[45 47 77 78],487.0,535.0,306.0,186.0,341.0,293.0,372.0,710.0,389.0,734.0
46,49,2.0,0.0,4.0,[45 47 77 78],389.0,734.0,341.0,293.0,487.0,535.0,398.0,854.0,372.0,710.0
46,50,2.0,0.0,4.0,[45 47 77 78],372.0,710.0,487.0,535.0,389.0,734.0,308.0,951.0,398.0,854.0
46,51,2.0,0.0,4.0,[45 47 77 78],398.0,854.0,389.0,734.0,372.0,710.0,282.0,783.0,308.0,951.0
46,52,2.0,0.0,4.0,[45 47 77 78],308.0,951.0,372.0,710.0,398.0,854.0,253.0,439.0,282.0,783.0
46,53,2.0,0.0,4.0,[45 47 77 78],282.0,783.0,398.0,854.0,308.0,951.0,171.0,362.0,253.0,439.0
46,54,2.0,0.0,4.0,[45 47 77 78],253.0,439.0,308.0,951.0,282.0,783.0,164.0,373.0,171.0,362.0
46,55,2.0,0.0,4.0,[45 47 77 78],171.0,362.0,282.0,783.0,253.0,439.0,141.0,243.0,164.0,373.0
46,56,2.0,0.0,4.0,[45 47 77 78],164.0,373.0,253.0,439.0,171.0,362.0,154.0,175.0,141.0,243.0
46,57,2.0,0.0,4.0,[45 47 77 78],141.0,243.0,171.0,362.0,164.0,373.0,150.0,214.0,154.0,175.0
46,58,2.0,0.0,4.0,[45 47 77 78],154.0,175.0,164.0,373.0,141.0,243.0,114.0,128.0,150.0,214.0
46,59,2.0,0.0,4.0,[45 47 77 78],150.0,214.0,141.0,243.0,154.0,175.0,114.0,188.0,114.0,128.0
46,60,2.0,0.0,4.0,[45 47 77 78],114.0,128.0,154.0,175.0,150.0,214.0,114.0,127.0,114.0,188.0
46,61,2.0,0.0,4.0,[45 47 77 78],114.0,188.0,150.0,214.0,114.0,128.0,91.0,139.0,114.0,127.0
46,62,2.0,0.0,4.0,[45 47 77 78],114.0,127.0,114.0,128.0,114.0,188.0,104.0,170.0,91.0,139.0
46,63,2.0,0.0,4.0,[45 47 77 78],91.0,139.0,114.0,188.0,114.0,127.0,97.0,150.0,104.0,170.0
46,64,2.0,0.0,4.0,[45 47 77 78],104.0,170.0,114.0,127.0,91.0,139.0,112.0,124.0,97.0,150.0
46,65,2.0,0.0,4.0,[45 47 77 78],97.0,150.0,91.0,139.0,104.0,170.0,86.0,133.0,112.0,124.0
46,66,2.0,0.0,4.0,[45 47 77 78],112.0,124.0,104.0,170.0,97.0,150.0,136.0,121.0,86.0,133.0
46,67,2.0,0.0,4.0,[45 47 77 78],86.0,133.0,97.0,150.0,112.0,124.0,129.0,161.0,136.0,121.0
46,68,2.0,0.0,4.0,[45 47 77 78],136.0,121.0,112.0,124.0,86.0,133.0,117.0,140.0,129.0,161.0
46,69,2.0,0.0,4.0,[45 47 77 78],129.0,161.0,86.0,133.0,136.0,121.0,106.0,129.0,117.0,140.0
46,70,2.0,0.0,4.0,[45 47 77 78],117.0,140.0,136.0,121.0,129.0,161.0,124.0,116.0,106.0,129.0
46,71,2.0,0.0,4.0,[45 47 77 78],106.0,129.0,129.0,161.0,117.0,140.0,127.0,151.0,124.0,116.0
46,72,2.0,0.0,4.0,[45 47 77 78],124.0,116.0,117.0,140.0,106.0,129.0,116.0,176.0,127.0,151.0
46,73,2.0,0.0,4.0,[45 47 77 78],127.0,151.0,106.0,129.0,124.0,116.0,143.0,113.0,116.0,176.0
46,74,2.0,0.0,4.0,[45 47 77 78],116.0,176.0,124.0,116.0,127.0,151.0,121.0,137.0,143.0,113.0
46,75,2.0,0.0,4.0,[45 47 77 78],143.0,113.0,127.0,151.0,116.0,176.0,125.0,164.0,121.0,137.0
46,76,2.0,0.0,4.0,[45 47 77 78],121.0,137.0,116.0,176.0,143.0,113.0,152.0,123.0,125.0,164.0
46,77,2.0,0.0,4.0,[45 47 77 78],125.0,164.0,143.0,113.0,121.0,137.0,154.0,151.0,152.0,123.0
46,78,2.0,0.0,4.0,[45 47 77 78],152.0,123.0,121.0,137.0,125.0,164.0,127.0,143.0,154.0,151.0
46,79,2.0,0.0,4.0,[45 47 77 78],154.0,151.0,125.0,164.0,152.0,123.0,135.0,170.0,127.0,143.0
46,80,2.0,0.0,4.0,[45 47 77 78],127.0,143.0,152.0,123.0,154.0,151.0,135.0,136.0,135.0,170.0
46,81,2.0,0.0,4.0,[45 47 77 78],135.0,170.0,154.0,151.0,127.0,143.0,156.0,143.0,135.0,136.0
46,82,2.0,0.0,4.0,[45 47 77 78],135.0,136.0,127.0,143.0,135.0,170.0,149.0,124.0,156.0,143.0
46,83,2.0,0.0,4.0,[45 47 77 78],156.0,143.0,135.0,170.0,135.0,136.0,139.0,120.0,149.0,124.0
46,84,2.0,0.0,4.0,[45 47 77 78],149.0,124.0,135.0,136.0,156.0,143.0,104.0,131.0,139.0,120.0
46,85,2.0,0.0,4.0,[45 47 77 78],139.0,120.0,156.0,143.0,149.0,124.0,107.0,123.0,104.0,131.0
46,86,2.0,0.0,4.0,[45 47 77 78],104.0,131.0,149.0,124.0,139.0,120.0,133.0,134.0,107.0,123.0
46,87,2.0,0.0,4.0,[45 47 77 78],107.0,123.0,139.0,120.0,104.0,131.0,112.0,85.0,133.0,134.0
46,88,2.0,0.0,4.0,[45 47 77 78],133.0,134.0,104.0,131.0,107.0,123.0,139.0,117.0,112.0,85.0
46,89,2.0,0.0,4.0,[45 47 77 78],112.0,85.0,107.0,123.0,133.0,134.0,159.0,131.0,139.0,117.0
46,90,2.0,0.0,4.0,[45 47 77 78],139.0,117.0,133.0,134.0,112.0,85.0,139.0,96.0,159.0,131.0
46,91,2.0,0.0,4.0,[45 47 77 78],159.0,131.0,112.0,85.0,139.0,117.0,138.0,93.0,139.0,96.0
46,92,2.0,0.0,4.0,[45 47 77 78],139.0,96.0,139.0,117.0,159.0,131.0,149.0,142.0,138.0,93.0
46,93,2.0,0.0,4.0,[45 47 77 78],138.0,93.0,159.0,131.0,139.0,96.0,177.0,137.0,149.0,142.0
46,94,2.0,0.0,4.0,[45 47 77 78],149.0,142.0,139.0,96.0,138.0,93.0,197.0,147.0,177.0,137.0
46,95,2.0,0.0,4.0,[45 47 77 78],177.0,137.0,138.0,93.0,149.0,142.0,182.0,101.0,197.0,147.0
46,96,2.0,0.0,4.0,[45 47 77 78],197.0,147.0,149.0,142.0,177.0,137.0,160.0,146.0,182.0,101.0
46,97,2.0,0.0,4.0,[45 47 77 78],182.0,101.0,177.0,137.0,197.0,147.0,165.0,115.0,160.0,146.0
46,98,2.0,0.0,4.0,[45 47 77 78],160.0,146.0,197.0,147.0,182.0,101.0,182.0,141.0,165.0,115.0
46,99,2.0,0.0,4.0,[45 47 77 78],165.0,115.0,182.0,101.0,160.0,146.0,153.0,151.0,182.0,141.0
46,100,2.0,0.0,4.0,[45 47 77 78],182.0,141.0,160.0,146.0,165.0,115.0,278.0,174.0,153.0,151.0
46,101,2.0,0.0,4.0,[45 47 77 78],153.0,151.0,165.0,115.0,182.0,141.0,438.0,203.0,278.0,174.0
46,102,2.0,0.0,4.0,[45 47 77 78],278.0,174.0,182.0,141.0,153.0,151.0,376.0,280.0,438.0,203.0
46,103,2.0,0.0,4.0,[45 47 77 78],438.0,203.0,153.0,151.0,278.0,174.0,431.0,294.0,376.0,280.0
46,104,2.0,0.0,4.0,[45 47 77 78],376.0,280.0,278.0,174.0,438.0,203.0,633.0,307.0,431.0,294.0
46,105,2.0,0.0,4.0,[45 47 77 78],431.0,294.0,438.0,203.0,376.0,280.0,569.0,283.0,633.0,307.0
46,106,2.0,0.0,4.0,[45 47 77 78],633.0,307.0,376.0,280.0,431.0,294.0,480.0,291.0,569.0,283.0
46,107,2.0,0.0,4.0,[45 47 77 78],569.0,283.0,431.0,294.0,633.0,307.0,646.0,341.0,480.0,291.0
46,108,2.0,0.0,4.0,[45 47 77 78],480.0,291.0,633.0,307.0,569.0,283.0,532.0,347.0,646.0,341.0
46,109,2.0,0.0,4.0,[45 47 77 78],646.0,341.0,569.0,283.0,480.0,291.0,380.0,220.0,532.0,347.0
46,110,2.0,0.0,4.0,[45 47 77 78],532.0,347.0,480.0,291.0,646.0,341.0,374.0,243.0,380.0,220.0
46,111,2.0,0.0,4.0,[45 47 77 78],380.0,220.0,646.0,341.0,532.0,347.0,302.0,242.0,374.0,243.0
46,112,2.0,0.0,4.0,[45 47 77 78],374.0,243.0,532.0,347.0,380.0,220.0,300.0,197.0,302.0,242.0
46,113,2.0,0.0,4.0,[45 47 77 78],302.0,242.0,380.0,220.0,374.0,243.0,267.0,177.0,300.0,197.0
46,114,2.0,0.0,4.0,[45 47 77 78],300.0,197.0,374.0,243.0,302.0,242.0,258.0,146.0,267.0,177.0
46,115,2.0,0.0,4.0,[45 47 77 78],267.0,177.0,302.0,242.0,300.0,197.0,239.0,162.0,258.0,146.0
46,116,2.0,0.0,4.0,[45 47 77 78],258.0,146.0,300.0,197.0,267.0,177.0,253.0,129.0,239.0,162.0
46,117,2.0,0.0,4.0,[45 47 77 78],239.0,162.0,267.0,177.0,258.0,146.0,219.0,128.0,253.0,129.0
46,118,2.0,0.0,4.0,[45 47 77 78],253.0,129.0,258.0,146.0,239.0,162.0,241.0,157.0,219.0,128.0
46,119,2.0,0.0,4.0,[45 47 77 78],219.0,128.0,239.0,162.0,253.0,129.0,218.0,149.0,241.0,157.0
46,120,2.0,0.0,4.0,[45 47 77 78],241.0,157.0,253.0,129.0,219.0,128.0,226.0,138.0,218.0,149.0
46,121,2.0,0.0,4.0,[45 47 77 78],218.0,149.0,219.0,128.0,241.0,157.0,248.0,142.0,226.0,138.0
46,122,2.0,0.0,4.0,[45 47 77 78],226.0,138.0,241.0,157.0,218.0,149.0,221.0,159.0,248.0,142.0
46,123,2.0,0.0,4.0,[45 47 77 78],248.0,142.0,218.0,149.0,226.0,138.0,203.0,97.0,221.0,159.0
46,124,2.0,0.0,4.0,[45 47 77 78],221.0,159.0,226.0,138.0,248.0,142.0,218.0,121.0,203.0,97.0
46,125,2.0,0.0,4.0,[45 47 77 78],203.0,97.0,248.0,142.0,221.0,159.0,227.0,109.0,218.0,121.0
46,126,2.0,0.0,4.0,[45 47 77 78],218.0,121.0,221.0,159.0,203.0,97.0,217.0,124.0,227.0,109.0
46,127,2.0,0.0,4.0,[45 47 77 78],227.0,109.0,203.0,97.0,218.0,121.0,199.0,93.0,217.0,124.0
46,128,2.0,0.0,4.0,[45 47 77 78],217.0,124.0,218.0,121.0,227.0,109.0,219.0,123.0,199.0,93.0
46,129,2.0,0.0,4.0,[45 47 77 78],199.0,93.0,227.0,109.0,217.0,124.0,173.0,120.0,219.0,123.0
46,130,2.0,0.0,4.0,[45 47 77 78],219.0,123.0,217.0,124.0,199.0,93.0,176.0,95.0,173.0,120.0
46,131,2.0,0.0,4.0,[45 47 77 78],173.0,120.0,199.0,93.0,219.0,123.0,162.0,91.0,176.0,95.0
46,132,2.0,0.0,4.0,[45 47 77 78],176.0,95.0,219.0,123.0,173.0,120.0,108.0,98.0,162.0,91.0
46,133,2.0,0.0,4.0,[45 47 77 78],162.0,91.0,173.0,120.0,176.0,95.0,116.0,60.0,108.0,98.0
46,134,2.0,0.0,4.0,[45 47 77 78],108.0,98.0,176.0,95.0,162.0,91.0,80.0,80.0,116.0,60.0
46,135,2.0,0.0,4.0,[45 47 77 78],116.0,60.0,162.0,91.0,108.0,98.0,67.0,41.0,80.0,80.0
46,136,2.0,0.0,4.0,[45 47 77 78],80.0,80.0,108.0,98.0,116.0,60.0,32.0,33.0,67.0,41.0
46,137,2.0,0.0,4.0,[45 47 77 78],67.0,41.0,116.0,60.0,80.0,80.0,25.0,31.0,32.0,33.0
46,138,2.0,0.0,4.0,[45 47 77 78],32.0,33.0,80.0,80.0,67.0,41.0,11.0,18.0,25.0,31.0
46,139,2.0,0.0,4.0,[45 47 77 78],25.0,31.0,67.0,41.0,32.0,33.0,0.0,3.0,11.0,18.0
46,140,2.0,0.0,4.0,[45 47 77 78],11.0,18.0,32.0,33.0,25.0,31.0,1.0,3.0,0.0,3.0
46,141,2.0,0.0,4.0,[45 47 77 78],0.0,3.0,25.0,31.0,11.0,18.0,0.0,2.0,1.0,3.0
46,142,2.0,0.0,4.0,[45 47 77 78],1.0,3.0,11.0,18.0,0.0,3.0,0.0,0.0,0.0,2.0
46,143,2.0,0.0,4.0,[45 47 77 78],0.0,2.0,0.0,3.0,1.0,3.0,0.0,0.0,0.0,0.0
47,0,2.0,0.0,2.0,[46 48],0.0,0.0,0.0,0.0,0.0,0.0,0.0,0.0,0.0,0.0
47,1,2.0,0.0,2.0,[46 48],0.0,0.0,0.0,0.0,0.0,0.0,0.0,0.0,0.0,0.0
47,2,2.0,0.0,2.0,[46 48],0.0,0.0,0.0,0.0,0.0,0.0,0.0,0.0,0.0,0.0
47,3,2.0,0.0,2.0,[46 48],0.0,0.0,0.0,0.0,0.0,0.0,0.0,0.0,0.0,0.0
47,4,2.0,0.0,2.0,[46 48],0.0,0.0,0.0,0.0,0.0,0.0,0.0,0.0,0.0,0.0
47,5,2.0,0.0,2.0,[46 48],0.0,0.0,0.0,0.0,0.0,0.0,0.0,0.0,0.0,0.0
47,6,2.0,0.0,2.0,[46 48],0.0,0.0,0.0,0.0,0.0,0.0,0.0,0.0,0.0,0.0
47,7,2.0,0.0,2.0,[46 48],0.0,0.0,0.0,0.0,0.0,0.0,0.0,0.0,0.0,0.0
47,8,2.0,0.0,2.0,[46 48],0.0,0.0,0.0,0.0,0.0,0.0,0.0,0.0,0.0,0.0
47,9,2.0,0.0,2.0,[46 48],0.0,0.0,0.0,0.0,0.0,0.0,0.0,0.0,0.0,0.0
47,10,2.0,0.0,2.0,[46 48],0.0,0.0,0.0,0.0,0.0,0.0,0.0,0.0,0.0,0.0
47,11,2.0,0.0,2.0,[46 48],0.0,0.0,0.0,0.0,0.0,0.0,0.0,0.0,0.0,0.0
47,12,2.0,0.0,2.0,[46 48],0.0,0.0,0.0,0.0,0.0,0.0,0.0,0.0,0.0,0.0
47,13,2.0,0.0,2.0,[46 48],0.0,0.0,0.0,0.0,0.0,0.0,0.0,0.0,0.0,0.0
47,14,2.0,0.0,2.0,[46 48],0.0,0.0,0.0,0.0,0.0,0.0,0.0,0.0,0.0,0.0
47,15,2.0,0.0,2.0,[46 48],0.0,0.0,0.0,0.0,0.0,0.0,0.0,0.0,0.0,0.0
47,16,2.0,0.0,2.0,[46 48],0.0,0.0,0.0,0.0,0.0,0.0,0.0,0.0,0.0,0.0
47,17,2.0,0.0,2.0,[46 48],0.0,0.0,0.0,0.0,0.0,0.0,0.0,0.0,0.0,0.0
47,18,2.0,0.0,2.0,[46 48],0.0,0.0,0.0,0.0,0.0,0.0,0.0,0.0,0.0,0.0
47,19,2.0,0.0,2.0,[46 48],0.0,0.0,0.0,0.0,0.0,0.0,0.0,0.0,0.0,0.0
47,20,2.0,0.0,2.0,[46 48],0.0,0.0,0.0,0.0,0.0,0.0,0.0,0.0,0.0,0.0
47,21,2.0,0.0,2.0,[46 48],0.0,0.0,0.0,0.0,0.0,0.0,0.0,0.0,0.0,0.0
47,22,2.0,0.0,2.0,[46 48],0.0,0.0,0.0,0.0,0.0,0.0,0.0,0.0,0.0,0.0
47,23,2.0,0.0,2.0,[46 48],0.0,0.0,0.0,0.0,0.0,0.0,0.0,0.0,0.0,0.0
47,24,2.0,0.0,2.0,[46 48],0.0,0.0,0.0,0.0,0.0,0.0,0.0,0.0,0.0,0.0
47,25,2.0,0.0,2.0,[46 48],0.0,0.0,0.0,0.0,0.0,0.0,0.0,0.0,0.0,0.0
47,26,2.0,0.0,2.0,[46 48],0.0,0.0,0.0,0.0,0.0,0.0,1.0,1.0,0.0,0.0
47,27,2.0,0.0,2.0,[46 48],0.0,0.0,0.0,0.0,0.0,0.0,0.0,0.0,1.0,1.0
47,28,2.0,0.0,2.0,[46 48],1.0,1.0,0.0,0.0,0.0,0.0,0.0,0.0,0.0,0.0
47,29,2.0,0.0,2.0,[46 48],0.0,0.0,0.0,0.0,1.0,1.0,0.0,0.0,0.0,0.0
47,30,2.0,0.0,2.0,[46 48],0.0,0.0,1.0,1.0,0.0,0.0,0.0,0.0,0.0,0.0
47,31,2.0,0.0,2.0,[46 48],0.0,0.0,0.0,0.0,0.0,0.0,0.0,0.0,0.0,0.0
47,32,2.0,0.0,2.0,[46 48],0.0,0.0,0.0,0.0,0.0,0.0,0.0,0.0,0.0,0.0
47,33,2.0,0.0,2.0,[46 48],0.0,0.0,0.0,0.0,0.0,0.0,3.0,0.0,0.0,0.0
47,34,2.0,0.0,2.0,[46 48],0.0,0.0,0.0,0.0,0.0,0.0,11.0,2.0,3.0,0.0
47,35,2.0,0.0,2.0,[46 48],3.0,0.0,0.0,0.0,0.0,0.0,7.0,7.0,11.0,2.0
47,36,2.0,0.0,2.0,[46 48],11.0,2.0,0.0,0.0,3.0,0.0,5.0,12.0,7.0,7.0
47,37,2.0,0.0,2.0,[46 48],7.0,7.0,3.0,0.0,11.0,2.0,14.0,22.0,5.0,12.0
47,38,2.0,0.0,2.0,[46 48],5.0,12.0,11.0,2.0,7.0,7.0,24.0,53.0,14.0,22.0
47,39,2.0,0.0,2.0,[46 48],14.0,22.0,7.0,7.0,5.0,12.0,36.0,82.0,24.0,53.0
47,40,2.0,0.0,2.0,[46 48],24.0,53.0,5.0,12.0,14.0,22.0,31.0,96.0,36.0,82.0
47,41,2.0,0.0,2.0,[46 48],36.0,82.0,14.0,22.0,24.0,53.0,46.0,154.0,31.0,96.0
47,42,2.0,0.0,2.0,[46 48],31.0,96.0,24.0,53.0,36.0,82.0,53.0,189.0,46.0,154.0
47,43,2.0,0.0,2.0,[46 48],46.0,154.0,36.0,82.0,31.0,96.0,89.0,202.0,53.0,189.0
47,44,2.0,0.0,2.0,[46 48],53.0,189.0,31.0,96.0,46.0,154.0,102.0,346.0,89.0,202.0
47,45,2.0,0.0,2.0,[46 48],89.0,202.0,46.0,154.0,53.0,189.0,152.0,547.0,102.0,346.0
47,46,2.0,0.0,2.0,[46 48],102.0,346.0,53.0,189.0,89.0,202.0,172.0,440.0,152.0,547.0
47,47,2.0,0.0,2.0,[46 48],152.0,547.0,89.0,202.0,102.0,346.0,143.0,632.0,172.0,440.0
47,48,2.0,0.0,2.0,[46 48],172.0,440.0,102.0,346.0,152.0,547.0,151.0,697.0,143.0,632.0
47,49,2.0,0.0,2.0,[46 48],143.0,632.0,152.0,547.0,172.0,440.0,168.0,641.0,151.0,697.0
47,50,2.0,0.0,2.0,[46 48],151.0,697.0,172.0,440.0,143.0,632.0,150.0,858.0,168.0,641.0
47,51,2.0,0.0,2.0,[46 48],168.0,641.0,143.0,632.0,151.0,697.0,126.0,823.0,150.0,858.0
47,52,2.0,0.0,2.0,[46 48],150.0,858.0,151.0,697.0,168.0,641.0,122.0,558.0,126.0,823.0
47,53,2.0,0.0,2.0,[46 48],126.0,823.0,168.0,641.0,150.0,858.0,118.0,319.0,122.0,558.0
47,54,2.0,0.0,2.0,[46 48],122.0,558.0,150.0,858.0,126.0,823.0,162.0,462.0,118.0,319.0
47,55,2.0,0.0,2.0,[46 48],118.0,319.0,126.0,823.0,122.0,558.0,148.0,356.0,162.0,462.0
47,56,2.0,0.0,2.0,[46 48],162.0,462.0,122.0,558.0,118.0,319.0,143.0,300.0,148.0,356.0
47,57,2.0,0.0,2.0,[46 48],148.0,356.0,118.0,319.0,162.0,462.0,154.0,324.0,143.0,300.0
47,58,2.0,0.0,2.0,[46 48],143.0,300.0,162.0,462.0,148.0,356.0,148.0,272.0,154.0,324.0
47,59,2.0,0.0,2.0,[46 48],154.0,324.0,148.0,356.0,143.0,300.0,140.0,200.0,148.0,272.0
47,60,2.0,0.0,2.0,[46 48],148.0,272.0,143.0,300.0,154.0,324.0,175.0,201.0,140.0,200.0
47,61,2.0,0.0,2.0,[46 48],140.0,200.0,154.0,324.0,148.0,272.0,171.0,212.0,175.0,201.0
47,62,2.0,0.0,2.0,[46 48],175.0,201.0,148.0,272.0,140.0,200.0,156.0,192.0,171.0,212.0
47,63,2.0,0.0,2.0,[46 48],171.0,212.0,140.0,200.0,175.0,201.0,150.0,144.0,156.0,192.0
47,64,2.0,0.0,2.0,[46 48],156.0,192.0,175.0,201.0,171.0,212.0,202.0,165.0,150.0,144.0
47,65,2.0,0.0,2.0,[46 48],150.0,144.0,171.0,212.0,156.0,192.0,185.0,123.0,202.0,165.0
47,66,2.0,0.0,2.0,[46 48],202.0,165.0,156.0,192.0,150.0,144.0,161.0,152.0,185.0,123.0
47,67,2.0,0.0,2.0,[46 48],185.0,123.0,150.0,144.0,202.0,165.0,176.0,151.0,161.0,152.0
47,68,2.0,0.0,2.0,[46 48],161.0,152.0,202.0,165.0,185.0,123.0,148.0,179.0,176.0,151.0
47,69,2.0,0.0,2.0,[46 48],176.0,151.0,185.0,123.0,161.0,152.0,191.0,162.0,148.0,179.0
47,70,2.0,0.0,2.0,[46 48],148.0,179.0,161.0,152.0,176.0,151.0,178.0,128.0,191.0,162.0
47,71,2.0,0.0,2.0,[46 48],191.0,162.0,176.0,151.0,148.0,179.0,168.0,164.0,178.0,128.0
47,72,2.0,0.0,2.0,[46 48],178.0,128.0,148.0,179.0,191.0,162.0,143.0,145.0,168.0,164.0
47,73,2.0,0.0,2.0,[46 48],168.0,164.0,191.0,162.0,178.0,128.0,153.0,194.0,143.0,145.0
47,74,2.0,0.0,2.0,[46 48],143.0,145.0,178.0,128.0,168.0,164.0,133.0,210.0,153.0,194.0
47,75,2.0,0.0,2.0,[46 48],153.0,194.0,168.0,164.0,143.0,145.0,150.0,217.0,133.0,210.0
47,76,2.0,0.0,2.0,[46 48],133.0,210.0,143.0,145.0,153.0,194.0,147.0,210.0,150.0,217.0
47,77,2.0,0.0,2.0,[46 48],150.0,217.0,153.0,194.0,133.0,210.0,160.0,189.0,147.0,210.0
47,78,2.0,0.0,2.0,[46 48],147.0,210.0,133.0,210.0,150.0,217.0,128.0,211.0,160.0,189.0
47,79,2.0,0.0,2.0,[46 48],160.0,189.0,150.0,217.0,147.0,210.0,144.0,188.0,128.0,211.0
47,80,2.0,0.0,2.0,[46 48],128.0,211.0,147.0,210.0,160.0,189.0,142.0,198.0,144.0,188.0
47,81,2.0,0.0,2.0,[46 48],144.0,188.0,160.0,189.0,128.0,211.0,228.0,218.0,142.0,198.0
47,82,2.0,0.0,2.0,[46 48],142.0,198.0,128.0,211.0,144.0,188.0,191.0,162.0,228.0,218.0
47,83,2.0,0.0,2.0,[46 48],228.0,218.0,144.0,188.0,142.0,198.0,227.0,171.0,191.0,162.0
47,84,2.0,0.0,2.0,[46 48],191.0,162.0,142.0,198.0,228.0,218.0,202.0,135.0,227.0,171.0
47,85,2.0,0.0,2.0,[46 48],227.0,171.0,228.0,218.0,191.0,162.0,226.0,113.0,202.0,135.0
47,86,2.0,0.0,2.0,[46 48],202.0,135.0,191.0,162.0,227.0,171.0,194.0,165.0,226.0,113.0
47,87,2.0,0.0,2.0,[46 48],226.0,113.0,227.0,171.0,202.0,135.0,140.0,98.0,194.0,165.0
47,88,2.0,0.0,2.0,[46 48],194.0,165.0,202.0,135.0,226.0,113.0,195.0,132.0,140.0,98.0
47,89,2.0,0.0,2.0,[46 48],140.0,98.0,226.0,113.0,194.0,165.0,219.0,114.0,195.0,132.0
47,90,2.0,0.0,2.0,[46 48],195.0,132.0,194.0,165.0,140.0,98.0,178.0,118.0,219.0,114.0
47,91,2.0,0.0,2.0,[46 48],219.0,114.0,140.0,98.0,195.0,132.0,215.0,131.0,178.0,118.0
47,92,2.0,0.0,2.0,[46 48],178.0,118.0,195.0,132.0,219.0,114.0,213.0,109.0,215.0,131.0
47,93,2.0,0.0,2.0,[46 48],215.0,131.0,219.0,114.0,178.0,118.0,203.0,94.0,213.0,109.0
47,94,2.0,0.0,2.0,[46 48],213.0,109.0,178.0,118.0,215.0,131.0,207.0,114.0,203.0,94.0
47,95,2.0,0.0,2.0,[46 48],203.0,94.0,215.0,131.0,213.0,109.0,245.0,140.0,207.0,114.0
47,96,2.0,0.0,2.0,[46 48],207.0,114.0,213.0,109.0,203.0,94.0,197.0,127.0,245.0,140.0
47,97,2.0,0.0,2.0,[46 48],245.0,140.0,203.0,94.0,207.0,114.0,223.0,128.0,197.0,127.0
47,98,2.0,0.0,2.0,[46 48],197.0,127.0,207.0,114.0,245.0,140.0,251.0,123.0,223.0,128.0
47,99,2.0,0.0,2.0,[46 48],223.0,128.0,245.0,140.0,197.0,127.0,256.0,136.0,251.0,123.0
47,100,2.0,0.0,2.0,[46 48],251.0,123.0,197.0,127.0,223.0,128.0,380.0,140.0,256.0,136.0
47,101,2.0,0.0,2.0,[46 48],256.0,136.0,223.0,128.0,251.0,123.0,450.0,186.0,380.0,140.0
47,102,2.0,0.0,2.0,[46 48],380.0,140.0,251.0,123.0,256.0,136.0,360.0,185.0,450.0,186.0
47,103,2.0,0.0,2.0,[46 48],450.0,186.0,256.0,136.0,380.0,140.0,469.0,242.0,360.0,185.0
47,104,2.0,0.0,2.0,[46 48],360.0,185.0,380.0,140.0,450.0,186.0,574.0,198.0,469.0,242.0
47,105,2.0,0.0,2.0,[46 48],469.0,242.0,450.0,186.0,360.0,185.0,477.0,198.0,574.0,198.0
47,106,2.0,0.0,2.0,[46 48],574.0,198.0,360.0,185.0,469.0,242.0,490.0,285.0,477.0,198.0
47,107,2.0,0.0,2.0,[46 48],477.0,198.0,469.0,242.0,574.0,198.0,551.0,180.0,490.0,285.0
47,108,2.0,0.0,2.0,[46 48],490.0,285.0,574.0,198.0,477.0,198.0,333.0,191.0,551.0,180.0
47,109,2.0,0.0,2.0,[46 48],551.0,180.0,477.0,198.0,490.0,285.0,260.0,171.0,333.0,191.0
47,110,2.0,0.0,2.0,[46 48],333.0,191.0,490.0,285.0,551.0,180.0,287.0,176.0,260.0,171.0
47,111,2.0,0.0,2.0,[46 48],260.0,171.0,551.0,180.0,333.0,191.0,236.0,156.0,287.0,176.0
47,112,2.0,0.0,2.0,[46 48],287.0,176.0,333.0,191.0,260.0,171.0,175.0,98.0,236.0,156.0
47,113,2.0,0.0,2.0,[46 48],236.0,156.0,260.0,171.0,287.0,176.0,219.0,101.0,175.0,98.0
47,114,2.0,0.0,2.0,[46 48],175.0,98.0,287.0,176.0,236.0,156.0,208.0,108.0,219.0,101.0
47,115,2.0,0.0,2.0,[46 48],219.0,101.0,236.0,156.0,175.0,98.0,185.0,99.0,208.0,108.0
47,116,2.0,0.0,2.0,[46 48],208.0,108.0,175.0,98.0,219.0,101.0,197.0,103.0,185.0,99.0
47,117,2.0,0.0,2.0,[46 48],185.0,99.0,219.0,101.0,208.0,108.0,210.0,74.0,197.0,103.0
47,118,2.0,0.0,2.0,[46 48],197.0,103.0,208.0,108.0,185.0,99.0,211.0,74.0,210.0,74.0
47,119,2.0,0.0,2.0,[46 48],210.0,74.0,185.0,99.0,197.0,103.0,216.0,70.0,211.0,74.0
47,120,2.0,0.0,2.0,[46 48],211.0,74.0,197.0,103.0,210.0,74.0,227.0,47.0,216.0,70.0
47,121,2.0,0.0,2.0,[46 48],216.0,70.0,210.0,74.0,211.0,74.0,145.0,81.0,227.0,47.0
47,122,2.0,0.0,2.0,[46 48],227.0,47.0,211.0,74.0,216.0,70.0,264.0,61.0,145.0,81.0
47,123,2.0,0.0,2.0,[46 48],145.0,81.0,216.0,70.0,227.0,47.0,176.0,89.0,264.0,61.0
47,124,2.0,0.0,2.0,[46 48],264.0,61.0,227.0,47.0,145.0,81.0,176.0,60.0,176.0,89.0
47,125,2.0,0.0,2.0,[46 48],176.0,89.0,145.0,81.0,264.0,61.0,190.0,52.0,176.0,60.0
47,126,2.0,0.0,2.0,[46 48],176.0,60.0,264.0,61.0,176.0,89.0,171.0,61.0,190.0,52.0
47,127,2.0,0.0,2.0,[46 48],190.0,52.0,176.0,89.0,176.0,60.0,144.0,51.0,171.0,61.0
47,128,2.0,0.0,2.0,[46 48],171.0,61.0,176.0,60.0,190.0,52.0,121.0,49.0,144.0,51.0
47,129,2.0,0.0,2.0,[46 48],144.0,51.0,190.0,52.0,171.0,61.0,63.0,25.0,121.0,49.0
47,130,2.0,0.0,2.0,[46 48],121.0,49.0,171.0,61.0,144.0,51.0,77.0,29.0,63.0,25.0
47,131,2.0,0.0,2.0,[46 48],63.0,25.0,144.0,51.0,121.0,49.0,116.0,32.0,77.0,29.0
47,132,2.0,0.0,2.0,[46 48],77.0,29.0,121.0,49.0,63.0,25.0,81.0,35.0,116.0,32.0
47,133,2.0,0.0,2.0,[46 48],116.0,32.0,63.0,25.0,77.0,29.0,62.0,30.0,81.0,35.0
47,134,2.0,0.0,2.0,[46 48],81.0,35.0,77.0,29.0,116.0,32.0,46.0,23.0,62.0,30.0
47,135,2.0,0.0,2.0,[46 48],62.0,30.0,116.0,32.0,81.0,35.0,22.0,24.0,46.0,23.0
47,136,2.0,0.0,2.0,[46 48],46.0,23.0,81.0,35.0,62.0,30.0,16.0,14.0,22.0,24.0
47,137,2.0,0.0,2.0,[46 48],22.0,24.0,62.0,30.0,46.0,23.0,11.0,12.0,16.0,14.0
47,138,2.0,0.0,2.0,[46 48],16.0,14.0,46.0,23.0,22.0,24.0,6.0,4.0,11.0,12.0
47,139,2.0,0.0,2.0,[46 48],11.0,12.0,22.0,24.0,16.0,14.0,3.0,3.0,6.0,4.0
47,140,2.0,0.0,2.0,[46 48],6.0,4.0,16.0,14.0,11.0,12.0,0.0,1.0,3.0,3.0
47,141,2.0,0.0,2.0,[46 48],3.0,3.0,11.0,12.0,6.0,4.0,0.0,3.0,0.0,1.0
47,142,2.0,0.0,2.0,[46 48],0.0,1.0,6.0,4.0,3.0,3.0,0.0,0.0,0.0,3.0
47,143,2.0,0.0,2.0,[46 48],0.0,3.0,3.0,3.0,0.0,1.0,0.0,0.0,0.0,0.0
48,0,2.0,0.0,2.0,[47 49],0.0,0.0,0.0,0.0,0.0,0.0,1.0,2.0,1.0,0.0
48,1,2.0,0.0,2.0,[47 49],1.0,0.0,0.0,0.0,0.0,0.0,0.0,2.0,1.0,2.0
48,2,2.0,0.0,2.0,[47 49],1.0,2.0,0.0,0.0,1.0,0.0,1.0,1.0,0.0,2.0
48,3,2.0,0.0,2.0,[47 49],0.0,2.0,1.0,0.0,1.0,2.0,0.0,0.0,1.0,1.0
48,4,2.0,0.0,2.0,[47 49],1.0,1.0,1.0,2.0,0.0,2.0,0.0,0.0,0.0,0.0
48,5,2.0,0.0,2.0,[47 49],0.0,0.0,0.0,2.0,1.0,1.0,2.0,0.0,0.0,0.0
48,6,2.0,0.0,2.0,[47 49],0.0,0.0,1.0,1.0,0.0,0.0,0.0,2.0,2.0,0.0
48,7,2.0,0.0,2.0,[47 49],2.0,0.0,0.0,0.0,0.0,0.0,0.0,0.0,0.0,2.0
48,8,2.0,0.0,2.0,[47 49],0.0,2.0,0.0,0.0,2.0,0.0,0.0,0.0,0.0,0.0
48,9,2.0,0.0,2.0,[47 49],0.0,0.0,2.0,0.0,0.0,2.0,0.0,0.0,0.0,0.0
48,10,2.0,0.0,2.0,[47 49],0.0,0.0,0.0,2.0,0.0,0.0,1.0,0.0,0.0,0.0
48,11,2.0,0.0,2.0,[47 49],0.0,0.0,0.0,0.0,0.0,0.0,0.0,1.0,1.0,0.0
48,12,2.0,0.0,2.0,[47 49],1.0,0.0,0.0,0.0,0.0,0.0,0.0,0.0,0.0,1.0
48,13,2.0,0.0,2.0,[47 49],0.0,1.0,0.0,0.0,1.0,0.0,0.0,0.0,0.0,0.0
48,14,2.0,0.0,2.0,[47 49],0.0,0.0,1.0,0.0,0.0,1.0,0.0,0.0,0.0,0.0
48,15,2.0,0.0,2.0,[47 49],0.0,0.0,0.0,1.0,0.0,0.0,0.0,0.0,0.0,0.0
48,16,2.0,0.0,2.0,[47 49],0.0,0.0,0.0,0.0,0.0,0.0,0.0,0.0,0.0,0.0
48,17,2.0,0.0,2.0,[47 49],0.0,0.0,0.0,0.0,0.0,0.0,2.0,0.0,0.0,0.0
48,18,2.0,0.0,2.0,[47 49],0.0,0.0,0.0,0.0,0.0,0.0,0.0,0.0,2.0,0.0
48,19,2.0,0.0,2.0,[47 49],2.0,0.0,0.0,0.0,0.0,0.0,0.0,2.0,0.0,0.0
48,20,2.0,0.0,2.0,[47 49],0.0,0.0,0.0,0.0,2.0,0.0,0.0,0.0,0.0,2.0
48,21,2.0,0.0,2.0,[47 49],0.0,2.0,2.0,0.0,0.0,0.0,0.0,0.0,0.0,0.0
48,22,2.0,0.0,2.0,[47 49],0.0,0.0,0.0,0.0,0.0,2.0,0.0,0.0,0.0,0.0
48,23,2.0,0.0,2.0,[47 49],0.0,0.0,0.0,2.0,0.0,0.0,0.0,0.0,0.0,0.0
48,24,2.0,0.0,2.0,[47 49],0.0,0.0,0.0,0.0,0.0,0.0,0.0,0.0,0.0,0.0
48,25,2.0,0.0,2.0,[47 49],0.0,0.0,0.0,0.0,0.0,0.0,3.0,0.0,0.0,0.0
48,26,2.0,0.0,2.0,[47 49],0.0,0.0,0.0,0.0,0.0,0.0,0.0,3.0,3.0,0.0
48,27,2.0,0.0,2.0,[47 49],3.0,0.0,0.0,0.0,0.0,0.0,0.0,0.0,0.0,3.0
48,28,2.0,0.0,2.0,[47 49],0.0,3.0,0.0,0.0,3.0,0.0,0.0,0.0,0.0,0.0
48,29,2.0,0.0,2.0,[47 49],0.0,0.0,3.0,0.0,0.0,3.0,0.0,0.0,0.0,0.0
48,30,2.0,0.0,2.0,[47 49],0.0,0.0,0.0,3.0,0.0,0.0,0.0,0.0,0.0,0.0
48,31,2.0,0.0,2.0,[47 49],0.0,0.0,0.0,0.0,0.0,0.0,0.0,0.0,0.0,0.0
48,32,2.0,0.0,2.0,[47 49],0.0,0.0,0.0,0.0,0.0,0.0,4.0,0.0,0.0,0.0
48,33,2.0,0.0,2.0,[47 49],0.0,0.0,0.0,0.0,0.0,0.0,3.0,0.0,4.0,0.0
48,34,2.0,0.0,2.0,[47 49],4.0,0.0,0.0,0.0,0.0,0.0,12.0,0.0,3.0,0.0
48,35,2.0,0.0,2.0,[47 49],3.0,0.0,0.0,0.0,4.0,0.0,18.0,3.0,12.0,0.0
48,36,2.0,0.0,2.0,[47 49],12.0,0.0,4.0,0.0,3.0,0.0,14.0,8.0,18.0,3.0
48,37,2.0,0.0,2.0,[47 49],18.0,3.0,3.0,0.0,12.0,0.0,30.0,23.0,14.0,8.0
48,38,2.0,0.0,2.0,[47 49],14.0,8.0,12.0,0.0,18.0,3.0,51.0,43.0,30.0,23.0
48,39,2.0,0.0,2.0,[47 49],30.0,23.0,18.0,3.0,14.0,8.0,73.0,53.0,51.0,43.0
48,40,2.0,0.0,2.0,[47 49],51.0,43.0,14.0,8.0,30.0,23.0,83.0,98.0,73.0,53.0
48,41,2.0,0.0,2.0,[47 49],73.0,53.0,30.0,23.0,51.0,43.0,112.0,106.0,83.0,98.0
48,42,2.0,0.0,2.0,[47 49],83.0,98.0,51.0,43.0,73.0,53.0,138.0,89.0,112.0,106.0
48,43,2.0,0.0,2.0,[47 49],112.0,106.0,73.0,53.0,83.0,98.0,205.0,146.0,138.0,89.0
48,44,2.0,0.0,2.0,[47 49],138.0,89.0,83.0,98.0,112.0,106.0,252.0,143.0,205.0,146.0
48,45,2.0,0.0,2.0,[47 49],205.0,146.0,112.0,106.0,138.0,89.0,302.0,196.0,252.0,143.0
48,46,2.0,0.0,2.0,[47 49],252.0,143.0,138.0,89.0,205.0,146.0,357.0,308.0,302.0,196.0
48,47,2.0,0.0,2.0,[47 49],302.0,196.0,205.0,146.0,252.0,143.0,302.0,303.0,357.0,308.0
48,48,2.0,0.0,2.0,[47 49],357.0,308.0,252.0,143.0,302.0,196.0,247.0,416.0,302.0,303.0
48,49,2.0,0.0,2.0,[47 49],302.0,303.0,302.0,196.0,357.0,308.0,275.0,369.0,247.0,416.0
48,50,2.0,0.0,2.0,[47 49],247.0,416.0,357.0,308.0,302.0,303.0,239.0,338.0,275.0,369.0
48,51,2.0,0.0,2.0,[47 49],275.0,369.0,302.0,303.0,247.0,416.0,180.0,279.0,239.0,338.0
48,52,2.0,0.0,2.0,[47 49],239.0,338.0,247.0,416.0,275.0,369.0,142.0,140.0,180.0,279.0
48,53,2.0,0.0,2.0,[47 49],180.0,279.0,275.0,369.0,239.0,338.0,124.0,157.0,142.0,140.0
48,54,2.0,0.0,2.0,[47 49],142.0,140.0,239.0,338.0,180.0,279.0,120.0,185.0,124.0,157.0
48,55,2.0,0.0,2.0,[47 49],124.0,157.0,180.0,279.0,142.0,140.0,107.0,122.0,120.0,185.0
48,56,2.0,0.0,2.0,[47 49],120.0,185.0,142.0,140.0,124.0,157.0,106.0,151.0,107.0,122.0
48,57,2.0,0.0,2.0,[47 49],107.0,122.0,124.0,157.0,120.0,185.0,95.0,156.0,106.0,151.0
48,58,2.0,0.0,2.0,[47 49],106.0,151.0,120.0,185.0,107.0,122.0,79.0,105.0,95.0,156.0
48,59,2.0,0.0,2.0,[47 49],95.0,156.0,107.0,122.0,106.0,151.0,82.0,123.0,79.0,105.0
48,60,2.0,0.0,2.0,[47 49],79.0,105.0,106.0,151.0,95.0,156.0,106.0,116.0,82.0,123.0
48,61,2.0,0.0,2.0,[47 49],82.0,123.0,95.0,156.0,79.0,105.0,82.0,95.0,106.0,116.0
48,62,2.0,0.0,2.0,[47 49],106.0,116.0,79.0,105.0,82.0,123.0,98.0,88.0,82.0,95.0
48,63,2.0,0.0,2.0,[47 49],82.0,95.0,82.0,123.0,106.0,116.0,69.0,104.0,98.0,88.0
48,64,2.0,0.0,2.0,[47 49],98.0,88.0,106.0,116.0,82.0,95.0,67.0,108.0,69.0,104.0
48,65,2.0,0.0,2.0,[47 49],69.0,104.0,82.0,95.0,98.0,88.0,69.0,116.0,67.0,108.0
48,66,2.0,0.0,2.0,[47 49],67.0,108.0,98.0,88.0,69.0,104.0,73.0,75.0,69.0,116.0
48,67,2.0,0.0,2.0,[47 49],69.0,116.0,69.0,104.0,67.0,108.0,77.0,94.0,73.0,75.0
48,68,2.0,0.0,2.0,[47 49],73.0,75.0,67.0,108.0,69.0,116.0,68.0,78.0,77.0,94.0
48,69,2.0,0.0,2.0,[47 49],77.0,94.0,69.0,116.0,73.0,75.0,88.0,108.0,68.0,78.0
48,70,2.0,0.0,2.0,[47 49],68.0,78.0,73.0,75.0,77.0,94.0,87.0,94.0,88.0,108.0
48,71,2.0,0.0,2.0,[47 49],88.0,108.0,77.0,94.0,68.0,78.0,86.0,84.0,87.0,94.0
48,72,2.0,0.0,2.0,[47 49],87.0,94.0,68.0,78.0,88.0,108.0,79.0,101.0,86.0,84.0
48,73,2.0,0.0,2.0,[47 49],86.0,84.0,88.0,108.0,87.0,94.0,85.0,92.0,79.0,101.0
48,74,2.0,0.0,2.0,[47 49],79.0,101.0,87.0,94.0,86.0,84.0,73.0,96.0,85.0,92.0
48,75,2.0,0.0,2.0,[47 49],85.0,92.0,86.0,84.0,79.0,101.0,92.0,85.0,73.0,96.0
48,76,2.0,0.0,2.0,[47 49],73.0,96.0,79.0,101.0,85.0,92.0,108.0,90.0,92.0,85.0
48,77,2.0,0.0,2.0,[47 49],92.0,85.0,85.0,92.0,73.0,96.0,79.0,111.0,108.0,90.0
48,78,2.0,0.0,2.0,[47 49],108.0,90.0,73.0,96.0,92.0,85.0,98.0,93.0,79.0,111.0
48,79,2.0,0.0,2.0,[47 49],79.0,111.0,92.0,85.0,108.0,90.0,118.0,120.0,98.0,93.0
48,80,2.0,0.0,2.0,[47 49],98.0,93.0,108.0,90.0,79.0,111.0,108.0,108.0,118.0,120.0
48,81,2.0,0.0,2.0,[47 49],118.0,120.0,79.0,111.0,98.0,93.0,95.0,101.0,108.0,108.0
48,82,2.0,0.0,2.0,[47 49],108.0,108.0,98.0,93.0,118.0,120.0,95.0,92.0,95.0,101.0
48,83,2.0,0.0,2.0,[47 49],95.0,101.0,118.0,120.0,108.0,108.0,106.0,115.0,95.0,92.0
48,84,2.0,0.0,2.0,[47 49],95.0,92.0,108.0,108.0,95.0,101.0,105.0,87.0,106.0,115.0
48,85,2.0,0.0,2.0,[47 49],106.0,115.0,95.0,101.0,95.0,92.0,81.0,76.0,105.0,87.0
48,86,2.0,0.0,2.0,[47 49],105.0,87.0,95.0,92.0,106.0,115.0,96.0,90.0,81.0,76.0
48,87,2.0,0.0,2.0,[47 49],81.0,76.0,106.0,115.0,105.0,87.0,103.0,83.0,96.0,90.0
48,88,2.0,0.0,2.0,[47 49],96.0,90.0,105.0,87.0,81.0,76.0,105.0,65.0,103.0,83.0
48,89,2.0,0.0,2.0,[47 49],103.0,83.0,81.0,76.0,96.0,90.0,105.0,91.0,105.0,65.0
48,90,2.0,0.0,2.0,[47 49],105.0,65.0,96.0,90.0,103.0,83.0,77.0,86.0,105.0,91.0
48,91,2.0,0.0,2.0,[47 49],105.0,91.0,103.0,83.0,105.0,65.0,131.0,84.0,77.0,86.0
48,92,2.0,0.0,2.0,[47 49],77.0,86.0,105.0,65.0,105.0,91.0,128.0,97.0,131.0,84.0
48,93,2.0,0.0,2.0,[47 49],131.0,84.0,105.0,91.0,77.0,86.0,155.0,76.0,128.0,97.0
48,94,2.0,0.0,2.0,[47 49],128.0,97.0,77.0,86.0,131.0,84.0,142.0,104.0,155.0,76.0
48,95,2.0,0.0,2.0,[47 49],155.0,76.0,131.0,84.0,128.0,97.0,137.0,96.0,142.0,104.0
48,96,2.0,0.0,2.0,[47 49],142.0,104.0,128.0,97.0,155.0,76.0,137.0,93.0,137.0,96.0
48,97,2.0,0.0,2.0,[47 49],137.0,96.0,155.0,76.0,142.0,104.0,145.0,91.0,137.0,93.0
48,98,2.0,0.0,2.0,[47 49],137.0,93.0,142.0,104.0,137.0,96.0,214.0,94.0,145.0,91.0
48,99,2.0,0.0,2.0,[47 49],145.0,91.0,137.0,96.0,137.0,93.0,233.0,134.0,214.0,94.0
48,100,2.0,0.0,2.0,[47 49],214.0,94.0,137.0,93.0,145.0,91.0,232.0,118.0,233.0,134.0
48,101,2.0,0.0,2.0,[47 49],233.0,134.0,145.0,91.0,214.0,94.0,293.0,135.0,232.0,118.0
48,102,2.0,0.0,2.0,[47 49],232.0,118.0,214.0,94.0,233.0,134.0,284.0,214.0,293.0,135.0
48,103,2.0,0.0,2.0,[47 49],293.0,135.0,233.0,134.0,232.0,118.0,259.0,218.0,284.0,214.0
48,104,2.0,0.0,2.0,[47 49],284.0,214.0,232.0,118.0,293.0,135.0,345.0,232.0,259.0,218.0
48,105,2.0,0.0,2.0,[47 49],259.0,218.0,293.0,135.0,284.0,214.0,231.0,236.0,345.0,232.0
48,106,2.0,0.0,2.0,[47 49],345.0,232.0,284.0,214.0,259.0,218.0,257.0,225.0,231.0,236.0
48,107,2.0,0.0,2.0,[47 49],231.0,236.0,259.0,218.0,345.0,232.0,234.0,198.0,257.0,225.0
48,108,2.0,0.0,2.0,[47 49],257.0,225.0,345.0,232.0,231.0,236.0,170.0,260.0,234.0,198.0
48,109,2.0,0.0,2.0,[47 49],234.0,198.0,231.0,236.0,257.0,225.0,123.0,159.0,170.0,260.0
48,110,2.0,0.0,2.0,[47 49],170.0,260.0,257.0,225.0,234.0,198.0,129.0,143.0,123.0,159.0
48,111,2.0,0.0,2.0,[47 49],123.0,159.0,234.0,198.0,170.0,260.0,123.0,165.0,129.0,143.0
48,112,2.0,0.0,2.0,[47 49],129.0,143.0,170.0,260.0,123.0,159.0,100.0,116.0,123.0,165.0
48,113,2.0,0.0,2.0,[47 49],123.0,165.0,123.0,159.0,129.0,143.0,129.0,111.0,100.0,116.0
48,114,2.0,0.0,2.0,[47 49],100.0,116.0,129.0,143.0,123.0,165.0,90.0,121.0,129.0,111.0
48,115,2.0,0.0,2.0,[47 49],129.0,111.0,123.0,165.0,100.0,116.0,97.0,94.0,90.0,121.0
48,116,2.0,0.0,2.0,[47 49],90.0,121.0,100.0,116.0,129.0,111.0,101.0,100.0,97.0,94.0
48,117,2.0,0.0,2.0,[47 49],97.0,94.0,129.0,111.0,90.0,121.0,121.0,100.0,101.0,100.0
48,118,2.0,0.0,2.0,[47 49],101.0,100.0,90.0,121.0,97.0,94.0,88.0,107.0,121.0,100.0
48,119,2.0,0.0,2.0,[47 49],121.0,100.0,97.0,94.0,101.0,100.0,86.0,96.0,88.0,107.0
48,120,2.0,0.0,2.0,[47 49],88.0,107.0,101.0,100.0,121.0,100.0,84.0,113.0,86.0,96.0
48,121,2.0,0.0,2.0,[47 49],86.0,96.0,121.0,100.0,88.0,107.0,110.0,132.0,84.0,113.0
48,122,2.0,0.0,2.0,[47 49],84.0,113.0,88.0,107.0,86.0,96.0,87.0,89.0,110.0,132.0
48,123,2.0,0.0,2.0,[47 49],110.0,132.0,86.0,96.0,84.0,113.0,126.0,104.0,87.0,89.0
48,124,2.0,0.0,2.0,[47 49],87.0,89.0,84.0,113.0,110.0,132.0,86.0,135.0,126.0,104.0
48,125,2.0,0.0,2.0,[47 49],126.0,104.0,110.0,132.0,87.0,89.0,105.0,118.0,86.0,135.0
48,126,2.0,0.0,2.0,[47 49],86.0,135.0,87.0,89.0,126.0,104.0,143.0,76.0,105.0,118.0
48,127,2.0,0.0,2.0,[47 49],105.0,118.0,126.0,104.0,86.0,135.0,63.0,111.0,143.0,76.0
48,128,2.0,0.0,2.0,[47 49],143.0,76.0,86.0,135.0,105.0,118.0,54.0,105.0,63.0,111.0
48,129,2.0,0.0,2.0,[47 49],63.0,111.0,105.0,118.0,143.0,76.0,50.0,100.0,54.0,105.0
48,130,2.0,0.0,2.0,[47 49],54.0,105.0,143.0,76.0,63.0,111.0,54.0,51.0,50.0,100.0
48,131,2.0,0.0,2.0,[47 49],50.0,100.0,63.0,111.0,54.0,105.0,28.0,83.0,54.0,51.0
48,132,2.0,0.0,2.0,[47 49],54.0,51.0,54.0,105.0,50.0,100.0,19.0,51.0,28.0,83.0
48,133,2.0,0.0,2.0,[47 49],28.0,83.0,50.0,100.0,54.0,51.0,22.0,75.0,19.0,51.0
48,134,2.0,0.0,2.0,[47 49],19.0,51.0,54.0,51.0,28.0,83.0,8.0,45.0,22.0,75.0
48,135,2.0,0.0,2.0,[47 49],22.0,75.0,28.0,83.0,19.0,51.0,10.0,38.0,8.0,45.0
48,136,2.0,0.0,2.0,[47 49],8.0,45.0,19.0,51.0,22.0,75.0,15.0,21.0,10.0,38.0
48,137,2.0,0.0,2.0,[47 49],10.0,38.0,22.0,75.0,8.0,45.0,7.0,13.0,15.0,21.0
48,138,2.0,0.0,2.0,[47 49],15.0,21.0,8.0,45.0,10.0,38.0,2.0,11.0,7.0,13.0
48,139,2.0,0.0,2.0,[47 49],7.0,13.0,10.0,38.0,15.0,21.0,0.0,7.0,2.0,11.0
48,140,2.0,0.0,2.0,[47 49],2.0,11.0,15.0,21.0,7.0,13.0,0.0,4.0,0.0,7.0
48,141,2.0,0.0,2.0,[47 49],0.0,7.0,7.0,13.0,2.0,11.0,0.0,0.0,0.0,4.0
48,142,2.0,0.0,2.0,[47 49],0.0,4.0,2.0,11.0,0.0,7.0,0.0,0.0,0.0,0.0
48,143,2.0,0.0,2.0,[47 49],0.0,0.0,0.0,7.0,0.0,4.0,0.0,0.0,0.0,0.0
49,0,2.0,0.0,2.0,[48 50],0.0,0.0,0.0,0.0,0.0,0.0,2.0,0.0,0.0,0.0
49,1,2.0,0.0,2.0,[48 50],0.0,0.0,0.0,0.0,0.0,0.0,0.0,0.0,2.0,0.0
49,2,2.0,0.0,2.0,[48 50],2.0,0.0,0.0,0.0,0.0,0.0,0.0,0.0,0.0,0.0
49,3,2.0,0.0,2.0,[48 50],0.0,0.0,0.0,0.0,2.0,0.0,0.0,0.0,0.0,0.0
49,4,2.0,0.0,2.0,[48 50],0.0,0.0,2.0,0.0,0.0,0.0,1.0,1.0,0.0,0.0
49,5,2.0,0.0,2.0,[48 50],0.0,0.0,0.0,0.0,0.0,0.0,0.0,0.0,1.0,1.0
49,6,2.0,0.0,2.0,[48 50],1.0,1.0,0.0,0.0,0.0,0.0,0.0,0.0,0.0,0.0
49,7,2.0,0.0,2.0,[48 50],0.0,0.0,0.0,0.0,1.0,1.0,0.0,0.0,0.0,0.0
49,8,2.0,0.0,2.0,[48 50],0.0,0.0,1.0,1.0,0.0,0.0,0.0,0.0,0.0,0.0
49,9,2.0,0.0,2.0,[48 50],0.0,0.0,0.0,0.0,0.0,0.0,0.0,0.0,0.0,0.0
49,10,2.0,0.0,2.0,[48 50],0.0,0.0,0.0,0.0,0.0,0.0,0.0,0.0,0.0,0.0
49,11,2.0,0.0,2.0,[48 50],0.0,0.0,0.0,0.0,0.0,0.0,0.0,1.0,0.0,0.0
49,12,2.0,0.0,2.0,[48 50],0.0,0.0,0.0,0.0,0.0,0.0,0.0,0.0,0.0,1.0
49,13,2.0,0.0,2.0,[48 50],0.0,1.0,0.0,0.0,0.0,0.0,0.0,0.0,0.0,0.0
49,14,2.0,0.0,2.0,[48 50],0.0,0.0,0.0,0.0,0.0,1.0,0.0,0.0,0.0,0.0
49,15,2.0,0.0,2.0,[48 50],0.0,0.0,0.0,1.0,0.0,0.0,0.0,0.0,0.0,0.0
49,16,2.0,0.0,2.0,[48 50],0.0,0.0,0.0,0.0,0.0,0.0,0.0,0.0,0.0,0.0
49,17,2.0,0.0,2.0,[48 50],0.0,0.0,0.0,0.0,0.0,0.0,0.0,0.0,0.0,0.0
49,18,2.0,0.0,2.0,[48 50],0.0,0.0,0.0,0.0,0.0,0.0,0.0,0.0,0.0,0.0
49,19,2.0,0.0,2.0,[48 50],0.0,0.0,0.0,0.0,0.0,0.0,0.0,0.0,0.0,0.0
49,20,2.0,0.0,2.0,[48 50],0.0,0.0,0.0,0.0,0.0,0.0,0.0,0.0,0.0,0.0
49,21,2.0,0.0,2.0,[48 50],0.0,0.0,0.0,0.0,0.0,0.0,0.0,0.0,0.0,0.0
49,22,2.0,0.0,2.0,[48 50],0.0,0.0,0.0,0.0,0.0,0.0,0.0,0.0,0.0,0.0
49,23,2.0,0.0,2.0,[48 50],0.0,0.0,0.0,0.0,0.0,0.0,0.0,0.0,0.0,0.0
49,24,2.0,0.0,2.0,[48 50],0.0,0.0,0.0,0.0,0.0,0.0,0.0,0.0,0.0,0.0
49,25,2.0,0.0,2.0,[48 50],0.0,0.0,0.0,0.0,0.0,0.0,0.0,0.0,0.0,0.0
49,26,2.0,0.0,2.0,[48 50],0.0,0.0,0.0,0.0,0.0,0.0,0.0,0.0,0.0,0.0
49,27,2.0,0.0,2.0,[48 50],0.0,0.0,0.0,0.0,0.0,0.0,0.0,0.0,0.0,0.0
49,28,2.0,0.0,2.0,[48 50],0.0,0.0,0.0,0.0,0.0,0.0,1.0,0.0,0.0,0.0
49,29,2.0,0.0,2.0,[48 50],0.0,0.0,0.0,0.0,0.0,0.0,0.0,1.0,1.0,0.0
49,30,2.0,0.0,2.0,[48 50],1.0,0.0,0.0,0.0,0.0,0.0,0.0,0.0,0.0,1.0
49,31,2.0,0.0,2.0,[48 50],0.0,1.0,0.0,0.0,1.0,0.0,0.0,0.0,0.0,0.0
49,32,2.0,0.0,2.0,[48 50],0.0,0.0,1.0,0.0,0.0,1.0,4.0,0.0,0.0,0.0
49,33,2.0,0.0,2.0,[48 50],0.0,0.0,0.0,1.0,0.0,0.0,12.0,0.0,4.0,0.0
49,34,2.0,0.0,2.0,[48 50],4.0,0.0,0.0,0.0,0.0,0.0,28.0,3.0,12.0,0.0
49,35,2.0,0.0,2.0,[48 50],12.0,0.0,0.0,0.0,4.0,0.0,15.0,3.0,28.0,3.0
49,36,2.0,0.0,2.0,[48 50],28.0,3.0,4.0,0.0,12.0,0.0,21.0,12.0,15.0,3.0
49,37,2.0,0.0,2.0,[48 50],15.0,3.0,12.0,0.0,28.0,3.0,28.0,29.0,21.0,12.0
49,38,2.0,0.0,2.0,[48 50],21.0,12.0,28.0,3.0,15.0,3.0,52.0,42.0,28.0,29.0
49,39,2.0,0.0,2.0,[48 50],28.0,29.0,15.0,3.0,21.0,12.0,71.0,58.0,52.0,42.0
49,40,2.0,0.0,2.0,[48 50],52.0,42.0,21.0,12.0,28.0,29.0,90.0,111.0,71.0,58.0
49,41,2.0,0.0,2.0,[48 50],71.0,58.0,28.0,29.0,52.0,42.0,107.0,177.0,90.0,111.0
49,42,2.0,0.0,2.0,[48 50],90.0,111.0,52.0,42.0,71.0,58.0,157.0,169.0,107.0,177.0
49,43,2.0,0.0,2.0,[48 50],107.0,177.0,71.0,58.0,90.0,111.0,221.0,195.0,157.0,169.0
49,44,2.0,0.0,2.0,[48 50],157.0,169.0,90.0,111.0,107.0,177.0,296.0,297.0,221.0,195.0
49,45,2.0,0.0,2.0,[48 50],221.0,195.0,107.0,177.0,157.0,169.0,357.0,328.0,296.0,297.0
49,46,2.0,0.0,2.0,[48 50],296.0,297.0,157.0,169.0,221.0,195.0,400.0,476.0,357.0,328.0
49,47,2.0,0.0,2.0,[48 50],357.0,328.0,221.0,195.0,296.0,297.0,412.0,635.0,400.0,476.0
49,48,2.0,0.0,2.0,[48 50],400.0,476.0,296.0,297.0,357.0,328.0,330.0,506.0,412.0,635.0
49,49,2.0,0.0,2.0,[48 50],412.0,635.0,357.0,328.0,400.0,476.0,387.0,426.0,330.0,506.0
49,50,2.0,0.0,2.0,[48 50],330.0,506.0,400.0,476.0,412.0,635.0,313.0,425.0,387.0,426.0
49,51,2.0,0.0,2.0,[48 50],387.0,426.0,412.0,635.0,330.0,506.0,198.0,305.0,313.0,425.0
49,52,2.0,0.0,2.0,[48 50],313.0,425.0,330.0,506.0,387.0,426.0,208.0,276.0,198.0,305.0
49,53,2.0,0.0,2.0,[48 50],198.0,305.0,387.0,426.0,313.0,425.0,188.0,184.0,208.0,276.0
49,54,2.0,0.0,2.0,[48 50],208.0,276.0,313.0,425.0,198.0,305.0,163.0,221.0,188.0,184.0
49,55,2.0,0.0,2.0,[48 50],188.0,184.0,198.0,305.0,208.0,276.0,177.0,173.0,163.0,221.0
49,56,2.0,0.0,2.0,[48 50],163.0,221.0,208.0,276.0,188.0,184.0,133.0,177.0,177.0,173.0
49,57,2.0,0.0,2.0,[48 50],177.0,173.0,188.0,184.0,163.0,221.0,141.0,139.0,133.0,177.0
49,58,2.0,0.0,2.0,[48 50],133.0,177.0,163.0,221.0,177.0,173.0,152.0,142.0,141.0,139.0
49,59,2.0,0.0,2.0,[48 50],141.0,139.0,177.0,173.0,133.0,177.0,122.0,117.0,152.0,142.0
49,60,2.0,0.0,2.0,[48 50],152.0,142.0,133.0,177.0,141.0,139.0,123.0,102.0,122.0,117.0
49,61,2.0,0.0,2.0,[48 50],122.0,117.0,141.0,139.0,152.0,142.0,115.0,117.0,123.0,102.0
49,62,2.0,0.0,2.0,[48 50],123.0,102.0,152.0,142.0,122.0,117.0,130.0,110.0,115.0,117.0
49,63,2.0,0.0,2.0,[48 50],115.0,117.0,122.0,117.0,123.0,102.0,148.0,89.0,130.0,110.0
49,64,2.0,0.0,2.0,[48 50],130.0,110.0,123.0,102.0,115.0,117.0,139.0,110.0,148.0,89.0
49,65,2.0,0.0,2.0,[48 50],148.0,89.0,115.0,117.0,130.0,110.0,125.0,108.0,139.0,110.0
49,66,2.0,0.0,2.0,[48 50],139.0,110.0,130.0,110.0,148.0,89.0,127.0,115.0,125.0,108.0
49,67,2.0,0.0,2.0,[48 50],125.0,108.0,148.0,89.0,139.0,110.0,120.0,139.0,127.0,115.0
49,68,2.0,0.0,2.0,[48 50],127.0,115.0,139.0,110.0,125.0,108.0,152.0,81.0,120.0,139.0
49,69,2.0,0.0,2.0,[48 50],120.0,139.0,125.0,108.0,127.0,115.0,164.0,99.0,152.0,81.0
49,70,2.0,0.0,2.0,[48 50],152.0,81.0,127.0,115.0,120.0,139.0,112.0,113.0,164.0,99.0
49,71,2.0,0.0,2.0,[48 50],164.0,99.0,120.0,139.0,152.0,81.0,126.0,85.0,112.0,113.0
49,72,2.0,0.0,2.0,[48 50],112.0,113.0,152.0,81.0,164.0,99.0,101.0,113.0,126.0,85.0
49,73,2.0,0.0,2.0,[48 50],126.0,85.0,164.0,99.0,112.0,113.0,136.0,106.0,101.0,113.0
49,74,2.0,0.0,2.0,[48 50],101.0,113.0,112.0,113.0,126.0,85.0,146.0,95.0,136.0,106.0
49,75,2.0,0.0,2.0,[48 50],136.0,106.0,126.0,85.0,101.0,113.0,116.0,105.0,146.0,95.0
49,76,2.0,0.0,2.0,[48 50],146.0,95.0,101.0,113.0,136.0,106.0,109.0,137.0,116.0,105.0
49,77,2.0,0.0,2.0,[48 50],116.0,105.0,136.0,106.0,146.0,95.0,148.0,125.0,109.0,137.0
49,78,2.0,0.0,2.0,[48 50],109.0,137.0,146.0,95.0,116.0,105.0,136.0,151.0,148.0,125.0
49,79,2.0,0.0,2.0,[48 50],148.0,125.0,116.0,105.0,109.0,137.0,113.0,123.0,136.0,151.0
49,80,2.0,0.0,2.0,[48 50],136.0,151.0,109.0,137.0,148.0,125.0,123.0,154.0,113.0,123.0
49,81,2.0,0.0,2.0,[48 50],113.0,123.0,148.0,125.0,136.0,151.0,101.0,123.0,123.0,154.0
49,82,2.0,0.0,2.0,[48 50],123.0,154.0,136.0,151.0,113.0,123.0,106.0,143.0,101.0,123.0
49,83,2.0,0.0,2.0,[48 50],101.0,123.0,113.0,123.0,123.0,154.0,127.0,92.0,106.0,143.0
49,84,2.0,0.0,2.0,[48 50],106.0,143.0,123.0,154.0,101.0,123.0,100.0,105.0,127.0,92.0
49,85,2.0,0.0,2.0,[48 50],127.0,92.0,101.0,123.0,106.0,143.0,101.0,104.0,100.0,105.0
49,86,2.0,0.0,2.0,[48 50],100.0,105.0,106.0,143.0,127.0,92.0,132.0,102.0,101.0,104.0
49,87,2.0,0.0,2.0,[48 50],101.0,104.0,127.0,92.0,100.0,105.0,150.0,112.0,132.0,102.0
49,88,2.0,0.0,2.0,[48 50],132.0,102.0,100.0,105.0,101.0,104.0,147.0,109.0,150.0,112.0
49,89,2.0,0.0,2.0,[48 50],150.0,112.0,101.0,104.0,132.0,102.0,170.0,89.0,147.0,109.0
49,90,2.0,0.0,2.0,[48 50],147.0,109.0,132.0,102.0,150.0,112.0,178.0,97.0,170.0,89.0
49,91,2.0,0.0,2.0,[48 50],170.0,89.0,150.0,112.0,147.0,109.0,141.0,99.0,178.0,97.0
49,92,2.0,0.0,2.0,[48 50],178.0,97.0,147.0,109.0,170.0,89.0,175.0,106.0,141.0,99.0
49,93,2.0,0.0,2.0,[48 50],141.0,99.0,170.0,89.0,178.0,97.0,166.0,113.0,175.0,106.0
49,94,2.0,0.0,2.0,[48 50],175.0,106.0,178.0,97.0,141.0,99.0,170.0,103.0,166.0,113.0
49,95,2.0,0.0,2.0,[48 50],166.0,113.0,141.0,99.0,175.0,106.0,142.0,114.0,170.0,103.0
49,96,2.0,0.0,2.0,[48 50],170.0,103.0,175.0,106.0,166.0,113.0,171.0,110.0,142.0,114.0
49,97,2.0,0.0,2.0,[48 50],142.0,114.0,166.0,113.0,170.0,103.0,158.0,108.0,171.0,110.0
49,98,2.0,0.0,2.0,[48 50],171.0,110.0,170.0,103.0,142.0,114.0,154.0,139.0,158.0,108.0
49,99,2.0,0.0,2.0,[48 50],158.0,108.0,142.0,114.0,171.0,110.0,215.0,127.0,154.0,139.0
49,100,2.0,0.0,2.0,[48 50],154.0,139.0,171.0,110.0,158.0,108.0,220.0,135.0,215.0,127.0
49,101,2.0,0.0,2.0,[48 50],215.0,127.0,158.0,108.0,154.0,139.0,329.0,160.0,220.0,135.0
49,102,2.0,0.0,2.0,[48 50],220.0,135.0,154.0,139.0,215.0,127.0,351.0,204.0,329.0,160.0
49,103,2.0,0.0,2.0,[48 50],329.0,160.0,215.0,127.0,220.0,135.0,426.0,218.0,351.0,204.0
49,104,2.0,0.0,2.0,[48 50],351.0,204.0,220.0,135.0,329.0,160.0,348.0,240.0,426.0,218.0
49,105,2.0,0.0,2.0,[48 50],426.0,218.0,329.0,160.0,351.0,204.0,341.0,304.0,348.0,240.0
49,106,2.0,0.0,2.0,[48 50],348.0,240.0,351.0,204.0,426.0,218.0,317.0,325.0,341.0,304.0
49,107,2.0,0.0,2.0,[48 50],341.0,304.0,426.0,218.0,348.0,240.0,305.0,222.0,317.0,325.0
49,108,2.0,0.0,2.0,[48 50],317.0,325.0,348.0,240.0,341.0,304.0,251.0,315.0,305.0,222.0
49,109,2.0,0.0,2.0,[48 50],305.0,222.0,341.0,304.0,317.0,325.0,210.0,291.0,251.0,315.0
49,110,2.0,0.0,2.0,[48 50],251.0,315.0,317.0,325.0,305.0,222.0,170.0,190.0,210.0,291.0
49,111,2.0,0.0,2.0,[48 50],210.0,291.0,305.0,222.0,251.0,315.0,162.0,230.0,170.0,190.0
49,112,2.0,0.0,2.0,[48 50],170.0,190.0,251.0,315.0,210.0,291.0,120.0,179.0,162.0,230.0
49,113,2.0,0.0,2.0,[48 50],162.0,230.0,210.0,291.0,170.0,190.0,142.0,139.0,120.0,179.0
49,114,2.0,0.0,2.0,[48 50],120.0,179.0,170.0,190.0,162.0,230.0,113.0,122.0,142.0,139.0
49,115,2.0,0.0,2.0,[48 50],142.0,139.0,162.0,230.0,120.0,179.0,122.0,156.0,113.0,122.0
49,116,2.0,0.0,2.0,[48 50],113.0,122.0,120.0,179.0,142.0,139.0,99.0,114.0,122.0,156.0
49,117,2.0,0.0,2.0,[48 50],122.0,156.0,142.0,139.0,113.0,122.0,113.0,127.0,99.0,114.0
49,118,2.0,0.0,2.0,[48 50],99.0,114.0,113.0,122.0,122.0,156.0,117.0,136.0,113.0,127.0
49,119,2.0,0.0,2.0,[48 50],113.0,127.0,122.0,156.0,99.0,114.0,99.0,103.0,117.0,136.0
49,120,2.0,0.0,2.0,[48 50],117.0,136.0,99.0,114.0,113.0,127.0,106.0,134.0,99.0,103.0
49,121,2.0,0.0,2.0,[48 50],99.0,103.0,113.0,127.0,117.0,136.0,109.0,131.0,106.0,134.0
49,122,2.0,0.0,2.0,[48 50],106.0,134.0,117.0,136.0,99.0,103.0,100.0,138.0,109.0,131.0
49,123,2.0,0.0,2.0,[48 50],109.0,131.0,99.0,103.0,106.0,134.0,95.0,139.0,100.0,138.0
49,124,2.0,0.0,2.0,[48 50],100.0,138.0,106.0,134.0,109.0,131.0,98.0,147.0,95.0,139.0
49,125,2.0,0.0,2.0,[48 50],95.0,139.0,109.0,131.0,100.0,138.0,111.0,143.0,98.0,147.0
49,126,2.0,0.0,2.0,[48 50],98.0,147.0,100.0,138.0,95.0,139.0,92.0,113.0,111.0,143.0
49,127,2.0,0.0,2.0,[48 50],111.0,143.0,95.0,139.0,98.0,147.0,70.0,133.0,92.0,113.0
49,128,2.0,0.0,2.0,[48 50],92.0,113.0,98.0,147.0,111.0,143.0,71.0,106.0,70.0,133.0
49,129,2.0,0.0,2.0,[48 50],70.0,133.0,111.0,143.0,92.0,113.0,73.0,94.0,71.0,106.0
49,130,2.0,0.0,2.0,[48 50],71.0,106.0,92.0,113.0,70.0,133.0,65.0,123.0,73.0,94.0
49,131,2.0,0.0,2.0,[48 50],73.0,94.0,70.0,133.0,71.0,106.0,50.0,56.0,65.0,123.0
49,132,2.0,0.0,2.0,[48 50],65.0,123.0,71.0,106.0,73.0,94.0,39.0,92.0,50.0,56.0
49,133,2.0,0.0,2.0,[48 50],50.0,56.0,73.0,94.0,65.0,123.0,56.0,64.0,39.0,92.0
49,134,2.0,0.0,2.0,[48 50],39.0,92.0,65.0,123.0,50.0,56.0,42.0,56.0,56.0,64.0
49,135,2.0,0.0,2.0,[48 50],56.0,64.0,50.0,56.0,39.0,92.0,14.0,35.0,42.0,56.0
49,136,2.0,0.0,2.0,[48 50],42.0,56.0,39.0,92.0,56.0,64.0,14.0,38.0,14.0,35.0
49,137,2.0,0.0,2.0,[48 50],14.0,35.0,56.0,64.0,42.0,56.0,15.0,43.0,14.0,38.0
49,138,2.0,0.0,2.0,[48 50],14.0,38.0,42.0,56.0,14.0,35.0,5.0,21.0,15.0,43.0
49,139,2.0,0.0,2.0,[48 50],15.0,43.0,14.0,35.0,14.0,38.0,3.0,10.0,5.0,21.0
49,140,2.0,0.0,2.0,[48 50],5.0,21.0,14.0,38.0,15.0,43.0,0.0,3.0,3.0,10.0
49,141,2.0,0.0,2.0,[48 50],3.0,10.0,15.0,43.0,5.0,21.0,0.0,1.0,0.0,3.0
49,142,2.0,0.0,2.0,[48 50],0.0,3.0,5.0,21.0,3.0,10.0,0.0,0.0,0.0,1.0
49,143,2.0,0.0,2.0,[48 50],0.0,1.0,3.0,10.0,0.0,3.0,0.0,0.0,0.0,0.0
50,0,2.0,0.0,3.0,[10 49 51],0.0,0.0,0.0,0.0,0.0,0.0,0.0,1.0,2.0,0.0
50,1,2.0,0.0,3.0,[10 49 51],2.0,0.0,0.0,0.0,0.0,0.0,2.0,0.0,0.0,1.0
50,2,2.0,0.0,3.0,[10 49 51],0.0,1.0,0.0,0.0,2.0,0.0,1.0,1.0,2.0,0.0
50,3,2.0,0.0,3.0,[10 49 51],2.0,0.0,2.0,0.0,0.0,1.0,2.0,1.0,1.0,1.0
50,4,2.0,0.0,3.0,[10 49 51],1.0,1.0,0.0,1.0,2.0,0.0,3.0,3.0,2.0,1.0
50,5,2.0,0.0,3.0,[10 49 51],2.0,1.0,2.0,0.0,1.0,1.0,2.0,5.0,3.0,3.0
50,6,2.0,0.0,3.0,[10 49 51],3.0,3.0,1.0,1.0,2.0,1.0,0.0,0.0,2.0,5.0
50,7,2.0,0.0,3.0,[10 49 51],2.0,5.0,2.0,1.0,3.0,3.0,0.0,0.0,0.0,0.0
50,8,2.0,0.0,3.0,[10 49 51],0.0,0.0,3.0,3.0,2.0,5.0,0.0,0.0,0.0,0.0
50,9,2.0,0.0,3.0,[10 49 51],0.0,0.0,2.0,5.0,0.0,0.0,0.0,0.0,0.0,0.0
50,10,2.0,0.0,3.0,[10 49 51],0.0,0.0,0.0,0.0,0.0,0.0,1.0,0.0,0.0,0.0
50,11,2.0,0.0,3.0,[10 49 51],0.0,0.0,0.0,0.0,0.0,0.0,2.0,3.0,1.0,0.0
50,12,2.0,0.0,3.0,[10 49 51],1.0,0.0,0.0,0.0,0.0,0.0,0.0,0.0,2.0,3.0
50,13,2.0,0.0,3.0,[10 49 51],2.0,3.0,0.0,0.0,1.0,0.0,0.0,0.0,0.0,0.0
50,14,2.0,0.0,3.0,[10 49 51],0.0,0.0,1.0,0.0,2.0,3.0,0.0,0.0,0.0,0.0
50,15,2.0,0.0,3.0,[10 49 51],0.0,0.0,2.0,3.0,0.0,0.0,0.0,0.0,0.0,0.0
50,16,2.0,0.0,3.0,[10 49 51],0.0,0.0,0.0,0.0,0.0,0.0,0.0,0.0,0.0,0.0
50,17,2.0,0.0,3.0,[10 49 51],0.0,0.0,0.0,0.0,0.0,0.0,0.0,0.0,0.0,0.0
50,18,2.0,0.0,3.0,[10 49 51],0.0,0.0,0.0,0.0,0.0,0.0,0.0,0.0,0.0,0.0
50,19,2.0,0.0,3.0,[10 49 51],0.0,0.0,0.0,0.0,0.0,0.0,0.0,0.0,0.0,0.0
50,20,2.0,0.0,3.0,[10 49 51],0.0,0.0,0.0,0.0,0.0,0.0,0.0,0.0,0.0,0.0
50,21,2.0,0.0,3.0,[10 49 51],0.0,0.0,0.0,0.0,0.0,0.0,0.0,0.0,0.0,0.0
50,22,2.0,0.0,3.0,[10 49 51],0.0,0.0,0.0,0.0,0.0,0.0,0.0,0.0,0.0,0.0
50,23,2.0,0.0,3.0,[10 49 51],0.0,0.0,0.0,0.0,0.0,0.0,0.0,0.0,0.0,0.0
50,24,2.0,0.0,3.0,[10 49 51],0.0,0.0,0.0,0.0,0.0,0.0,0.0,2.0,0.0,0.0
50,25,2.0,0.0,3.0,[10 49 51],0.0,0.0,0.0,0.0,0.0,0.0,2.0,0.0,0.0,2.0
50,26,2.0,0.0,3.0,[10 49 51],0.0,2.0,0.0,0.0,0.0,0.0,0.0,0.0,2.0,0.0
50,27,2.0,0.0,3.0,[10 49 51],2.0,0.0,0.0,0.0,0.0,2.0,0.0,0.0,0.0,0.0
50,28,2.0,0.0,3.0,[10 49 51],0.0,0.0,0.0,2.0,2.0,0.0,0.0,2.0,0.0,0.0
50,29,2.0,0.0,3.0,[10 49 51],0.0,0.0,2.0,0.0,0.0,0.0,0.0,0.0,0.0,2.0
50,30,2.0,0.0,3.0,[10 49 51],0.0,2.0,0.0,0.0,0.0,0.0,2.0,1.0,0.0,0.0
50,31,2.0,0.0,3.0,[10 49 51],0.0,0.0,0.0,0.0,0.0,2.0,1.0,1.0,2.0,1.0
50,32,2.0,0.0,3.0,[10 49 51],2.0,1.0,0.0,2.0,0.0,0.0,9.0,0.0,1.0,1.0
50,33,2.0,0.0,3.0,[10 49 51],1.0,1.0,0.0,0.0,2.0,1.0,7.0,1.0,9.0,0.0
50,34,2.0,0.0,3.0,[10 49 51],9.0,0.0,2.0,1.0,1.0,1.0,5.0,1.0,7.0,1.0
50,35,2.0,0.0,3.0,[10 49 51],7.0,1.0,1.0,1.0,9.0,0.0,10.0,8.0,5.0,1.0
50,36,2.0,0.0,3.0,[10 49 51],5.0,1.0,9.0,0.0,7.0,1.0,9.0,20.0,10.0,8.0
50,37,2.0,0.0,3.0,[10 49 51],10.0,8.0,7.0,1.0,5.0,1.0,21.0,33.0,9.0,20.0
50,38,2.0,0.0,3.0,[10 49 51],9.0,20.0,5.0,1.0,10.0,8.0,31.0,67.0,21.0,33.0
50,39,2.0,0.0,3.0,[10 49 51],21.0,33.0,10.0,8.0,9.0,20.0,40.0,97.0,31.0,67.0
50,40,2.0,0.0,3.0,[10 49 51],31.0,67.0,9.0,20.0,21.0,33.0,43.0,162.0,40.0,97.0
50,41,2.0,0.0,3.0,[10 49 51],40.0,97.0,21.0,33.0,31.0,67.0,63.0,169.0,43.0,162.0
50,42,2.0,0.0,3.0,[10 49 51],43.0,162.0,31.0,67.0,40.0,97.0,89.0,144.0,63.0,169.0
50,43,2.0,0.0,3.0,[10 49 51],63.0,169.0,40.0,97.0,43.0,162.0,125.0,176.0,89.0,144.0
50,44,2.0,0.0,3.0,[10 49 51],89.0,144.0,43.0,162.0,63.0,169.0,112.0,204.0,125.0,176.0
50,45,2.0,0.0,3.0,[10 49 51],125.0,176.0,63.0,169.0,89.0,144.0,178.0,369.0,112.0,204.0
50,46,2.0,0.0,3.0,[10 49 51],112.0,204.0,89.0,144.0,125.0,176.0,227.0,638.0,178.0,369.0
50,47,2.0,0.0,3.0,[10 49 51],178.0,369.0,125.0,176.0,112.0,204.0,207.0,731.0,227.0,638.0
50,48,2.0,0.0,3.0,[10 49 51],227.0,638.0,112.0,204.0,178.0,369.0,184.0,643.0,207.0,731.0
50,49,2.0,0.0,3.0,[10 49 51],207.0,731.0,178.0,369.0,227.0,638.0,211.0,381.0,184.0,643.0
50,50,2.0,0.0,3.0,[10 49 51],184.0,643.0,227.0,638.0,207.0,731.0,156.0,516.0,211.0,381.0
50,51,2.0,0.0,3.0,[10 49 51],211.0,381.0,207.0,731.0,184.0,643.0,136.0,274.0,156.0,516.0
50,52,2.0,0.0,3.0,[10 49 51],156.0,516.0,184.0,643.0,211.0,381.0,119.0,225.0,136.0,274.0
50,53,2.0,0.0,3.0,[10 49 51],136.0,274.0,211.0,381.0,156.0,516.0,117.0,200.0,119.0,225.0
50,54,2.0,0.0,3.0,[10 49 51],119.0,225.0,156.0,516.0,136.0,274.0,103.0,254.0,117.0,200.0
50,55,2.0,0.0,3.0,[10 49 51],117.0,200.0,136.0,274.0,119.0,225.0,93.0,218.0,103.0,254.0
50,56,2.0,0.0,3.0,[10 49 51],103.0,254.0,119.0,225.0,117.0,200.0,95.0,163.0,93.0,218.0
50,57,2.0,0.0,3.0,[10 49 51],93.0,218.0,117.0,200.0,103.0,254.0,56.0,179.0,95.0,163.0
50,58,2.0,0.0,3.0,[10 49 51],95.0,163.0,103.0,254.0,93.0,218.0,74.0,151.0,56.0,179.0
50,59,2.0,0.0,3.0,[10 49 51],56.0,179.0,93.0,218.0,95.0,163.0,66.0,141.0,74.0,151.0
50,60,2.0,0.0,3.0,[10 49 51],74.0,151.0,95.0,163.0,56.0,179.0,89.0,122.0,66.0,141.0
50,61,2.0,0.0,3.0,[10 49 51],66.0,141.0,56.0,179.0,74.0,151.0,90.0,124.0,89.0,122.0
50,62,2.0,0.0,3.0,[10 49 51],89.0,122.0,74.0,151.0,66.0,141.0,110.0,92.0,90.0,124.0
50,63,2.0,0.0,3.0,[10 49 51],90.0,124.0,66.0,141.0,89.0,122.0,76.0,135.0,110.0,92.0
50,64,2.0,0.0,3.0,[10 49 51],110.0,92.0,89.0,122.0,90.0,124.0,91.0,143.0,76.0,135.0
50,65,2.0,0.0,3.0,[10 49 51],76.0,135.0,90.0,124.0,110.0,92.0,88.0,93.0,91.0,143.0
50,66,2.0,0.0,3.0,[10 49 51],91.0,143.0,110.0,92.0,76.0,135.0,106.0,112.0,88.0,93.0
50,67,2.0,0.0,3.0,[10 49 51],88.0,93.0,76.0,135.0,91.0,143.0,86.0,86.0,106.0,112.0
50,68,2.0,0.0,3.0,[10 49 51],106.0,112.0,91.0,143.0,88.0,93.0,103.0,123.0,86.0,86.0
50,69,2.0,0.0,3.0,[10 49 51],86.0,86.0,88.0,93.0,106.0,112.0,113.0,106.0,103.0,123.0
50,70,2.0,0.0,3.0,[10 49 51],103.0,123.0,106.0,112.0,86.0,86.0,100.0,103.0,113.0,106.0
50,71,2.0,0.0,3.0,[10 49 51],113.0,106.0,86.0,86.0,103.0,123.0,105.0,97.0,100.0,103.0
50,72,2.0,0.0,3.0,[10 49 51],100.0,103.0,103.0,123.0,113.0,106.0,111.0,109.0,105.0,97.0
50,73,2.0,0.0,3.0,[10 49 51],105.0,97.0,113.0,106.0,100.0,103.0,110.0,114.0,111.0,109.0
50,74,2.0,0.0,3.0,[10 49 51],111.0,109.0,100.0,103.0,105.0,97.0,111.0,114.0,110.0,114.0
50,75,2.0,0.0,3.0,[10 49 51],110.0,114.0,105.0,97.0,111.0,109.0,106.0,113.0,111.0,114.0
50,76,2.0,0.0,3.0,[10 49 51],111.0,114.0,111.0,109.0,110.0,114.0,106.0,97.0,106.0,113.0
50,77,2.0,0.0,3.0,[10 49 51],106.0,113.0,110.0,114.0,111.0,114.0,103.0,85.0,106.0,97.0
50,78,2.0,0.0,3.0,[10 49 51],106.0,97.0,111.0,114.0,106.0,113.0,130.0,115.0,103.0,85.0
50,79,2.0,0.0,3.0,[10 49 51],103.0,85.0,106.0,113.0,106.0,97.0,110.0,137.0,130.0,115.0
50,80,2.0,0.0,3.0,[10 49 51],130.0,115.0,106.0,97.0,103.0,85.0,127.0,88.0,110.0,137.0
50,81,2.0,0.0,3.0,[10 49 51],110.0,137.0,103.0,85.0,130.0,115.0,120.0,117.0,127.0,88.0
50,82,2.0,0.0,3.0,[10 49 51],127.0,88.0,130.0,115.0,110.0,137.0,138.0,85.0,120.0,117.0
50,83,2.0,0.0,3.0,[10 49 51],120.0,117.0,110.0,137.0,127.0,88.0,108.0,111.0,138.0,85.0
50,84,2.0,0.0,3.0,[10 49 51],138.0,85.0,127.0,88.0,120.0,117.0,134.0,102.0,108.0,111.0
50,85,2.0,0.0,3.0,[10 49 51],108.0,111.0,120.0,117.0,138.0,85.0,122.0,96.0,134.0,102.0
50,86,2.0,0.0,3.0,[10 49 51],134.0,102.0,138.0,85.0,108.0,111.0,108.0,83.0,122.0,96.0
50,87,2.0,0.0,3.0,[10 49 51],122.0,96.0,108.0,111.0,134.0,102.0,117.0,100.0,108.0,83.0
50,88,2.0,0.0,3.0,[10 49 51],108.0,83.0,134.0,102.0,122.0,96.0,138.0,63.0,117.0,100.0
50,89,2.0,0.0,3.0,[10 49 51],117.0,100.0,122.0,96.0,108.0,83.0,136.0,95.0,138.0,63.0
50,90,2.0,0.0,3.0,[10 49 51],138.0,63.0,108.0,83.0,117.0,100.0,151.0,62.0,136.0,95.0
50,91,2.0,0.0,3.0,[10 49 51],136.0,95.0,117.0,100.0,138.0,63.0,155.0,86.0,151.0,62.0
50,92,2.0,0.0,3.0,[10 49 51],151.0,62.0,138.0,63.0,136.0,95.0,148.0,111.0,155.0,86.0
50,93,2.0,0.0,3.0,[10 49 51],155.0,86.0,136.0,95.0,151.0,62.0,145.0,67.0,148.0,111.0
50,94,2.0,0.0,3.0,[10 49 51],148.0,111.0,151.0,62.0,155.0,86.0,160.0,80.0,145.0,67.0
50,95,2.0,0.0,3.0,[10 49 51],145.0,67.0,155.0,86.0,148.0,111.0,201.0,71.0,160.0,80.0
50,96,2.0,0.0,3.0,[10 49 51],160.0,80.0,148.0,111.0,145.0,67.0,144.0,65.0,201.0,71.0
50,97,2.0,0.0,3.0,[10 49 51],201.0,71.0,145.0,67.0,160.0,80.0,185.0,84.0,144.0,65.0
50,98,2.0,0.0,3.0,[10 49 51],144.0,65.0,160.0,80.0,201.0,71.0,298.0,97.0,185.0,84.0
50,99,2.0,0.0,3.0,[10 49 51],185.0,84.0,201.0,71.0,144.0,65.0,271.0,87.0,298.0,97.0
50,100,2.0,0.0,3.0,[10 49 51],298.0,97.0,144.0,65.0,185.0,84.0,393.0,97.0,271.0,87.0
50,101,2.0,0.0,3.0,[10 49 51],271.0,87.0,185.0,84.0,298.0,97.0,483.0,84.0,393.0,97.0
50,102,2.0,0.0,3.0,[10 49 51],393.0,97.0,298.0,97.0,271.0,87.0,403.0,125.0,483.0,84.0
50,103,2.0,0.0,3.0,[10 49 51],483.0,84.0,271.0,87.0,393.0,97.0,322.0,110.0,403.0,125.0
50,104,2.0,0.0,3.0,[10 49 51],403.0,125.0,393.0,97.0,483.0,84.0,447.0,174.0,322.0,110.0
50,105,2.0,0.0,3.0,[10 49 51],322.0,110.0,483.0,84.0,403.0,125.0,431.0,166.0,447.0,174.0
50,106,2.0,0.0,3.0,[10 49 51],447.0,174.0,403.0,125.0,322.0,110.0,279.0,186.0,431.0,166.0
50,107,2.0,0.0,3.0,[10 49 51],431.0,166.0,322.0,110.0,447.0,174.0,276.0,156.0,279.0,186.0
50,108,2.0,0.0,3.0,[10 49 51],279.0,186.0,447.0,174.0,431.0,166.0,231.0,134.0,276.0,156.0
50,109,2.0,0.0,3.0,[10 49 51],276.0,156.0,431.0,166.0,279.0,186.0,196.0,152.0,231.0,134.0
50,110,2.0,0.0,3.0,[10 49 51],231.0,134.0,279.0,186.0,276.0,156.0,164.0,146.0,196.0,152.0
50,111,2.0,0.0,3.0,[10 49 51],196.0,152.0,276.0,156.0,231.0,134.0,137.0,98.0,164.0,146.0
50,112,2.0,0.0,3.0,[10 49 51],164.0,146.0,231.0,134.0,196.0,152.0,138.0,96.0,137.0,98.0
50,113,2.0,0.0,3.0,[10 49 51],137.0,98.0,196.0,152.0,164.0,146.0,98.0,110.0,138.0,96.0
50,114,2.0,0.0,3.0,[10 49 51],138.0,96.0,164.0,146.0,137.0,98.0,97.0,69.0,98.0,110.0
50,115,2.0,0.0,3.0,[10 49 51],98.0,110.0,137.0,98.0,138.0,96.0,114.0,81.0,97.0,69.0
50,116,2.0,0.0,3.0,[10 49 51],97.0,69.0,138.0,96.0,98.0,110.0,112.0,69.0,114.0,81.0
50,117,2.0,0.0,3.0,[10 49 51],114.0,81.0,98.0,110.0,97.0,69.0,92.0,63.0,112.0,69.0
50,118,2.0,0.0,3.0,[10 49 51],112.0,69.0,97.0,69.0,114.0,81.0,105.0,64.0,92.0,63.0
50,119,2.0,0.0,3.0,[10 49 51],92.0,63.0,114.0,81.0,112.0,69.0,85.0,65.0,105.0,64.0
50,120,2.0,0.0,3.0,[10 49 51],105.0,64.0,112.0,69.0,92.0,63.0,85.0,69.0,85.0,65.0
50,121,2.0,0.0,3.0,[10 49 51],85.0,65.0,92.0,63.0,105.0,64.0,78.0,75.0,85.0,69.0
50,122,2.0,0.0,3.0,[10 49 51],85.0,69.0,105.0,64.0,85.0,65.0,136.0,89.0,78.0,75.0
50,123,2.0,0.0,3.0,[10 49 51],78.0,75.0,85.0,65.0,85.0,69.0,77.0,57.0,136.0,89.0
50,124,2.0,0.0,3.0,[10 49 51],136.0,89.0,85.0,69.0,78.0,75.0,78.0,67.0,77.0,57.0
50,125,2.0,0.0,3.0,[10 49 51],77.0,57.0,78.0,75.0,136.0,89.0,95.0,103.0,78.0,67.0
50,126,2.0,0.0,3.0,[10 49 51],78.0,67.0,136.0,89.0,77.0,57.0,68.0,64.0,95.0,103.0
50,127,2.0,0.0,3.0,[10 49 51],95.0,103.0,77.0,57.0,78.0,67.0,76.0,55.0,68.0,64.0
50,128,2.0,0.0,3.0,[10 49 51],68.0,64.0,78.0,67.0,95.0,103.0,71.0,39.0,76.0,55.0
50,129,2.0,0.0,3.0,[10 49 51],76.0,55.0,95.0,103.0,68.0,64.0,63.0,63.0,71.0,39.0
50,130,2.0,0.0,3.0,[10 49 51],71.0,39.0,68.0,64.0,76.0,55.0,37.0,50.0,63.0,63.0
50,131,2.0,0.0,3.0,[10 49 51],63.0,63.0,76.0,55.0,71.0,39.0,35.0,62.0,37.0,50.0
50,132,2.0,0.0,3.0,[10 49 51],37.0,50.0,71.0,39.0,63.0,63.0,40.0,32.0,35.0,62.0
50,133,2.0,0.0,3.0,[10 49 51],35.0,62.0,63.0,63.0,37.0,50.0,26.0,35.0,40.0,32.0
50,134,2.0,0.0,3.0,[10 49 51],40.0,32.0,37.0,50.0,35.0,62.0,20.0,20.0,26.0,35.0
50,135,2.0,0.0,3.0,[10 49 51],26.0,35.0,35.0,62.0,40.0,32.0,27.0,19.0,20.0,20.0
50,136,2.0,0.0,3.0,[10 49 51],20.0,20.0,40.0,32.0,26.0,35.0,16.0,19.0,27.0,19.0
50,137,2.0,0.0,3.0,[10 49 51],27.0,19.0,26.0,35.0,20.0,20.0,10.0,24.0,16.0,19.0
50,138,2.0,0.0,3.0,[10 49 51],16.0,19.0,20.0,20.0,27.0,19.0,4.0,1.0,10.0,24.0
50,139,2.0,0.0,3.0,[10 49 51],10.0,24.0,27.0,19.0,16.0,19.0,0.0,6.0,4.0,1.0
50,140,2.0,0.0,3.0,[10 49 51],4.0,1.0,16.0,19.0,10.0,24.0,0.0,1.0,0.0,6.0
50,141,2.0,0.0,3.0,[10 49 51],0.0,6.0,10.0,24.0,4.0,1.0,0.0,1.0,0.0,1.0
50,142,2.0,0.0,3.0,[10 49 51],0.0,1.0,4.0,1.0,0.0,6.0,0.0,0.0,0.0,1.0
50,143,2.0,0.0,3.0,[10 49 51],0.0,1.0,0.0,6.0,0.0,1.0,0.0,0.0,0.0,0.0
51,0,2.0,0.0,4.0,[ 9 11 50 52],3.0,0.0,0.0,0.0,0.0,0.0,0.0,1.0,0.0,1.0
51,1,2.0,0.0,4.0,[ 9 11 50 52],0.0,1.0,0.0,0.0,3.0,0.0,4.0,0.0,0.0,1.0
51,2,2.0,0.0,4.0,[ 9 11 50 52],0.0,1.0,3.0,0.0,0.0,1.0,0.0,1.0,4.0,0.0
51,3,2.0,0.0,4.0,[ 9 11 50 52],4.0,0.0,0.0,1.0,0.0,1.0,0.0,0.0,0.0,1.0
51,4,2.0,0.0,4.0,[ 9 11 50 52],0.0,1.0,0.0,1.0,4.0,0.0,0.0,8.0,0.0,0.0
51,5,2.0,0.0,4.0,[ 9 11 50 52],0.0,0.0,4.0,0.0,0.0,1.0,0.0,0.0,0.0,8.0
51,6,2.0,0.0,4.0,[ 9 11 50 52],0.0,8.0,0.0,1.0,0.0,0.0,0.0,0.0,0.0,0.0
51,7,2.0,0.0,4.0,[ 9 11 50 52],0.0,0.0,0.0,0.0,0.0,8.0,0.0,0.0,0.0,0.0
51,8,2.0,0.0,4.0,[ 9 11 50 52],0.0,0.0,0.0,8.0,0.0,0.0,0.0,0.0,0.0,0.0
51,9,2.0,0.0,4.0,[ 9 11 50 52],0.0,0.0,0.0,0.0,0.0,0.0,0.0,0.0,0.0,0.0
51,10,2.0,0.0,4.0,[ 9 11 50 52],0.0,0.0,0.0,0.0,0.0,0.0,0.0,0.0,0.0,0.0
51,11,2.0,0.0,4.0,[ 9 11 50 52],0.0,0.0,0.0,0.0,0.0,0.0,0.0,0.0,0.0,0.0
51,12,2.0,0.0,4.0,[ 9 11 50 52],0.0,0.0,0.0,0.0,0.0,0.0,0.0,0.0,0.0,0.0
51,13,2.0,0.0,4.0,[ 9 11 50 52],0.0,0.0,0.0,0.0,0.0,0.0,0.0,0.0,0.0,0.0
51,14,2.0,0.0,4.0,[ 9 11 50 52],0.0,0.0,0.0,0.0,0.0,0.0,0.0,0.0,0.0,0.0
51,15,2.0,0.0,4.0,[ 9 11 50 52],0.0,0.0,0.0,0.0,0.0,0.0,0.0,0.0,0.0,0.0
51,16,2.0,0.0,4.0,[ 9 11 50 52],0.0,0.0,0.0,0.0,0.0,0.0,0.0,0.0,0.0,0.0
51,17,2.0,0.0,4.0,[ 9 11 50 52],0.0,0.0,0.0,0.0,0.0,0.0,0.0,0.0,0.0,0.0
51,18,2.0,0.0,4.0,[ 9 11 50 52],0.0,0.0,0.0,0.0,0.0,0.0,0.0,0.0,0.0,0.0
51,19,2.0,0.0,4.0,[ 9 11 50 52],0.0,0.0,0.0,0.0,0.0,0.0,0.0,0.0,0.0,0.0
51,20,2.0,0.0,4.0,[ 9 11 50 52],0.0,0.0,0.0,0.0,0.0,0.0,0.0,0.0,0.0,0.0
51,21,2.0,0.0,4.0,[ 9 11 50 52],0.0,0.0,0.0,0.0,0.0,0.0,0.0,0.0,0.0,0.0
51,22,2.0,0.0,4.0,[ 9 11 50 52],0.0,0.0,0.0,0.0,0.0,0.0,0.0,0.0,0.0,0.0
51,23,2.0,0.0,4.0,[ 9 11 50 52],0.0,0.0,0.0,0.0,0.0,0.0,0.0,0.0,0.0,0.0
51,24,2.0,0.0,4.0,[ 9 11 50 52],0.0,0.0,0.0,0.0,0.0,0.0,0.0,0.0,0.0,0.0
51,25,2.0,0.0,4.0,[ 9 11 50 52],0.0,0.0,0.0,0.0,0.0,0.0,0.0,0.0,0.0,0.0
51,26,2.0,0.0,4.0,[ 9 11 50 52],0.0,0.0,0.0,0.0,0.0,0.0,0.0,0.0,0.0,0.0
51,27,2.0,0.0,4.0,[ 9 11 50 52],0.0,0.0,0.0,0.0,0.0,0.0,0.0,0.0,0.0,0.0
51,28,2.0,0.0,4.0,[ 9 11 50 52],0.0,0.0,0.0,0.0,0.0,0.0,0.0,0.0,0.0,0.0
51,29,2.0,0.0,4.0,[ 9 11 50 52],0.0,0.0,0.0,0.0,0.0,0.0,0.0,0.0,0.0,0.0
51,30,2.0,0.0,4.0,[ 9 11 50 52],0.0,0.0,0.0,0.0,0.0,0.0,0.0,0.0,0.0,0.0
51,31,2.0,0.0,4.0,[ 9 11 50 52],0.0,0.0,0.0,0.0,0.0,0.0,0.0,0.0,0.0,0.0
51,32,2.0,0.0,4.0,[ 9 11 50 52],0.0,0.0,0.0,0.0,0.0,0.0,0.0,0.0,0.0,0.0
51,33,2.0,0.0,4.0,[ 9 11 50 52],0.0,0.0,0.0,0.0,0.0,0.0,9.0,0.0,0.0,0.0
51,34,2.0,0.0,4.0,[ 9 11 50 52],0.0,0.0,0.0,0.0,0.0,0.0,12.0,0.0,9.0,0.0
51,35,2.0,0.0,4.0,[ 9 11 50 52],9.0,0.0,0.0,0.0,0.0,0.0,12.0,2.0,12.0,0.0
51,36,2.0,0.0,4.0,[ 9 11 50 52],12.0,0.0,0.0,0.0,9.0,0.0,14.0,5.0,12.0,2.0
51,37,2.0,0.0,4.0,[ 9 11 50 52],12.0,2.0,9.0,0.0,12.0,0.0,10.0,20.0,14.0,5.0
51,38,2.0,0.0,4.0,[ 9 11 50 52],14.0,5.0,12.0,0.0,12.0,2.0,19.0,43.0,10.0,20.0
51,39,2.0,0.0,4.0,[ 9 11 50 52],10.0,20.0,12.0,2.0,14.0,5.0,28.0,118.0,19.0,43.0
51,40,2.0,0.0,4.0,[ 9 11 50 52],19.0,43.0,14.0,5.0,10.0,20.0,35.0,164.0,28.0,118.0
51,41,2.0,0.0,4.0,[ 9 11 50 52],28.0,118.0,10.0,20.0,19.0,43.0,43.0,54.0,35.0,164.0
51,42,2.0,0.0,4.0,[ 9 11 50 52],35.0,164.0,19.0,43.0,28.0,118.0,66.0,80.0,43.0,54.0
51,43,2.0,0.0,4.0,[ 9 11 50 52],43.0,54.0,28.0,118.0,35.0,164.0,60.0,102.0,66.0,80.0
51,44,2.0,0.0,4.0,[ 9 11 50 52],66.0,80.0,35.0,164.0,43.0,54.0,108.0,121.0,60.0,102.0
51,45,2.0,0.0,4.0,[ 9 11 50 52],60.0,102.0,43.0,54.0,66.0,80.0,125.0,237.0,108.0,121.0
51,46,2.0,0.0,4.0,[ 9 11 50 52],108.0,121.0,66.0,80.0,60.0,102.0,139.0,322.0,125.0,237.0
51,47,2.0,0.0,4.0,[ 9 11 50 52],125.0,237.0,60.0,102.0,108.0,121.0,113.0,460.0,139.0,322.0
51,48,2.0,0.0,4.0,[ 9 11 50 52],139.0,322.0,108.0,121.0,125.0,237.0,108.0,462.0,113.0,460.0
51,49,2.0,0.0,4.0,[ 9 11 50 52],113.0,460.0,125.0,237.0,139.0,322.0,129.0,334.0,108.0,462.0
51,50,2.0,0.0,4.0,[ 9 11 50 52],108.0,462.0,139.0,322.0,113.0,460.0,89.0,329.0,129.0,334.0
51,51,2.0,0.0,4.0,[ 9 11 50 52],129.0,334.0,113.0,460.0,108.0,462.0,70.0,282.0,89.0,329.0
51,52,2.0,0.0,4.0,[ 9 11 50 52],89.0,329.0,108.0,462.0,129.0,334.0,79.0,226.0,70.0,282.0
51,53,2.0,0.0,4.0,[ 9 11 50 52],70.0,282.0,129.0,334.0,89.0,329.0,73.0,271.0,79.0,226.0
51,54,2.0,0.0,4.0,[ 9 11 50 52],79.0,226.0,89.0,329.0,70.0,282.0,59.0,293.0,73.0,271.0
51,55,2.0,0.0,4.0,[ 9 11 50 52],73.0,271.0,70.0,282.0,79.0,226.0,65.0,170.0,59.0,293.0
51,56,2.0,0.0,4.0,[ 9 11 50 52],59.0,293.0,79.0,226.0,73.0,271.0,63.0,224.0,65.0,170.0
51,57,2.0,0.0,4.0,[ 9 11 50 52],65.0,170.0,73.0,271.0,59.0,293.0,67.0,195.0,63.0,224.0
51,58,2.0,0.0,4.0,[ 9 11 50 52],63.0,224.0,59.0,293.0,65.0,170.0,83.0,160.0,67.0,195.0
51,59,2.0,0.0,4.0,[ 9 11 50 52],67.0,195.0,65.0,170.0,63.0,224.0,64.0,128.0,83.0,160.0
51,60,2.0,0.0,4.0,[ 9 11 50 52],83.0,160.0,63.0,224.0,67.0,195.0,52.0,160.0,64.0,128.0
51,61,2.0,0.0,4.0,[ 9 11 50 52],64.0,128.0,67.0,195.0,83.0,160.0,45.0,128.0,52.0,160.0
51,62,2.0,0.0,4.0,[ 9 11 50 52],52.0,160.0,83.0,160.0,64.0,128.0,51.0,153.0,45.0,128.0
51,63,2.0,0.0,4.0,[ 9 11 50 52],45.0,128.0,64.0,128.0,52.0,160.0,66.0,182.0,51.0,153.0
51,64,2.0,0.0,4.0,[ 9 11 50 52],51.0,153.0,52.0,160.0,45.0,128.0,60.0,131.0,66.0,182.0
51,65,2.0,0.0,4.0,[ 9 11 50 52],66.0,182.0,45.0,128.0,51.0,153.0,71.0,117.0,60.0,131.0
51,66,2.0,0.0,4.0,[ 9 11 50 52],60.0,131.0,51.0,153.0,66.0,182.0,73.0,123.0,71.0,117.0
51,67,2.0,0.0,4.0,[ 9 11 50 52],71.0,117.0,66.0,182.0,60.0,131.0,50.0,154.0,73.0,123.0
51,68,2.0,0.0,4.0,[ 9 11 50 52],73.0,123.0,60.0,131.0,71.0,117.0,63.0,109.0,50.0,154.0
51,69,2.0,0.0,4.0,[ 9 11 50 52],50.0,154.0,71.0,117.0,73.0,123.0,75.0,116.0,63.0,109.0
51,70,2.0,0.0,4.0,[ 9 11 50 52],63.0,109.0,73.0,123.0,50.0,154.0,72.0,129.0,75.0,116.0
51,71,2.0,0.0,4.0,[ 9 11 50 52],75.0,116.0,50.0,154.0,63.0,109.0,73.0,112.0,72.0,129.0
51,72,2.0,0.0,4.0,[ 9 11 50 52],72.0,129.0,63.0,109.0,75.0,116.0,68.0,120.0,73.0,112.0
51,73,2.0,0.0,4.0,[ 9 11 50 52],73.0,112.0,75.0,116.0,72.0,129.0,84.0,128.0,68.0,120.0
51,74,2.0,0.0,4.0,[ 9 11 50 52],68.0,120.0,72.0,129.0,73.0,112.0,59.0,130.0,84.0,128.0
51,75,2.0,0.0,4.0,[ 9 11 50 52],84.0,128.0,73.0,112.0,68.0,120.0,87.0,136.0,59.0,130.0
51,76,2.0,0.0,4.0,[ 9 11 50 52],59.0,130.0,68.0,120.0,84.0,128.0,100.0,136.0,87.0,136.0
51,77,2.0,0.0,4.0,[ 9 11 50 52],87.0,136.0,84.0,128.0,59.0,130.0,93.0,154.0,100.0,136.0
51,78,2.0,0.0,4.0,[ 9 11 50 52],100.0,136.0,59.0,130.0,87.0,136.0,99.0,146.0,93.0,154.0
51,79,2.0,0.0,4.0,[ 9 11 50 52],93.0,154.0,87.0,136.0,100.0,136.0,112.0,165.0,99.0,146.0
51,80,2.0,0.0,4.0,[ 9 11 50 52],99.0,146.0,100.0,136.0,93.0,154.0,70.0,121.0,112.0,165.0
51,81,2.0,0.0,4.0,[ 9 11 50 52],112.0,165.0,93.0,154.0,99.0,146.0,86.0,128.0,70.0,121.0
51,82,2.0,0.0,4.0,[ 9 11 50 52],70.0,121.0,99.0,146.0,112.0,165.0,74.0,150.0,86.0,128.0
51,83,2.0,0.0,4.0,[ 9 11 50 52],86.0,128.0,112.0,165.0,70.0,121.0,100.0,114.0,74.0,150.0
51,84,2.0,0.0,4.0,[ 9 11 50 52],74.0,150.0,70.0,121.0,86.0,128.0,106.0,123.0,100.0,114.0
51,85,2.0,0.0,4.0,[ 9 11 50 52],100.0,114.0,86.0,128.0,74.0,150.0,116.0,153.0,106.0,123.0
51,86,2.0,0.0,4.0,[ 9 11 50 52],106.0,123.0,74.0,150.0,100.0,114.0,89.0,116.0,116.0,153.0
51,87,2.0,0.0,4.0,[ 9 11 50 52],116.0,153.0,100.0,114.0,106.0,123.0,82.0,111.0,89.0,116.0
51,88,2.0,0.0,4.0,[ 9 11 50 52],89.0,116.0,106.0,123.0,116.0,153.0,131.0,125.0,82.0,111.0
51,89,2.0,0.0,4.0,[ 9 11 50 52],82.0,111.0,116.0,153.0,89.0,116.0,125.0,125.0,131.0,125.0
51,90,2.0,0.0,4.0,[ 9 11 50 52],131.0,125.0,89.0,116.0,82.0,111.0,113.0,110.0,125.0,125.0
51,91,2.0,0.0,4.0,[ 9 11 50 52],125.0,125.0,82.0,111.0,131.0,125.0,138.0,120.0,113.0,110.0
51,92,2.0,0.0,4.0,[ 9 11 50 52],113.0,110.0,131.0,125.0,125.0,125.0,131.0,111.0,138.0,120.0
51,93,2.0,0.0,4.0,[ 9 11 50 52],138.0,120.0,125.0,125.0,113.0,110.0,114.0,127.0,131.0,111.0
51,94,2.0,0.0,4.0,[ 9 11 50 52],131.0,111.0,113.0,110.0,138.0,120.0,133.0,83.0,114.0,127.0
51,95,2.0,0.0,4.0,[ 9 11 50 52],114.0,127.0,138.0,120.0,131.0,111.0,124.0,119.0,133.0,83.0
51,96,2.0,0.0,4.0,[ 9 11 50 52],133.0,83.0,131.0,111.0,114.0,127.0,124.0,130.0,124.0,119.0
51,97,2.0,0.0,4.0,[ 9 11 50 52],124.0,119.0,114.0,127.0,133.0,83.0,143.0,104.0,124.0,130.0
51,98,2.0,0.0,4.0,[ 9 11 50 52],124.0,130.0,133.0,83.0,124.0,119.0,337.0,135.0,143.0,104.0
51,99,2.0,0.0,4.0,[ 9 11 50 52],143.0,104.0,124.0,119.0,124.0,130.0,314.0,137.0,337.0,135.0
51,100,2.0,0.0,4.0,[ 9 11 50 52],337.0,135.0,124.0,130.0,143.0,104.0,248.0,134.0,314.0,137.0
51,101,2.0,0.0,4.0,[ 9 11 50 52],314.0,137.0,143.0,104.0,337.0,135.0,276.0,117.0,248.0,134.0
51,102,2.0,0.0,4.0,[ 9 11 50 52],248.0,134.0,337.0,135.0,314.0,137.0,211.0,183.0,276.0,117.0
51,103,2.0,0.0,4.0,[ 9 11 50 52],276.0,117.0,314.0,137.0,248.0,134.0,238.0,183.0,211.0,183.0
51,104,2.0,0.0,4.0,[ 9 11 50 52],211.0,183.0,248.0,134.0,276.0,117.0,313.0,215.0,238.0,183.0
51,105,2.0,0.0,4.0,[ 9 11 50 52],238.0,183.0,276.0,117.0,211.0,183.0,258.0,189.0,313.0,215.0
51,106,2.0,0.0,4.0,[ 9 11 50 52],313.0,215.0,211.0,183.0,238.0,183.0,252.0,268.0,258.0,189.0
51,107,2.0,0.0,4.0,[ 9 11 50 52],258.0,189.0,238.0,183.0,313.0,215.0,285.0,236.0,252.0,268.0
51,108,2.0,0.0,4.0,[ 9 11 50 52],252.0,268.0,313.0,215.0,258.0,189.0,289.0,225.0,285.0,236.0
51,109,2.0,0.0,4.0,[ 9 11 50 52],285.0,236.0,258.0,189.0,252.0,268.0,205.0,165.0,289.0,225.0
51,110,2.0,0.0,4.0,[ 9 11 50 52],289.0,225.0,252.0,268.0,285.0,236.0,171.0,180.0,205.0,165.0
51,111,2.0,0.0,4.0,[ 9 11 50 52],205.0,165.0,285.0,236.0,289.0,225.0,121.0,117.0,171.0,180.0
51,112,2.0,0.0,4.0,[ 9 11 50 52],171.0,180.0,289.0,225.0,205.0,165.0,138.0,115.0,121.0,117.0
51,113,2.0,0.0,4.0,[ 9 11 50 52],121.0,117.0,205.0,165.0,171.0,180.0,127.0,117.0,138.0,115.0
51,114,2.0,0.0,4.0,[ 9 11 50 52],138.0,115.0,171.0,180.0,121.0,117.0,160.0,138.0,127.0,117.0
51,115,2.0,0.0,4.0,[ 9 11 50 52],127.0,117.0,121.0,117.0,138.0,115.0,129.0,125.0,160.0,138.0
51,116,2.0,0.0,4.0,[ 9 11 50 52],160.0,138.0,138.0,115.0,127.0,117.0,164.0,89.0,129.0,125.0
51,117,2.0,0.0,4.0,[ 9 11 50 52],129.0,125.0,127.0,117.0,160.0,138.0,133.0,86.0,164.0,89.0
51,118,2.0,0.0,4.0,[ 9 11 50 52],164.0,89.0,160.0,138.0,129.0,125.0,134.0,80.0,133.0,86.0
51,119,2.0,0.0,4.0,[ 9 11 50 52],133.0,86.0,129.0,125.0,164.0,89.0,140.0,81.0,134.0,80.0
51,120,2.0,0.0,4.0,[ 9 11 50 52],134.0,80.0,164.0,89.0,133.0,86.0,177.0,66.0,140.0,81.0
51,121,2.0,0.0,4.0,[ 9 11 50 52],140.0,81.0,133.0,86.0,134.0,80.0,133.0,56.0,177.0,66.0
51,122,2.0,0.0,4.0,[ 9 11 50 52],177.0,66.0,134.0,80.0,140.0,81.0,149.0,77.0,133.0,56.0
51,123,2.0,0.0,4.0,[ 9 11 50 52],133.0,56.0,140.0,81.0,177.0,66.0,118.0,55.0,149.0,77.0
51,124,2.0,0.0,4.0,[ 9 11 50 52],149.0,77.0,177.0,66.0,133.0,56.0,129.0,54.0,118.0,55.0
51,125,2.0,0.0,4.0,[ 9 11 50 52],118.0,55.0,133.0,56.0,149.0,77.0,175.0,55.0,129.0,54.0
51,126,2.0,0.0,4.0,[ 9 11 50 52],129.0,54.0,149.0,77.0,118.0,55.0,116.0,53.0,175.0,55.0
51,127,2.0,0.0,4.0,[ 9 11 50 52],175.0,55.0,118.0,55.0,129.0,54.0,122.0,55.0,116.0,53.0
51,128,2.0,0.0,4.0,[ 9 11 50 52],116.0,53.0,129.0,54.0,175.0,55.0,106.0,53.0,122.0,55.0
51,129,2.0,0.0,4.0,[ 9 11 50 52],122.0,55.0,175.0,55.0,116.0,53.0,115.0,55.0,106.0,53.0
51,130,2.0,0.0,4.0,[ 9 11 50 52],106.0,53.0,116.0,53.0,122.0,55.0,120.0,36.0,115.0,55.0
51,131,2.0,0.0,4.0,[ 9 11 50 52],115.0,55.0,122.0,55.0,106.0,53.0,151.0,56.0,120.0,36.0
51,132,2.0,0.0,4.0,[ 9 11 50 52],120.0,36.0,106.0,53.0,115.0,55.0,104.0,22.0,151.0,56.0
51,133,2.0,0.0,4.0,[ 9 11 50 52],151.0,56.0,115.0,55.0,120.0,36.0,83.0,28.0,104.0,22.0
51,134,2.0,0.0,4.0,[ 9 11 50 52],104.0,22.0,120.0,36.0,151.0,56.0,62.0,11.0,83.0,28.0
51,135,2.0,0.0,4.0,[ 9 11 50 52],83.0,28.0,151.0,56.0,104.0,22.0,45.0,28.0,62.0,11.0
51,136,2.0,0.0,4.0,[ 9 11 50 52],62.0,11.0,104.0,22.0,83.0,28.0,24.0,17.0,45.0,28.0
51,137,2.0,0.0,4.0,[ 9 11 50 52],45.0,28.0,83.0,28.0,62.0,11.0,34.0,14.0,24.0,17.0
51,138,2.0,0.0,4.0,[ 9 11 50 52],24.0,17.0,62.0,11.0,45.0,28.0,9.0,11.0,34.0,14.0
51,139,2.0,0.0,4.0,[ 9 11 50 52],34.0,14.0,45.0,28.0,24.0,17.0,3.0,5.0,9.0,11.0
51,140,2.0,0.0,4.0,[ 9 11 50 52],9.0,11.0,24.0,17.0,34.0,14.0,2.0,1.0,3.0,5.0
51,141,2.0,0.0,4.0,[ 9 11 50 52],3.0,5.0,34.0,14.0,9.0,11.0,0.0,1.0,2.0,1.0
51,142,2.0,0.0,4.0,[ 9 11 50 52],2.0,1.0,9.0,11.0,3.0,5.0,0.0,0.0,0.0,1.0
51,143,2.0,0.0,4.0,[ 9 11 50 52],0.0,1.0,3.0,5.0,2.0,1.0,0.0,0.0,0.0,0.0
52,0,2.0,0.0,3.0,[10 51 53],0.0,1.0,0.0,0.0,0.0,0.0,0.0,0.0,0.0,0.0
52,1,2.0,0.0,3.0,[10 51 53],0.0,0.0,0.0,0.0,0.0,1.0,0.0,0.0,0.0,0.0
52,2,2.0,0.0,3.0,[10 51 53],0.0,0.0,0.0,1.0,0.0,0.0,1.0,0.0,0.0,0.0
52,3,2.0,0.0,3.0,[10 51 53],0.0,0.0,0.0,0.0,0.0,0.0,0.0,1.0,1.0,0.0
52,4,2.0,0.0,3.0,[10 51 53],1.0,0.0,0.0,0.0,0.0,0.0,0.0,0.0,0.0,1.0
52,5,2.0,0.0,3.0,[10 51 53],0.0,1.0,0.0,0.0,1.0,0.0,0.0,0.0,0.0,0.0
52,6,2.0,0.0,3.0,[10 51 53],0.0,0.0,1.0,0.0,0.0,1.0,0.0,0.0,0.0,0.0
52,7,2.0,0.0,3.0,[10 51 53],0.0,0.0,0.0,1.0,0.0,0.0,0.0,0.0,0.0,0.0
52,8,2.0,0.0,3.0,[10 51 53],0.0,0.0,0.0,0.0,0.0,0.0,0.0,0.0,0.0,0.0
52,9,2.0,0.0,3.0,[10 51 53],0.0,0.0,0.0,0.0,0.0,0.0,0.0,0.0,0.0,0.0
52,10,2.0,0.0,3.0,[10 51 53],0.0,0.0,0.0,0.0,0.0,0.0,0.0,0.0,0.0,0.0
52,11,2.0,0.0,3.0,[10 51 53],0.0,0.0,0.0,0.0,0.0,0.0,0.0,0.0,0.0,0.0
52,12,2.0,0.0,3.0,[10 51 53],0.0,0.0,0.0,0.0,0.0,0.0,0.0,0.0,0.0,0.0
52,13,2.0,0.0,3.0,[10 51 53],0.0,0.0,0.0,0.0,0.0,0.0,0.0,0.0,0.0,0.0
52,14,2.0,0.0,3.0,[10 51 53],0.0,0.0,0.0,0.0,0.0,0.0,0.0,0.0,0.0,0.0
52,15,2.0,0.0,3.0,[10 51 53],0.0,0.0,0.0,0.0,0.0,0.0,0.0,0.0,0.0,0.0
52,16,2.0,0.0,3.0,[10 51 53],0.0,0.0,0.0,0.0,0.0,0.0,0.0,0.0,0.0,0.0
52,17,2.0,0.0,3.0,[10 51 53],0.0,0.0,0.0,0.0,0.0,0.0,0.0,0.0,0.0,0.0
52,18,2.0,0.0,3.0,[10 51 53],0.0,0.0,0.0,0.0,0.0,0.0,0.0,0.0,0.0,0.0
52,19,2.0,0.0,3.0,[10 51 53],0.0,0.0,0.0,0.0,0.0,0.0,0.0,0.0,0.0,0.0
52,20,2.0,0.0,3.0,[10 51 53],0.0,0.0,0.0,0.0,0.0,0.0,0.0,0.0,0.0,0.0
52,21,2.0,0.0,3.0,[10 51 53],0.0,0.0,0.0,0.0,0.0,0.0,0.0,0.0,0.0,0.0
52,22,2.0,0.0,3.0,[10 51 53],0.0,0.0,0.0,0.0,0.0,0.0,0.0,0.0,0.0,0.0
52,23,2.0,0.0,3.0,[10 51 53],0.0,0.0,0.0,0.0,0.0,0.0,1.0,0.0,0.0,0.0
52,24,2.0,0.0,3.0,[10 51 53],0.0,0.0,0.0,0.0,0.0,0.0,3.0,1.0,1.0,0.0
52,25,2.0,0.0,3.0,[10 51 53],1.0,0.0,0.0,0.0,0.0,0.0,0.0,0.0,3.0,1.0
52,26,2.0,0.0,3.0,[10 51 53],3.0,1.0,0.0,0.0,1.0,0.0,0.0,1.0,0.0,0.0
52,27,2.0,0.0,3.0,[10 51 53],0.0,0.0,1.0,0.0,3.0,1.0,0.0,2.0,0.0,1.0
52,28,2.0,0.0,3.0,[10 51 53],0.0,1.0,3.0,1.0,0.0,0.0,0.0,0.0,0.0,2.0
52,29,2.0,0.0,3.0,[10 51 53],0.0,2.0,0.0,0.0,0.0,1.0,0.0,0.0,0.0,0.0
52,30,2.0,0.0,3.0,[10 51 53],0.0,0.0,0.0,1.0,0.0,2.0,0.0,0.0,0.0,0.0
52,31,2.0,0.0,3.0,[10 51 53],0.0,0.0,0.0,2.0,0.0,0.0,0.0,0.0,0.0,0.0
52,32,2.0,0.0,3.0,[10 51 53],0.0,0.0,0.0,0.0,0.0,0.0,1.0,0.0,0.0,0.0
52,33,2.0,0.0,3.0,[10 51 53],0.0,0.0,0.0,0.0,0.0,0.0,4.0,0.0,1.0,0.0
52,34,2.0,0.0,3.0,[10 51 53],1.0,0.0,0.0,0.0,0.0,0.0,11.0,1.0,4.0,0.0
52,35,2.0,0.0,3.0,[10 51 53],4.0,0.0,0.0,0.0,1.0,0.0,8.0,12.0,11.0,1.0
52,36,2.0,0.0,3.0,[10 51 53],11.0,1.0,1.0,0.0,4.0,0.0,11.0,14.0,8.0,12.0
52,37,2.0,0.0,3.0,[10 51 53],8.0,12.0,4.0,0.0,11.0,1.0,12.0,25.0,11.0,14.0
52,38,2.0,0.0,3.0,[10 51 53],11.0,14.0,11.0,1.0,8.0,12.0,23.0,58.0,12.0,25.0
52,39,2.0,0.0,3.0,[10 51 53],12.0,25.0,8.0,12.0,11.0,14.0,37.0,54.0,23.0,58.0
52,40,2.0,0.0,3.0,[10 51 53],23.0,58.0,11.0,14.0,12.0,25.0,55.0,111.0,37.0,54.0
52,41,2.0,0.0,3.0,[10 51 53],37.0,54.0,12.0,25.0,23.0,58.0,75.0,174.0,55.0,111.0
52,42,2.0,0.0,3.0,[10 51 53],55.0,111.0,23.0,58.0,37.0,54.0,74.0,236.0,75.0,174.0
52,43,2.0,0.0,3.0,[10 51 53],75.0,174.0,37.0,54.0,55.0,111.0,108.0,310.0,74.0,236.0
52,44,2.0,0.0,3.0,[10 51 53],74.0,236.0,55.0,111.0,75.0,174.0,129.0,503.0,108.0,310.0
52,45,2.0,0.0,3.0,[10 51 53],108.0,310.0,75.0,174.0,74.0,236.0,172.0,646.0,129.0,503.0
52,46,2.0,0.0,3.0,[10 51 53],129.0,503.0,74.0,236.0,108.0,310.0,217.0,913.0,172.0,646.0
52,47,2.0,0.0,3.0,[10 51 53],172.0,646.0,108.0,310.0,129.0,503.0,180.0,842.0,217.0,913.0
52,48,2.0,0.0,3.0,[10 51 53],217.0,913.0,129.0,503.0,172.0,646.0,210.0,911.0,180.0,842.0
52,49,2.0,0.0,3.0,[10 51 53],180.0,842.0,172.0,646.0,217.0,913.0,220.0,712.0,210.0,911.0
52,50,2.0,0.0,3.0,[10 51 53],210.0,911.0,217.0,913.0,180.0,842.0,127.0,582.0,220.0,712.0
52,51,2.0,0.0,3.0,[10 51 53],220.0,712.0,180.0,842.0,210.0,911.0,124.0,298.0,127.0,582.0
52,52,2.0,0.0,3.0,[10 51 53],127.0,582.0,210.0,911.0,220.0,712.0,123.0,406.0,124.0,298.0
52,53,2.0,0.0,3.0,[10 51 53],124.0,298.0,220.0,712.0,127.0,582.0,122.0,251.0,123.0,406.0
52,54,2.0,0.0,3.0,[10 51 53],123.0,406.0,127.0,582.0,124.0,298.0,147.0,311.0,122.0,251.0
52,55,2.0,0.0,3.0,[10 51 53],122.0,251.0,124.0,298.0,123.0,406.0,134.0,266.0,147.0,311.0
52,56,2.0,0.0,3.0,[10 51 53],147.0,311.0,123.0,406.0,122.0,251.0,128.0,192.0,134.0,266.0
52,57,2.0,0.0,3.0,[10 51 53],134.0,266.0,122.0,251.0,147.0,311.0,127.0,185.0,128.0,192.0
52,58,2.0,0.0,3.0,[10 51 53],128.0,192.0,147.0,311.0,134.0,266.0,114.0,171.0,127.0,185.0
52,59,2.0,0.0,3.0,[10 51 53],127.0,185.0,134.0,266.0,128.0,192.0,101.0,160.0,114.0,171.0
52,60,2.0,0.0,3.0,[10 51 53],114.0,171.0,128.0,192.0,127.0,185.0,129.0,157.0,101.0,160.0
52,61,2.0,0.0,3.0,[10 51 53],101.0,160.0,127.0,185.0,114.0,171.0,127.0,161.0,129.0,157.0
52,62,2.0,0.0,3.0,[10 51 53],129.0,157.0,114.0,171.0,101.0,160.0,114.0,126.0,127.0,161.0
52,63,2.0,0.0,3.0,[10 51 53],127.0,161.0,101.0,160.0,129.0,157.0,128.0,117.0,114.0,126.0
52,64,2.0,0.0,3.0,[10 51 53],114.0,126.0,129.0,157.0,127.0,161.0,132.0,129.0,128.0,117.0
52,65,2.0,0.0,3.0,[10 51 53],128.0,117.0,127.0,161.0,114.0,126.0,142.0,102.0,132.0,129.0
52,66,2.0,0.0,3.0,[10 51 53],132.0,129.0,114.0,126.0,128.0,117.0,128.0,95.0,142.0,102.0
52,67,2.0,0.0,3.0,[10 51 53],142.0,102.0,128.0,117.0,132.0,129.0,140.0,82.0,128.0,95.0
52,68,2.0,0.0,3.0,[10 51 53],128.0,95.0,132.0,129.0,142.0,102.0,145.0,118.0,140.0,82.0
52,69,2.0,0.0,3.0,[10 51 53],140.0,82.0,142.0,102.0,128.0,95.0,125.0,94.0,145.0,118.0
52,70,2.0,0.0,3.0,[10 51 53],145.0,118.0,128.0,95.0,140.0,82.0,151.0,97.0,125.0,94.0
52,71,2.0,0.0,3.0,[10 51 53],125.0,94.0,140.0,82.0,145.0,118.0,153.0,131.0,151.0,97.0
52,72,2.0,0.0,3.0,[10 51 53],151.0,97.0,145.0,118.0,125.0,94.0,177.0,127.0,153.0,131.0
52,73,2.0,0.0,3.0,[10 51 53],153.0,131.0,125.0,94.0,151.0,97.0,148.0,104.0,177.0,127.0
52,74,2.0,0.0,3.0,[10 51 53],177.0,127.0,151.0,97.0,153.0,131.0,126.0,108.0,148.0,104.0
52,75,2.0,0.0,3.0,[10 51 53],148.0,104.0,153.0,131.0,177.0,127.0,133.0,126.0,126.0,108.0
52,76,2.0,0.0,3.0,[10 51 53],126.0,108.0,177.0,127.0,148.0,104.0,123.0,161.0,133.0,126.0
52,77,2.0,0.0,3.0,[10 51 53],133.0,126.0,148.0,104.0,126.0,108.0,133.0,146.0,123.0,161.0
52,78,2.0,0.0,3.0,[10 51 53],123.0,161.0,126.0,108.0,133.0,126.0,98.0,145.0,133.0,146.0
52,79,2.0,0.0,3.0,[10 51 53],133.0,146.0,133.0,126.0,123.0,161.0,133.0,152.0,98.0,145.0
52,80,2.0,0.0,3.0,[10 51 53],98.0,145.0,123.0,161.0,133.0,146.0,116.0,168.0,133.0,152.0
52,81,2.0,0.0,3.0,[10 51 53],133.0,152.0,133.0,146.0,98.0,145.0,157.0,159.0,116.0,168.0
52,82,2.0,0.0,3.0,[10 51 53],116.0,168.0,98.0,145.0,133.0,152.0,116.0,159.0,157.0,159.0
52,83,2.0,0.0,3.0,[10 51 53],157.0,159.0,133.0,152.0,116.0,168.0,143.0,139.0,116.0,159.0
52,84,2.0,0.0,3.0,[10 51 53],116.0,159.0,116.0,168.0,157.0,159.0,136.0,114.0,143.0,139.0
52,85,2.0,0.0,3.0,[10 51 53],143.0,139.0,157.0,159.0,116.0,159.0,156.0,136.0,136.0,114.0
52,86,2.0,0.0,3.0,[10 51 53],136.0,114.0,116.0,159.0,143.0,139.0,133.0,130.0,156.0,136.0
52,87,2.0,0.0,3.0,[10 51 53],156.0,136.0,143.0,139.0,136.0,114.0,160.0,124.0,133.0,130.0
52,88,2.0,0.0,3.0,[10 51 53],133.0,130.0,136.0,114.0,156.0,136.0,131.0,129.0,160.0,124.0
52,89,2.0,0.0,3.0,[10 51 53],160.0,124.0,156.0,136.0,133.0,130.0,126.0,83.0,131.0,129.0
52,90,2.0,0.0,3.0,[10 51 53],131.0,129.0,133.0,130.0,160.0,124.0,166.0,108.0,126.0,83.0
52,91,2.0,0.0,3.0,[10 51 53],126.0,83.0,160.0,124.0,131.0,129.0,151.0,106.0,166.0,108.0
52,92,2.0,0.0,3.0,[10 51 53],166.0,108.0,131.0,129.0,126.0,83.0,196.0,135.0,151.0,106.0
52,93,2.0,0.0,3.0,[10 51 53],151.0,106.0,126.0,83.0,166.0,108.0,181.0,115.0,196.0,135.0
52,94,2.0,0.0,3.0,[10 51 53],196.0,135.0,166.0,108.0,151.0,106.0,190.0,96.0,181.0,115.0
52,95,2.0,0.0,3.0,[10 51 53],181.0,115.0,151.0,106.0,196.0,135.0,202.0,103.0,190.0,96.0
52,96,2.0,0.0,3.0,[10 51 53],190.0,96.0,196.0,135.0,181.0,115.0,175.0,123.0,202.0,103.0
52,97,2.0,0.0,3.0,[10 51 53],202.0,103.0,181.0,115.0,190.0,96.0,221.0,97.0,175.0,123.0
52,98,2.0,0.0,3.0,[10 51 53],175.0,123.0,190.0,96.0,202.0,103.0,201.0,102.0,221.0,97.0
52,99,2.0,0.0,3.0,[10 51 53],221.0,97.0,202.0,103.0,175.0,123.0,226.0,131.0,201.0,102.0
52,100,2.0,0.0,3.0,[10 51 53],201.0,102.0,175.0,123.0,221.0,97.0,280.0,130.0,226.0,131.0
52,101,2.0,0.0,3.0,[10 51 53],226.0,131.0,221.0,97.0,201.0,102.0,485.0,154.0,280.0,130.0
52,102,2.0,0.0,3.0,[10 51 53],280.0,130.0,201.0,102.0,226.0,131.0,440.0,121.0,485.0,154.0
52,103,2.0,0.0,3.0,[10 51 53],485.0,154.0,226.0,131.0,280.0,130.0,494.0,195.0,440.0,121.0
52,104,2.0,0.0,3.0,[10 51 53],440.0,121.0,280.0,130.0,485.0,154.0,695.0,182.0,494.0,195.0
52,105,2.0,0.0,3.0,[10 51 53],494.0,195.0,485.0,154.0,440.0,121.0,580.0,199.0,695.0,182.0
52,106,2.0,0.0,3.0,[10 51 53],695.0,182.0,440.0,121.0,494.0,195.0,441.0,188.0,580.0,199.0
52,107,2.0,0.0,3.0,[10 51 53],580.0,199.0,494.0,195.0,695.0,182.0,371.0,218.0,441.0,188.0
52,108,2.0,0.0,3.0,[10 51 53],441.0,188.0,695.0,182.0,580.0,199.0,350.0,124.0,371.0,218.0
52,109,2.0,0.0,3.0,[10 51 53],371.0,218.0,580.0,199.0,441.0,188.0,258.0,182.0,350.0,124.0
52,110,2.0,0.0,3.0,[10 51 53],350.0,124.0,441.0,188.0,371.0,218.0,248.0,111.0,258.0,182.0
52,111,2.0,0.0,3.0,[10 51 53],258.0,182.0,371.0,218.0,350.0,124.0,181.0,99.0,248.0,111.0
52,112,2.0,0.0,3.0,[10 51 53],248.0,111.0,350.0,124.0,258.0,182.0,171.0,87.0,181.0,99.0
52,113,2.0,0.0,3.0,[10 51 53],181.0,99.0,258.0,182.0,248.0,111.0,183.0,99.0,171.0,87.0
52,114,2.0,0.0,3.0,[10 51 53],171.0,87.0,248.0,111.0,181.0,99.0,153.0,58.0,183.0,99.0
52,115,2.0,0.0,3.0,[10 51 53],183.0,99.0,181.0,99.0,171.0,87.0,146.0,92.0,153.0,58.0
52,116,2.0,0.0,3.0,[10 51 53],153.0,58.0,171.0,87.0,183.0,99.0,154.0,82.0,146.0,92.0
52,117,2.0,0.0,3.0,[10 51 53],146.0,92.0,183.0,99.0,153.0,58.0,123.0,67.0,154.0,82.0
52,118,2.0,0.0,3.0,[10 51 53],154.0,82.0,153.0,58.0,146.0,92.0,151.0,75.0,123.0,67.0
52,119,2.0,0.0,3.0,[10 51 53],123.0,67.0,146.0,92.0,154.0,82.0,141.0,86.0,151.0,75.0
52,120,2.0,0.0,3.0,[10 51 53],151.0,75.0,154.0,82.0,123.0,67.0,139.0,55.0,141.0,86.0
52,121,2.0,0.0,3.0,[10 51 53],141.0,86.0,123.0,67.0,151.0,75.0,168.0,59.0,139.0,55.0
52,122,2.0,0.0,3.0,[10 51 53],139.0,55.0,151.0,75.0,141.0,86.0,146.0,89.0,168.0,59.0
52,123,2.0,0.0,3.0,[10 51 53],168.0,59.0,141.0,86.0,139.0,55.0,138.0,68.0,146.0,89.0
52,124,2.0,0.0,3.0,[10 51 53],146.0,89.0,139.0,55.0,168.0,59.0,125.0,58.0,138.0,68.0
52,125,2.0,0.0,3.0,[10 51 53],138.0,68.0,168.0,59.0,146.0,89.0,130.0,76.0,125.0,58.0
52,126,2.0,0.0,3.0,[10 51 53],125.0,58.0,146.0,89.0,138.0,68.0,90.0,56.0,130.0,76.0
52,127,2.0,0.0,3.0,[10 51 53],130.0,76.0,138.0,68.0,125.0,58.0,79.0,58.0,90.0,56.0
52,128,2.0,0.0,3.0,[10 51 53],90.0,56.0,125.0,58.0,130.0,76.0,81.0,53.0,79.0,58.0
52,129,2.0,0.0,3.0,[10 51 53],79.0,58.0,130.0,76.0,90.0,56.0,66.0,75.0,81.0,53.0
52,130,2.0,0.0,3.0,[10 51 53],81.0,53.0,90.0,56.0,79.0,58.0,83.0,47.0,66.0,75.0
52,131,2.0,0.0,3.0,[10 51 53],66.0,75.0,79.0,58.0,81.0,53.0,84.0,35.0,83.0,47.0
52,132,2.0,0.0,3.0,[10 51 53],83.0,47.0,81.0,53.0,66.0,75.0,63.0,49.0,84.0,35.0
52,133,2.0,0.0,3.0,[10 51 53],84.0,35.0,66.0,75.0,83.0,47.0,37.0,34.0,63.0,49.0
52,134,2.0,0.0,3.0,[10 51 53],63.0,49.0,83.0,47.0,84.0,35.0,38.0,45.0,37.0,34.0
52,135,2.0,0.0,3.0,[10 51 53],37.0,34.0,84.0,35.0,63.0,49.0,35.0,13.0,38.0,45.0
52,136,2.0,0.0,3.0,[10 51 53],38.0,45.0,63.0,49.0,37.0,34.0,17.0,26.0,35.0,13.0
52,137,2.0,0.0,3.0,[10 51 53],35.0,13.0,37.0,34.0,38.0,45.0,23.0,14.0,17.0,26.0
52,138,2.0,0.0,3.0,[10 51 53],17.0,26.0,38.0,45.0,35.0,13.0,10.0,7.0,23.0,14.0
52,139,2.0,0.0,3.0,[10 51 53],23.0,14.0,35.0,13.0,17.0,26.0,1.0,14.0,10.0,7.0
52,140,2.0,0.0,3.0,[10 51 53],10.0,7.0,17.0,26.0,23.0,14.0,0.0,4.0,1.0,14.0
52,141,2.0,0.0,3.0,[10 51 53],1.0,14.0,23.0,14.0,10.0,7.0,0.0,0.0,0.0,4.0
52,142,2.0,0.0,3.0,[10 51 53],0.0,4.0,10.0,7.0,1.0,14.0,0.0,0.0,0.0,0.0
52,143,2.0,0.0,3.0,[10 51 53],0.0,0.0,1.0,14.0,0.0,4.0,0.0,0.0,0.0,0.0
53,0,2.0,0.0,2.0,[52 54],0.0,0.0,0.0,0.0,0.0,0.0,1.0,0.0,0.0,1.0
53,1,2.0,0.0,2.0,[52 54],0.0,1.0,0.0,0.0,0.0,0.0,0.0,1.0,1.0,0.0
53,2,2.0,0.0,2.0,[52 54],1.0,0.0,0.0,0.0,0.0,1.0,0.0,0.0,0.0,1.0
53,3,2.0,0.0,2.0,[52 54],0.0,1.0,0.0,1.0,1.0,0.0,0.0,0.0,0.0,0.0
53,4,2.0,0.0,2.0,[52 54],0.0,0.0,1.0,0.0,0.0,1.0,0.0,0.0,0.0,0.0
53,5,2.0,0.0,2.0,[52 54],0.0,0.0,0.0,1.0,0.0,0.0,1.0,0.0,0.0,0.0
53,6,2.0,0.0,2.0,[52 54],0.0,0.0,0.0,0.0,0.0,0.0,0.0,1.0,1.0,0.0
53,7,2.0,0.0,2.0,[52 54],1.0,0.0,0.0,0.0,0.0,0.0,12.0,0.0,0.0,1.0
53,8,2.0,0.0,2.0,[52 54],0.0,1.0,0.0,0.0,1.0,0.0,0.0,1.0,12.0,0.0
53,9,2.0,0.0,2.0,[52 54],12.0,0.0,1.0,0.0,0.0,1.0,0.0,0.0,0.0,1.0
53,10,2.0,0.0,2.0,[52 54],0.0,1.0,0.0,1.0,12.0,0.0,0.0,0.0,0.0,0.0
53,11,2.0,0.0,2.0,[52 54],0.0,0.0,12.0,0.0,0.0,1.0,0.0,0.0,0.0,0.0
53,12,2.0,0.0,2.0,[52 54],0.0,0.0,0.0,1.0,0.0,0.0,1.0,1.0,0.0,0.0
53,13,2.0,0.0,2.0,[52 54],0.0,0.0,0.0,0.0,0.0,0.0,0.0,0.0,1.0,1.0
53,14,2.0,0.0,2.0,[52 54],1.0,1.0,0.0,0.0,0.0,0.0,0.0,0.0,0.0,0.0
53,15,2.0,0.0,2.0,[52 54],0.0,0.0,0.0,0.0,1.0,1.0,0.0,0.0,0.0,0.0
53,16,2.0,0.0,2.0,[52 54],0.0,0.0,1.0,1.0,0.0,0.0,0.0,0.0,0.0,0.0
53,17,2.0,0.0,2.0,[52 54],0.0,0.0,0.0,0.0,0.0,0.0,1.0,4.0,0.0,0.0
53,18,2.0,0.0,2.0,[52 54],0.0,0.0,0.0,0.0,0.0,0.0,0.0,0.0,1.0,4.0
53,19,2.0,0.0,2.0,[52 54],1.0,4.0,0.0,0.0,0.0,0.0,0.0,2.0,0.0,0.0
53,20,2.0,0.0,2.0,[52 54],0.0,0.0,0.0,0.0,1.0,4.0,0.0,0.0,0.0,2.0
53,21,2.0,0.0,2.0,[52 54],0.0,2.0,1.0,4.0,0.0,0.0,0.0,10.0,0.0,0.0
53,22,2.0,0.0,2.0,[52 54],0.0,0.0,0.0,0.0,0.0,2.0,0.0,0.0,0.0,10.0
53,23,2.0,0.0,2.0,[52 54],0.0,10.0,0.0,2.0,0.0,0.0,0.0,0.0,0.0,0.0
53,24,2.0,0.0,2.0,[52 54],0.0,0.0,0.0,0.0,0.0,10.0,0.0,0.0,0.0,0.0
53,25,2.0,0.0,2.0,[52 54],0.0,0.0,0.0,10.0,0.0,0.0,3.0,0.0,0.0,0.0
53,26,2.0,0.0,2.0,[52 54],0.0,0.0,0.0,0.0,0.0,0.0,1.0,2.0,3.0,0.0
53,27,2.0,0.0,2.0,[52 54],3.0,0.0,0.0,0.0,0.0,0.0,0.0,2.0,1.0,2.0
53,28,2.0,0.0,2.0,[52 54],1.0,2.0,0.0,0.0,3.0,0.0,0.0,0.0,0.0,2.0
53,29,2.0,0.0,2.0,[52 54],0.0,2.0,3.0,0.0,1.0,2.0,0.0,0.0,0.0,0.0
53,30,2.0,0.0,2.0,[52 54],0.0,0.0,1.0,2.0,0.0,2.0,0.0,0.0,0.0,0.0
53,31,2.0,0.0,2.0,[52 54],0.0,0.0,0.0,2.0,0.0,0.0,1.0,1.0,0.0,0.0
53,32,2.0,0.0,2.0,[52 54],0.0,0.0,0.0,0.0,0.0,0.0,0.0,1.0,1.0,1.0
53,33,2.0,0.0,2.0,[52 54],1.0,1.0,0.0,0.0,0.0,0.0,8.0,0.0,0.0,1.0
53,34,2.0,0.0,2.0,[52 54],0.0,1.0,0.0,0.0,1.0,1.0,7.0,1.0,8.0,0.0
53,35,2.0,0.0,2.0,[52 54],8.0,0.0,1.0,1.0,0.0,1.0,14.0,9.0,7.0,1.0
53,36,2.0,0.0,2.0,[52 54],7.0,1.0,0.0,1.0,8.0,0.0,20.0,12.0,14.0,9.0
53,37,2.0,0.0,2.0,[52 54],14.0,9.0,8.0,0.0,7.0,1.0,31.0,22.0,20.0,12.0
53,38,2.0,0.0,2.0,[52 54],20.0,12.0,7.0,1.0,14.0,9.0,63.0,26.0,31.0,22.0
53,39,2.0,0.0,2.0,[52 54],31.0,22.0,14.0,9.0,20.0,12.0,70.0,43.0,63.0,26.0
53,40,2.0,0.0,2.0,[52 54],63.0,26.0,20.0,12.0,31.0,22.0,116.0,70.0,70.0,43.0
53,41,2.0,0.0,2.0,[52 54],70.0,43.0,31.0,22.0,63.0,26.0,145.0,93.0,116.0,70.0
53,42,2.0,0.0,2.0,[52 54],116.0,70.0,63.0,26.0,70.0,43.0,217.0,133.0,145.0,93.0
53,43,2.0,0.0,2.0,[52 54],145.0,93.0,70.0,43.0,116.0,70.0,322.0,208.0,217.0,133.0
53,44,2.0,0.0,2.0,[52 54],217.0,133.0,116.0,70.0,145.0,93.0,395.0,398.0,322.0,208.0
53,45,2.0,0.0,2.0,[52 54],322.0,208.0,145.0,93.0,217.0,133.0,565.0,532.0,395.0,398.0
53,46,2.0,0.0,2.0,[52 54],395.0,398.0,217.0,133.0,322.0,208.0,496.0,665.0,565.0,532.0
53,47,2.0,0.0,2.0,[52 54],565.0,532.0,322.0,208.0,395.0,398.0,600.0,724.0,496.0,665.0
53,48,2.0,0.0,2.0,[52 54],496.0,665.0,395.0,398.0,565.0,532.0,554.0,830.0,600.0,724.0
53,49,2.0,0.0,2.0,[52 54],600.0,724.0,565.0,532.0,496.0,665.0,456.0,671.0,554.0,830.0
53,50,2.0,0.0,2.0,[52 54],554.0,830.0,496.0,665.0,600.0,724.0,356.0,593.0,456.0,671.0
53,51,2.0,0.0,2.0,[52 54],456.0,671.0,600.0,724.0,554.0,830.0,225.0,618.0,356.0,593.0
53,52,2.0,0.0,2.0,[52 54],356.0,593.0,554.0,830.0,456.0,671.0,222.0,305.0,225.0,618.0
53,53,2.0,0.0,2.0,[52 54],225.0,618.0,456.0,671.0,356.0,593.0,202.0,382.0,222.0,305.0
53,54,2.0,0.0,2.0,[52 54],222.0,305.0,356.0,593.0,225.0,618.0,176.0,216.0,202.0,382.0
53,55,2.0,0.0,2.0,[52 54],202.0,382.0,225.0,618.0,222.0,305.0,149.0,270.0,176.0,216.0
53,56,2.0,0.0,2.0,[52 54],176.0,216.0,222.0,305.0,202.0,382.0,132.0,212.0,149.0,270.0
53,57,2.0,0.0,2.0,[52 54],149.0,270.0,202.0,382.0,176.0,216.0,118.0,193.0,132.0,212.0
53,58,2.0,0.0,2.0,[52 54],132.0,212.0,176.0,216.0,149.0,270.0,124.0,162.0,118.0,193.0
53,59,2.0,0.0,2.0,[52 54],118.0,193.0,149.0,270.0,132.0,212.0,128.0,149.0,124.0,162.0
53,60,2.0,0.0,2.0,[52 54],124.0,162.0,132.0,212.0,118.0,193.0,116.0,106.0,128.0,149.0
53,61,2.0,0.0,2.0,[52 54],128.0,149.0,118.0,193.0,124.0,162.0,132.0,126.0,116.0,106.0
53,62,2.0,0.0,2.0,[52 54],116.0,106.0,124.0,162.0,128.0,149.0,127.0,130.0,132.0,126.0
53,63,2.0,0.0,2.0,[52 54],132.0,126.0,128.0,149.0,116.0,106.0,126.0,99.0,127.0,130.0
53,64,2.0,0.0,2.0,[52 54],127.0,130.0,116.0,106.0,132.0,126.0,106.0,115.0,126.0,99.0
53,65,2.0,0.0,2.0,[52 54],126.0,99.0,132.0,126.0,127.0,130.0,132.0,101.0,106.0,115.0
53,66,2.0,0.0,2.0,[52 54],106.0,115.0,127.0,130.0,126.0,99.0,111.0,91.0,132.0,101.0
53,67,2.0,0.0,2.0,[52 54],132.0,101.0,126.0,99.0,106.0,115.0,116.0,128.0,111.0,91.0
53,68,2.0,0.0,2.0,[52 54],111.0,91.0,106.0,115.0,132.0,101.0,132.0,115.0,116.0,128.0
53,69,2.0,0.0,2.0,[52 54],116.0,128.0,132.0,101.0,111.0,91.0,121.0,104.0,132.0,115.0
53,70,2.0,0.0,2.0,[52 54],132.0,115.0,111.0,91.0,116.0,128.0,122.0,82.0,121.0,104.0
53,71,2.0,0.0,2.0,[52 54],121.0,104.0,116.0,128.0,132.0,115.0,141.0,115.0,122.0,82.0
53,72,2.0,0.0,2.0,[52 54],122.0,82.0,132.0,115.0,121.0,104.0,119.0,101.0,141.0,115.0
53,73,2.0,0.0,2.0,[52 54],141.0,115.0,121.0,104.0,122.0,82.0,144.0,129.0,119.0,101.0
53,74,2.0,0.0,2.0,[52 54],119.0,101.0,122.0,82.0,141.0,115.0,120.0,120.0,144.0,129.0
53,75,2.0,0.0,2.0,[52 54],144.0,129.0,141.0,115.0,119.0,101.0,154.0,135.0,120.0,120.0
53,76,2.0,0.0,2.0,[52 54],120.0,120.0,119.0,101.0,144.0,129.0,136.0,106.0,154.0,135.0
53,77,2.0,0.0,2.0,[52 54],154.0,135.0,144.0,129.0,120.0,120.0,142.0,109.0,136.0,106.0
53,78,2.0,0.0,2.0,[52 54],136.0,106.0,120.0,120.0,154.0,135.0,138.0,164.0,142.0,109.0
53,79,2.0,0.0,2.0,[52 54],142.0,109.0,154.0,135.0,136.0,106.0,157.0,118.0,138.0,164.0
53,80,2.0,0.0,2.0,[52 54],138.0,164.0,136.0,106.0,142.0,109.0,124.0,143.0,157.0,118.0
53,81,2.0,0.0,2.0,[52 54],157.0,118.0,142.0,109.0,138.0,164.0,117.0,131.0,124.0,143.0
53,82,2.0,0.0,2.0,[52 54],124.0,143.0,138.0,164.0,157.0,118.0,123.0,126.0,117.0,131.0
53,83,2.0,0.0,2.0,[52 54],117.0,131.0,157.0,118.0,124.0,143.0,133.0,131.0,123.0,126.0
53,84,2.0,0.0,2.0,[52 54],123.0,126.0,124.0,143.0,117.0,131.0,133.0,121.0,133.0,131.0
53,85,2.0,0.0,2.0,[52 54],133.0,131.0,117.0,131.0,123.0,126.0,128.0,119.0,133.0,121.0
53,86,2.0,0.0,2.0,[52 54],133.0,121.0,123.0,126.0,133.0,131.0,147.0,118.0,128.0,119.0
53,87,2.0,0.0,2.0,[52 54],128.0,119.0,133.0,131.0,133.0,121.0,117.0,100.0,147.0,118.0
53,88,2.0,0.0,2.0,[52 54],147.0,118.0,133.0,121.0,128.0,119.0,151.0,115.0,117.0,100.0
53,89,2.0,0.0,2.0,[52 54],117.0,100.0,128.0,119.0,147.0,118.0,128.0,109.0,151.0,115.0
53,90,2.0,0.0,2.0,[52 54],151.0,115.0,147.0,118.0,117.0,100.0,132.0,111.0,128.0,109.0
53,91,2.0,0.0,2.0,[52 54],128.0,109.0,117.0,100.0,151.0,115.0,180.0,123.0,132.0,111.0
53,92,2.0,0.0,2.0,[52 54],132.0,111.0,151.0,115.0,128.0,109.0,138.0,168.0,180.0,123.0
53,93,2.0,0.0,2.0,[52 54],180.0,123.0,128.0,109.0,132.0,111.0,135.0,131.0,138.0,168.0
53,94,2.0,0.0,2.0,[52 54],138.0,168.0,132.0,111.0,180.0,123.0,164.0,131.0,135.0,131.0
53,95,2.0,0.0,2.0,[52 54],135.0,131.0,180.0,123.0,138.0,168.0,187.0,134.0,164.0,131.0
53,96,2.0,0.0,2.0,[52 54],164.0,131.0,138.0,168.0,135.0,131.0,177.0,130.0,187.0,134.0
53,97,2.0,0.0,2.0,[52 54],187.0,134.0,135.0,131.0,164.0,131.0,185.0,155.0,177.0,130.0
53,98,2.0,0.0,2.0,[52 54],177.0,130.0,164.0,131.0,187.0,134.0,215.0,157.0,185.0,155.0
53,99,2.0,0.0,2.0,[52 54],185.0,155.0,187.0,134.0,177.0,130.0,217.0,149.0,215.0,157.0
53,100,2.0,0.0,2.0,[52 54],215.0,157.0,177.0,130.0,185.0,155.0,277.0,179.0,217.0,149.0
53,101,2.0,0.0,2.0,[52 54],217.0,149.0,185.0,155.0,215.0,157.0,507.0,214.0,277.0,179.0
53,102,2.0,0.0,2.0,[52 54],277.0,179.0,215.0,157.0,217.0,149.0,386.0,286.0,507.0,214.0
53,103,2.0,0.0,2.0,[52 54],507.0,214.0,217.0,149.0,277.0,179.0,451.0,222.0,386.0,286.0
53,104,2.0,0.0,2.0,[52 54],386.0,286.0,277.0,179.0,507.0,214.0,673.0,354.0,451.0,222.0
53,105,2.0,0.0,2.0,[52 54],451.0,222.0,507.0,214.0,386.0,286.0,494.0,410.0,673.0,354.0
53,106,2.0,0.0,2.0,[52 54],673.0,354.0,386.0,286.0,451.0,222.0,412.0,437.0,494.0,410.0
53,107,2.0,0.0,2.0,[52 54],494.0,410.0,451.0,222.0,673.0,354.0,437.0,393.0,412.0,437.0
53,108,2.0,0.0,2.0,[52 54],412.0,437.0,673.0,354.0,494.0,410.0,343.0,344.0,437.0,393.0
53,109,2.0,0.0,2.0,[52 54],437.0,393.0,494.0,410.0,412.0,437.0,301.0,223.0,343.0,344.0
53,110,2.0,0.0,2.0,[52 54],343.0,344.0,412.0,437.0,437.0,393.0,238.0,297.0,301.0,223.0
53,111,2.0,0.0,2.0,[52 54],301.0,223.0,437.0,393.0,343.0,344.0,193.0,292.0,238.0,297.0
53,112,2.0,0.0,2.0,[52 54],238.0,297.0,343.0,344.0,301.0,223.0,171.0,171.0,193.0,292.0
53,113,2.0,0.0,2.0,[52 54],193.0,292.0,301.0,223.0,238.0,297.0,206.0,164.0,171.0,171.0
53,114,2.0,0.0,2.0,[52 54],171.0,171.0,238.0,297.0,193.0,292.0,175.0,213.0,206.0,164.0
53,115,2.0,0.0,2.0,[52 54],206.0,164.0,193.0,292.0,171.0,171.0,117.0,147.0,175.0,213.0
53,116,2.0,0.0,2.0,[52 54],175.0,213.0,171.0,171.0,206.0,164.0,171.0,163.0,117.0,147.0
53,117,2.0,0.0,2.0,[52 54],117.0,147.0,206.0,164.0,175.0,213.0,191.0,139.0,171.0,163.0
53,118,2.0,0.0,2.0,[52 54],171.0,163.0,175.0,213.0,117.0,147.0,197.0,149.0,191.0,139.0
53,119,2.0,0.0,2.0,[52 54],191.0,139.0,117.0,147.0,171.0,163.0,136.0,136.0,197.0,149.0
53,120,2.0,0.0,2.0,[52 54],197.0,149.0,171.0,163.0,191.0,139.0,137.0,106.0,136.0,136.0
53,121,2.0,0.0,2.0,[52 54],136.0,136.0,191.0,139.0,197.0,149.0,130.0,152.0,137.0,106.0
53,122,2.0,0.0,2.0,[52 54],137.0,106.0,197.0,149.0,136.0,136.0,129.0,123.0,130.0,152.0
53,123,2.0,0.0,2.0,[52 54],130.0,152.0,136.0,136.0,137.0,106.0,141.0,160.0,129.0,123.0
53,124,2.0,0.0,2.0,[52 54],129.0,123.0,137.0,106.0,130.0,152.0,135.0,197.0,141.0,160.0
53,125,2.0,0.0,2.0,[52 54],141.0,160.0,130.0,152.0,129.0,123.0,141.0,155.0,135.0,197.0
53,126,2.0,0.0,2.0,[52 54],135.0,197.0,129.0,123.0,141.0,160.0,107.0,133.0,141.0,155.0
53,127,2.0,0.0,2.0,[52 54],141.0,155.0,141.0,160.0,135.0,197.0,113.0,171.0,107.0,133.0
53,128,2.0,0.0,2.0,[52 54],107.0,133.0,135.0,197.0,141.0,155.0,100.0,137.0,113.0,171.0
53,129,2.0,0.0,2.0,[52 54],113.0,171.0,141.0,155.0,107.0,133.0,83.0,115.0,100.0,137.0
53,130,2.0,0.0,2.0,[52 54],100.0,137.0,107.0,133.0,113.0,171.0,87.0,67.0,83.0,115.0
53,131,2.0,0.0,2.0,[52 54],83.0,115.0,113.0,171.0,100.0,137.0,63.0,129.0,87.0,67.0
53,132,2.0,0.0,2.0,[52 54],87.0,67.0,100.0,137.0,83.0,115.0,82.0,103.0,63.0,129.0
53,133,2.0,0.0,2.0,[52 54],63.0,129.0,83.0,115.0,87.0,67.0,60.0,61.0,82.0,103.0
53,134,2.0,0.0,2.0,[52 54],82.0,103.0,87.0,67.0,63.0,129.0,39.0,75.0,60.0,61.0
53,135,2.0,0.0,2.0,[52 54],60.0,61.0,63.0,129.0,82.0,103.0,24.0,37.0,39.0,75.0
53,136,2.0,0.0,2.0,[52 54],39.0,75.0,82.0,103.0,60.0,61.0,22.0,53.0,24.0,37.0
53,137,2.0,0.0,2.0,[52 54],24.0,37.0,60.0,61.0,39.0,75.0,10.0,24.0,22.0,53.0
53,138,2.0,0.0,2.0,[52 54],22.0,53.0,39.0,75.0,24.0,37.0,10.0,14.0,10.0,24.0
53,139,2.0,0.0,2.0,[52 54],10.0,24.0,24.0,37.0,22.0,53.0,2.0,14.0,10.0,14.0
53,140,2.0,0.0,2.0,[52 54],10.0,14.0,22.0,53.0,10.0,24.0,0.0,2.0,2.0,14.0
53,141,2.0,0.0,2.0,[52 54],2.0,14.0,10.0,24.0,10.0,14.0,1.0,4.0,0.0,2.0
53,142,2.0,0.0,2.0,[52 54],0.0,2.0,10.0,14.0,2.0,14.0,0.0,0.0,1.0,4.0
53,143,2.0,0.0,2.0,[52 54],1.0,4.0,2.0,14.0,0.0,2.0,0.0,0.0,0.0,0.0
54,0,,,,,0.0,0.0,0.0,0.0,0.0,0.0,0.0,0.0,0.0,0.0
54,1,,,,,0.0,0.0,0.0,0.0,0.0,0.0,0.0,0.0,0.0,0.0
54,2,,,,,0.0,0.0,0.0,0.0,0.0,0.0,0.0,0.0,0.0,0.0
54,3,,,,,0.0,0.0,0.0,0.0,0.0,0.0,0.0,0.0,0.0,0.0
54,4,,,,,0.0,0.0,0.0,0.0,0.0,0.0,0.0,0.0,0.0,0.0
54,5,,,,,0.0,0.0,0.0,0.0,0.0,0.0,0.0,0.0,0.0,0.0
54,6,,,,,0.0,0.0,0.0,0.0,0.0,0.0,0.0,0.0,0.0,0.0
54,7,,,,,0.0,0.0,0.0,0.0,0.0,0.0,0.0,0.0,0.0,0.0
54,8,,,,,0.0,0.0,0.0,0.0,0.0,0.0,0.0,0.0,0.0,0.0
54,9,,,,,0.0,0.0,0.0,0.0,0.0,0.0,0.0,0.0,0.0,0.0
54,10,,,,,0.0,0.0,0.0,0.0,0.0,0.0,0.0,0.0,0.0,0.0
54,11,,,,,0.0,0.0,0.0,0.0,0.0,0.0,0.0,0.0,0.0,0.0
54,12,,,,,0.0,0.0,0.0,0.0,0.0,0.0,0.0,0.0,0.0,0.0
54,13,,,,,0.0,0.0,0.0,0.0,0.0,0.0,0.0,0.0,0.0,0.0
54,14,,,,,0.0,0.0,0.0,0.0,0.0,0.0,0.0,0.0,0.0,0.0
54,15,,,,,0.0,0.0,0.0,0.0,0.0,0.0,0.0,0.0,0.0,0.0
54,16,,,,,0.0,0.0,0.0,0.0,0.0,0.0,0.0,0.0,0.0,0.0
54,17,,,,,0.0,0.0,0.0,0.0,0.0,0.0,0.0,0.0,0.0,0.0
54,18,,,,,0.0,0.0,0.0,0.0,0.0,0.0,0.0,0.0,0.0,0.0
54,19,,,,,0.0,0.0,0.0,0.0,0.0,0.0,0.0,0.0,0.0,0.0
54,20,,,,,0.0,0.0,0.0,0.0,0.0,0.0,0.0,0.0,0.0,0.0
54,21,,,,,0.0,0.0,0.0,0.0,0.0,0.0,0.0,0.0,0.0,0.0
54,22,,,,,0.0,0.0,0.0,0.0,0.0,0.0,0.0,0.0,0.0,0.0
54,23,,,,,0.0,0.0,0.0,0.0,0.0,0.0,0.0,0.0,0.0,0.0
54,24,,,,,0.0,0.0,0.0,0.0,0.0,0.0,0.0,0.0,0.0,0.0
54,25,,,,,0.0,0.0,0.0,0.0,0.0,0.0,0.0,0.0,0.0,0.0
54,26,,,,,0.0,0.0,0.0,0.0,0.0,0.0,0.0,0.0,0.0,0.0
54,27,,,,,0.0,0.0,0.0,0.0,0.0,0.0,0.0,0.0,0.0,0.0
54,28,,,,,0.0,0.0,0.0,0.0,0.0,0.0,0.0,0.0,0.0,0.0
54,29,,,,,0.0,0.0,0.0,0.0,0.0,0.0,0.0,0.0,0.0,0.0
54,30,,,,,0.0,0.0,0.0,0.0,0.0,0.0,0.0,0.0,0.0,0.0
54,31,,,,,0.0,0.0,0.0,0.0,0.0,0.0,0.0,0.0,0.0,0.0
54,32,,,,,0.0,0.0,0.0,0.0,0.0,0.0,0.0,0.0,0.0,0.0
54,33,,,,,0.0,0.0,0.0,0.0,0.0,0.0,0.0,0.0,0.0,0.0
54,34,,,,,0.0,0.0,0.0,0.0,0.0,0.0,0.0,0.0,0.0,0.0
54,35,,,,,0.0,0.0,0.0,0.0,0.0,0.0,0.0,0.0,0.0,0.0
54,36,,,,,0.0,0.0,0.0,0.0,0.0,0.0,0.0,0.0,0.0,0.0
54,37,,,,,0.0,0.0,0.0,0.0,0.0,0.0,0.0,0.0,0.0,0.0
54,38,,,,,0.0,0.0,0.0,0.0,0.0,0.0,0.0,0.0,0.0,0.0
54,39,,,,,0.0,0.0,0.0,0.0,0.0,0.0,0.0,0.0,0.0,0.0
54,40,,,,,0.0,0.0,0.0,0.0,0.0,0.0,0.0,0.0,0.0,0.0
54,41,,,,,0.0,0.0,0.0,0.0,0.0,0.0,0.0,0.0,0.0,0.0
54,42,,,,,0.0,0.0,0.0,0.0,0.0,0.0,0.0,0.0,0.0,0.0
54,43,,,,,0.0,0.0,0.0,0.0,0.0,0.0,0.0,0.0,0.0,0.0
54,44,,,,,0.0,0.0,0.0,0.0,0.0,0.0,0.0,0.0,0.0,0.0
54,45,,,,,0.0,0.0,0.0,0.0,0.0,0.0,0.0,0.0,0.0,0.0
54,46,,,,,0.0,0.0,0.0,0.0,0.0,0.0,0.0,0.0,0.0,0.0
54,47,,,,,0.0,0.0,0.0,0.0,0.0,0.0,0.0,0.0,0.0,0.0
54,48,,,,,0.0,0.0,0.0,0.0,0.0,0.0,0.0,0.0,0.0,0.0
54,49,,,,,0.0,0.0,0.0,0.0,0.0,0.0,0.0,0.0,0.0,0.0
54,50,,,,,0.0,0.0,0.0,0.0,0.0,0.0,0.0,0.0,0.0,0.0
54,51,,,,,0.0,0.0,0.0,0.0,0.0,0.0,0.0,0.0,0.0,0.0
54,52,,,,,0.0,0.0,0.0,0.0,0.0,0.0,0.0,0.0,0.0,0.0
54,53,,,,,0.0,0.0,0.0,0.0,0.0,0.0,0.0,0.0,0.0,0.0
54,54,,,,,0.0,0.0,0.0,0.0,0.0,0.0,0.0,0.0,0.0,0.0
54,55,,,,,0.0,0.0,0.0,0.0,0.0,0.0,0.0,0.0,0.0,0.0
54,56,,,,,0.0,0.0,0.0,0.0,0.0,0.0,0.0,0.0,0.0,0.0
54,57,,,,,0.0,0.0,0.0,0.0,0.0,0.0,0.0,0.0,0.0,0.0
54,58,,,,,0.0,0.0,0.0,0.0,0.0,0.0,0.0,0.0,0.0,0.0
54,59,,,,,0.0,0.0,0.0,0.0,0.0,0.0,0.0,0.0,0.0,0.0
54,60,,,,,0.0,0.0,0.0,0.0,0.0,0.0,0.0,0.0,0.0,0.0
54,61,,,,,0.0,0.0,0.0,0.0,0.0,0.0,0.0,0.0,0.0,0.0
54,62,,,,,0.0,0.0,0.0,0.0,0.0,0.0,0.0,0.0,0.0,0.0
54,63,,,,,0.0,0.0,0.0,0.0,0.0,0.0,0.0,0.0,0.0,0.0
54,64,,,,,0.0,0.0,0.0,0.0,0.0,0.0,0.0,0.0,0.0,0.0
54,65,,,,,0.0,0.0,0.0,0.0,0.0,0.0,0.0,0.0,0.0,0.0
54,66,,,,,0.0,0.0,0.0,0.0,0.0,0.0,0.0,0.0,0.0,0.0
54,67,,,,,0.0,0.0,0.0,0.0,0.0,0.0,0.0,0.0,0.0,0.0
54,68,,,,,0.0,0.0,0.0,0.0,0.0,0.0,0.0,0.0,0.0,0.0
54,69,,,,,0.0,0.0,0.0,0.0,0.0,0.0,0.0,0.0,0.0,0.0
54,70,,,,,0.0,0.0,0.0,0.0,0.0,0.0,0.0,0.0,0.0,0.0
54,71,,,,,0.0,0.0,0.0,0.0,0.0,0.0,0.0,0.0,0.0,0.0
54,72,,,,,0.0,0.0,0.0,0.0,0.0,0.0,0.0,0.0,0.0,0.0
54,73,,,,,0.0,0.0,0.0,0.0,0.0,0.0,0.0,0.0,0.0,0.0
54,74,,,,,0.0,0.0,0.0,0.0,0.0,0.0,0.0,0.0,0.0,0.0
54,75,,,,,0.0,0.0,0.0,0.0,0.0,0.0,0.0,0.0,0.0,0.0
54,76,,,,,0.0,0.0,0.0,0.0,0.0,0.0,0.0,0.0,0.0,0.0
54,77,,,,,0.0,0.0,0.0,0.0,0.0,0.0,0.0,0.0,0.0,0.0
54,78,,,,,0.0,0.0,0.0,0.0,0.0,0.0,0.0,0.0,0.0,0.0
54,79,,,,,0.0,0.0,0.0,0.0,0.0,0.0,0.0,0.0,0.0,0.0
54,80,,,,,0.0,0.0,0.0,0.0,0.0,0.0,0.0,0.0,0.0,0.0
54,81,,,,,0.0,0.0,0.0,0.0,0.0,0.0,0.0,0.0,0.0,0.0
54,82,,,,,0.0,0.0,0.0,0.0,0.0,0.0,0.0,0.0,0.0,0.0
54,83,,,,,0.0,0.0,0.0,0.0,0.0,0.0,0.0,0.0,0.0,0.0
54,84,,,,,0.0,0.0,0.0,0.0,0.0,0.0,0.0,0.0,0.0,0.0
54,85,,,,,0.0,0.0,0.0,0.0,0.0,0.0,0.0,0.0,0.0,0.0
54,86,,,,,0.0,0.0,0.0,0.0,0.0,0.0,0.0,0.0,0.0,0.0
54,87,,,,,0.0,0.0,0.0,0.0,0.0,0.0,0.0,0.0,0.0,0.0
54,88,,,,,0.0,0.0,0.0,0.0,0.0,0.0,0.0,0.0,0.0,0.0
54,89,,,,,0.0,0.0,0.0,0.0,0.0,0.0,0.0,0.0,0.0,0.0
54,90,,,,,0.0,0.0,0.0,0.0,0.0,0.0,0.0,0.0,0.0,0.0
54,91,,,,,0.0,0.0,0.0,0.0,0.0,0.0,0.0,0.0,0.0,0.0
54,92,,,,,0.0,0.0,0.0,0.0,0.0,0.0,0.0,0.0,0.0,0.0
54,93,,,,,0.0,0.0,0.0,0.0,0.0,0.0,0.0,0.0,0.0,0.0
54,94,,,,,0.0,0.0,0.0,0.0,0.0,0.0,0.0,0.0,0.0,0.0
54,95,,,,,0.0,0.0,0.0,0.0,0.0,0.0,0.0,0.0,0.0,0.0
54,96,,,,,0.0,0.0,0.0,0.0,0.0,0.0,0.0,0.0,0.0,0.0
54,97,,,,,0.0,0.0,0.0,0.0,0.0,0.0,0.0,0.0,0.0,0.0
54,98,,,,,0.0,0.0,0.0,0.0,0.0,0.0,0.0,0.0,0.0,0.0
54,99,,,,,0.0,0.0,0.0,0.0,0.0,0.0,0.0,0.0,0.0,0.0
54,100,,,,,0.0,0.0,0.0,0.0,0.0,0.0,0.0,0.0,0.0,0.0
54,101,,,,,0.0,0.0,0.0,0.0,0.0,0.0,0.0,0.0,0.0,0.0
54,102,,,,,0.0,0.0,0.0,0.0,0.0,0.0,0.0,0.0,0.0,0.0
54,103,,,,,0.0,0.0,0.0,0.0,0.0,0.0,0.0,0.0,0.0,0.0
54,104,,,,,0.0,0.0,0.0,0.0,0.0,0.0,0.0,0.0,0.0,0.0
54,105,,,,,0.0,0.0,0.0,0.0,0.0,0.0,0.0,0.0,0.0,0.0
54,106,,,,,0.0,0.0,0.0,0.0,0.0,0.0,0.0,0.0,0.0,0.0
54,107,,,,,0.0,0.0,0.0,0.0,0.0,0.0,0.0,0.0,0.0,0.0
54,108,,,,,0.0,0.0,0.0,0.0,0.0,0.0,0.0,0.0,0.0,0.0
54,109,,,,,0.0,0.0,0.0,0.0,0.0,0.0,0.0,0.0,0.0,0.0
54,110,,,,,0.0,0.0,0.0,0.0,0.0,0.0,0.0,0.0,0.0,0.0
54,111,,,,,0.0,0.0,0.0,0.0,0.0,0.0,0.0,0.0,0.0,0.0
54,112,,,,,0.0,0.0,0.0,0.0,0.0,0.0,0.0,0.0,0.0,0.0
54,113,,,,,0.0,0.0,0.0,0.0,0.0,0.0,0.0,0.0,0.0,0.0
54,114,,,,,0.0,0.0,0.0,0.0,0.0,0.0,0.0,0.0,0.0,0.0
54,115,,,,,0.0,0.0,0.0,0.0,0.0,0.0,0.0,0.0,0.0,0.0
54,116,,,,,0.0,0.0,0.0,0.0,0.0,0.0,0.0,0.0,0.0,0.0
54,117,,,,,0.0,0.0,0.0,0.0,0.0,0.0,0.0,0.0,0.0,0.0
54,118,,,,,0.0,0.0,0.0,0.0,0.0,0.0,0.0,0.0,0.0,0.0
54,119,,,,,0.0,0.0,0.0,0.0,0.0,0.0,0.0,0.0,0.0,0.0
54,120,,,,,0.0,0.0,0.0,0.0,0.0,0.0,0.0,0.0,0.0,0.0
54,121,,,,,0.0,0.0,0.0,0.0,0.0,0.0,0.0,0.0,0.0,0.0
54,122,,,,,0.0,0.0,0.0,0.0,0.0,0.0,0.0,0.0,0.0,0.0
54,123,,,,,0.0,0.0,0.0,0.0,0.0,0.0,0.0,0.0,0.0,0.0
54,124,,,,,0.0,0.0,0.0,0.0,0.0,0.0,0.0,0.0,0.0,0.0
54,125,,,,,0.0,0.0,0.0,0.0,0.0,0.0,0.0,0.0,0.0,0.0
54,126,,,,,0.0,0.0,0.0,0.0,0.0,0.0,0.0,0.0,0.0,0.0
54,127,,,,,0.0,0.0,0.0,0.0,0.0,0.0,0.0,0.0,0.0,0.0
54,128,,,,,0.0,0.0,0.0,0.0,0.0,0.0,0.0,0.0,0.0,0.0
54,129,,,,,0.0,0.0,0.0,0.0,0.0,0.0,0.0,0.0,0.0,0.0
54,130,,,,,0.0,0.0,0.0,0.0,0.0,0.0,0.0,0.0,0.0,0.0
54,131,,,,,0.0,0.0,0.0,0.0,0.0,0.0,0.0,0.0,0.0,0.0
54,132,,,,,0.0,0.0,0.0,0.0,0.0,0.0,0.0,0.0,0.0,0.0
54,133,,,,,0.0,0.0,0.0,0.0,0.0,0.0,0.0,0.0,0.0,0.0
54,134,,,,,0.0,0.0,0.0,0.0,0.0,0.0,0.0,0.0,0.0,0.0
54,135,,,,,0.0,0.0,0.0,0.0,0.0,0.0,0.0,0.0,0.0,0.0
54,136,,,,,0.0,0.0,0.0,0.0,0.0,0.0,0.0,0.0,0.0,0.0
54,137,,,,,0.0,0.0,0.0,0.0,0.0,0.0,0.0,0.0,0.0,0.0
54,138,,,,,0.0,0.0,0.0,0.0,0.0,0.0,0.0,0.0,0.0,0.0
54,139,,,,,0.0,0.0,0.0,0.0,0.0,0.0,0.0,0.0,0.0,0.0
54,140,,,,,0.0,0.0,0.0,0.0,0.0,0.0,0.0,0.0,0.0,0.0
54,141,,,,,0.0,0.0,0.0,0.0,0.0,0.0,0.0,0.0,0.0,0.0
54,142,,,,,0.0,0.0,0.0,0.0,0.0,0.0,0.0,0.0,0.0,0.0
54,143,,,,,0.0,0.0,0.0,0.0,0.0,0.0,0.0,0.0,0.0,0.0
55,0,2.0,0.0,2.0,[54 56],0.0,2.0,0.0,0.0,0.0,0.0,0.0,0.0,0.0,1.0
55,1,2.0,0.0,2.0,[54 56],0.0,1.0,0.0,0.0,0.0,2.0,0.0,0.0,0.0,0.0
55,2,2.0,0.0,2.0,[54 56],0.0,0.0,0.0,2.0,0.0,1.0,0.0,0.0,0.0,0.0
55,3,2.0,0.0,2.0,[54 56],0.0,0.0,0.0,1.0,0.0,0.0,0.0,0.0,0.0,0.0
55,4,2.0,0.0,2.0,[54 56],0.0,0.0,0.0,0.0,0.0,0.0,0.0,0.0,0.0,0.0
55,5,2.0,0.0,2.0,[54 56],0.0,0.0,0.0,0.0,0.0,0.0,0.0,0.0,0.0,0.0
55,6,2.0,0.0,2.0,[54 56],0.0,0.0,0.0,0.0,0.0,0.0,0.0,0.0,0.0,0.0
55,7,2.0,0.0,2.0,[54 56],0.0,0.0,0.0,0.0,0.0,0.0,0.0,0.0,0.0,0.0
55,8,2.0,0.0,2.0,[54 56],0.0,0.0,0.0,0.0,0.0,0.0,0.0,0.0,0.0,0.0
55,9,2.0,0.0,2.0,[54 56],0.0,0.0,0.0,0.0,0.0,0.0,0.0,0.0,0.0,0.0
55,10,2.0,0.0,2.0,[54 56],0.0,0.0,0.0,0.0,0.0,0.0,0.0,0.0,0.0,0.0
55,11,2.0,0.0,2.0,[54 56],0.0,0.0,0.0,0.0,0.0,0.0,5.0,0.0,0.0,0.0
55,12,2.0,0.0,2.0,[54 56],0.0,0.0,0.0,0.0,0.0,0.0,1.0,2.0,5.0,0.0
55,13,2.0,0.0,2.0,[54 56],5.0,0.0,0.0,0.0,0.0,0.0,0.0,0.0,1.0,2.0
55,14,2.0,0.0,2.0,[54 56],1.0,2.0,0.0,0.0,5.0,0.0,0.0,0.0,0.0,0.0
55,15,2.0,0.0,2.0,[54 56],0.0,0.0,5.0,0.0,1.0,2.0,0.0,0.0,0.0,0.0
55,16,2.0,0.0,2.0,[54 56],0.0,0.0,1.0,2.0,0.0,0.0,0.0,0.0,0.0,0.0
55,17,2.0,0.0,2.0,[54 56],0.0,0.0,0.0,0.0,0.0,0.0,2.0,0.0,0.0,0.0
55,18,2.0,0.0,2.0,[54 56],0.0,0.0,0.0,0.0,0.0,0.0,0.0,2.0,2.0,0.0
55,19,2.0,0.0,2.0,[54 56],2.0,0.0,0.0,0.0,0.0,0.0,0.0,0.0,0.0,2.0
55,20,2.0,0.0,2.0,[54 56],0.0,2.0,0.0,0.0,2.0,0.0,0.0,0.0,0.0,0.0
55,21,2.0,0.0,2.0,[54 56],0.0,0.0,2.0,0.0,0.0,2.0,0.0,0.0,0.0,0.0
55,22,2.0,0.0,2.0,[54 56],0.0,0.0,0.0,2.0,0.0,0.0,1.0,0.0,0.0,0.0
55,23,2.0,0.0,2.0,[54 56],0.0,0.0,0.0,0.0,0.0,0.0,0.0,1.0,1.0,0.0
55,24,2.0,0.0,2.0,[54 56],1.0,0.0,0.0,0.0,0.0,0.0,0.0,0.0,0.0,1.0
55,25,2.0,0.0,2.0,[54 56],0.0,1.0,0.0,0.0,1.0,0.0,2.0,0.0,0.0,0.0
55,26,2.0,0.0,2.0,[54 56],0.0,0.0,1.0,0.0,0.0,1.0,0.0,2.0,2.0,0.0
55,27,2.0,0.0,2.0,[54 56],2.0,0.0,0.0,1.0,0.0,0.0,0.0,0.0,0.0,2.0
55,28,2.0,0.0,2.0,[54 56],0.0,2.0,0.0,0.0,2.0,0.0,0.0,0.0,0.0,0.0
55,29,2.0,0.0,2.0,[54 56],0.0,0.0,2.0,0.0,0.0,2.0,0.0,0.0,0.0,0.0
55,30,2.0,0.0,2.0,[54 56],0.0,0.0,0.0,2.0,0.0,0.0,0.0,0.0,0.0,0.0
55,31,2.0,0.0,2.0,[54 56],0.0,0.0,0.0,0.0,0.0,0.0,0.0,0.0,0.0,0.0
55,32,2.0,0.0,2.0,[54 56],0.0,0.0,0.0,0.0,0.0,0.0,0.0,0.0,0.0,0.0
55,33,2.0,0.0,2.0,[54 56],0.0,0.0,0.0,0.0,0.0,0.0,17.0,0.0,0.0,0.0
55,34,2.0,0.0,2.0,[54 56],0.0,0.0,0.0,0.0,0.0,0.0,20.0,2.0,17.0,0.0
55,35,2.0,0.0,2.0,[54 56],17.0,0.0,0.0,0.0,0.0,0.0,21.0,4.0,20.0,2.0
55,36,2.0,0.0,2.0,[54 56],20.0,2.0,0.0,0.0,17.0,0.0,24.0,5.0,21.0,4.0
55,37,2.0,0.0,2.0,[54 56],21.0,4.0,17.0,0.0,20.0,2.0,61.0,15.0,24.0,5.0
55,38,2.0,0.0,2.0,[54 56],24.0,5.0,20.0,2.0,21.0,4.0,56.0,16.0,61.0,15.0
55,39,2.0,0.0,2.0,[54 56],61.0,15.0,21.0,4.0,24.0,5.0,92.0,32.0,56.0,16.0
55,40,2.0,0.0,2.0,[54 56],56.0,16.0,24.0,5.0,61.0,15.0,104.0,35.0,92.0,32.0
55,41,2.0,0.0,2.0,[54 56],92.0,32.0,61.0,15.0,56.0,16.0,148.0,44.0,104.0,35.0
55,42,2.0,0.0,2.0,[54 56],104.0,35.0,56.0,16.0,92.0,32.0,198.0,94.0,148.0,44.0
55,43,2.0,0.0,2.0,[54 56],148.0,44.0,92.0,32.0,104.0,35.0,261.0,119.0,198.0,94.0
55,44,2.0,0.0,2.0,[54 56],198.0,94.0,104.0,35.0,148.0,44.0,433.0,243.0,261.0,119.0
55,45,2.0,0.0,2.0,[54 56],261.0,119.0,148.0,44.0,198.0,94.0,486.0,269.0,433.0,243.0
55,46,2.0,0.0,2.0,[54 56],433.0,243.0,198.0,94.0,261.0,119.0,497.0,568.0,486.0,269.0
55,47,2.0,0.0,2.0,[54 56],486.0,269.0,261.0,119.0,433.0,243.0,485.0,626.0,497.0,568.0
55,48,2.0,0.0,2.0,[54 56],497.0,568.0,433.0,243.0,486.0,269.0,434.0,474.0,485.0,626.0
55,49,2.0,0.0,2.0,[54 56],485.0,626.0,486.0,269.0,497.0,568.0,354.0,634.0,434.0,474.0
55,50,2.0,0.0,2.0,[54 56],434.0,474.0,497.0,568.0,485.0,626.0,308.0,629.0,354.0,634.0
55,51,2.0,0.0,2.0,[54 56],354.0,634.0,485.0,626.0,434.0,474.0,193.0,522.0,308.0,629.0
55,52,2.0,0.0,2.0,[54 56],308.0,629.0,434.0,474.0,354.0,634.0,185.0,468.0,193.0,522.0
55,53,2.0,0.0,2.0,[54 56],193.0,522.0,354.0,634.0,308.0,629.0,195.0,443.0,185.0,468.0
55,54,2.0,0.0,2.0,[54 56],185.0,468.0,308.0,629.0,193.0,522.0,139.0,283.0,195.0,443.0
55,55,2.0,0.0,2.0,[54 56],195.0,443.0,193.0,522.0,185.0,468.0,121.0,268.0,139.0,283.0
55,56,2.0,0.0,2.0,[54 56],139.0,283.0,185.0,468.0,195.0,443.0,116.0,210.0,121.0,268.0
55,57,2.0,0.0,2.0,[54 56],121.0,268.0,195.0,443.0,139.0,283.0,117.0,193.0,116.0,210.0
55,58,2.0,0.0,2.0,[54 56],116.0,210.0,139.0,283.0,121.0,268.0,82.0,122.0,117.0,193.0
55,59,2.0,0.0,2.0,[54 56],117.0,193.0,121.0,268.0,116.0,210.0,107.0,147.0,82.0,122.0
55,60,2.0,0.0,2.0,[54 56],82.0,122.0,116.0,210.0,117.0,193.0,96.0,109.0,107.0,147.0
55,61,2.0,0.0,2.0,[54 56],107.0,147.0,117.0,193.0,82.0,122.0,118.0,141.0,96.0,109.0
55,62,2.0,0.0,2.0,[54 56],96.0,109.0,82.0,122.0,107.0,147.0,81.0,110.0,118.0,141.0
55,63,2.0,0.0,2.0,[54 56],118.0,141.0,107.0,147.0,96.0,109.0,90.0,84.0,81.0,110.0
55,64,2.0,0.0,2.0,[54 56],81.0,110.0,96.0,109.0,118.0,141.0,79.0,122.0,90.0,84.0
55,65,2.0,0.0,2.0,[54 56],90.0,84.0,118.0,141.0,81.0,110.0,58.0,90.0,79.0,122.0
55,66,2.0,0.0,2.0,[54 56],79.0,122.0,81.0,110.0,90.0,84.0,71.0,85.0,58.0,90.0
55,67,2.0,0.0,2.0,[54 56],58.0,90.0,90.0,84.0,79.0,122.0,103.0,109.0,71.0,85.0
55,68,2.0,0.0,2.0,[54 56],71.0,85.0,79.0,122.0,58.0,90.0,94.0,74.0,103.0,109.0
55,69,2.0,0.0,2.0,[54 56],103.0,109.0,58.0,90.0,71.0,85.0,145.0,113.0,94.0,74.0
55,70,2.0,0.0,2.0,[54 56],94.0,74.0,71.0,85.0,103.0,109.0,143.0,96.0,145.0,113.0
55,71,2.0,0.0,2.0,[54 56],145.0,113.0,103.0,109.0,94.0,74.0,122.0,79.0,143.0,96.0
55,72,2.0,0.0,2.0,[54 56],143.0,96.0,94.0,74.0,145.0,113.0,130.0,99.0,122.0,79.0
55,73,2.0,0.0,2.0,[54 56],122.0,79.0,145.0,113.0,143.0,96.0,94.0,122.0,130.0,99.0
55,74,2.0,0.0,2.0,[54 56],130.0,99.0,143.0,96.0,122.0,79.0,110.0,102.0,94.0,122.0
55,75,2.0,0.0,2.0,[54 56],94.0,122.0,122.0,79.0,130.0,99.0,120.0,128.0,110.0,102.0
55,76,2.0,0.0,2.0,[54 56],110.0,102.0,130.0,99.0,94.0,122.0,121.0,89.0,120.0,128.0
55,77,2.0,0.0,2.0,[54 56],120.0,128.0,94.0,122.0,110.0,102.0,136.0,140.0,121.0,89.0
55,78,2.0,0.0,2.0,[54 56],121.0,89.0,110.0,102.0,120.0,128.0,112.0,126.0,136.0,140.0
55,79,2.0,0.0,2.0,[54 56],136.0,140.0,120.0,128.0,121.0,89.0,128.0,86.0,112.0,126.0
55,80,2.0,0.0,2.0,[54 56],112.0,126.0,121.0,89.0,136.0,140.0,109.0,108.0,128.0,86.0
55,81,2.0,0.0,2.0,[54 56],128.0,86.0,136.0,140.0,112.0,126.0,102.0,79.0,109.0,108.0
55,82,2.0,0.0,2.0,[54 56],109.0,108.0,112.0,126.0,128.0,86.0,118.0,96.0,102.0,79.0
55,83,2.0,0.0,2.0,[54 56],102.0,79.0,128.0,86.0,109.0,108.0,107.0,114.0,118.0,96.0
55,84,2.0,0.0,2.0,[54 56],118.0,96.0,109.0,108.0,102.0,79.0,103.0,79.0,107.0,114.0
55,85,2.0,0.0,2.0,[54 56],107.0,114.0,102.0,79.0,118.0,96.0,81.0,124.0,103.0,79.0
55,86,2.0,0.0,2.0,[54 56],103.0,79.0,118.0,96.0,107.0,114.0,75.0,106.0,81.0,124.0
55,87,2.0,0.0,2.0,[54 56],81.0,124.0,107.0,114.0,103.0,79.0,87.0,119.0,75.0,106.0
55,88,2.0,0.0,2.0,[54 56],75.0,106.0,103.0,79.0,81.0,124.0,95.0,102.0,87.0,119.0
55,89,2.0,0.0,2.0,[54 56],87.0,119.0,81.0,124.0,75.0,106.0,106.0,108.0,95.0,102.0
55,90,2.0,0.0,2.0,[54 56],95.0,102.0,75.0,106.0,87.0,119.0,107.0,107.0,106.0,108.0
55,91,2.0,0.0,2.0,[54 56],106.0,108.0,87.0,119.0,95.0,102.0,114.0,104.0,107.0,107.0
55,92,2.0,0.0,2.0,[54 56],107.0,107.0,95.0,102.0,106.0,108.0,94.0,98.0,114.0,104.0
55,93,2.0,0.0,2.0,[54 56],114.0,104.0,106.0,108.0,107.0,107.0,100.0,97.0,94.0,98.0
55,94,2.0,0.0,2.0,[54 56],94.0,98.0,107.0,107.0,114.0,104.0,109.0,105.0,100.0,97.0
55,95,2.0,0.0,2.0,[54 56],100.0,97.0,114.0,104.0,94.0,98.0,157.0,104.0,109.0,105.0
55,96,2.0,0.0,2.0,[54 56],109.0,105.0,94.0,98.0,100.0,97.0,126.0,100.0,157.0,104.0
55,97,2.0,0.0,2.0,[54 56],157.0,104.0,100.0,97.0,109.0,105.0,137.0,138.0,126.0,100.0
55,98,2.0,0.0,2.0,[54 56],126.0,100.0,109.0,105.0,157.0,104.0,150.0,131.0,137.0,138.0
55,99,2.0,0.0,2.0,[54 56],137.0,138.0,157.0,104.0,126.0,100.0,200.0,140.0,150.0,131.0
55,100,2.0,0.0,2.0,[54 56],150.0,131.0,126.0,100.0,137.0,138.0,191.0,174.0,200.0,140.0
55,101,2.0,0.0,2.0,[54 56],200.0,140.0,137.0,138.0,150.0,131.0,306.0,148.0,191.0,174.0
55,102,2.0,0.0,2.0,[54 56],191.0,174.0,150.0,131.0,200.0,140.0,292.0,275.0,306.0,148.0
55,103,2.0,0.0,2.0,[54 56],306.0,148.0,200.0,140.0,191.0,174.0,321.0,200.0,292.0,275.0
55,104,2.0,0.0,2.0,[54 56],292.0,275.0,191.0,174.0,306.0,148.0,391.0,269.0,321.0,200.0
55,105,2.0,0.0,2.0,[54 56],321.0,200.0,306.0,148.0,292.0,275.0,352.0,317.0,391.0,269.0
55,106,2.0,0.0,2.0,[54 56],391.0,269.0,292.0,275.0,321.0,200.0,358.0,367.0,352.0,317.0
55,107,2.0,0.0,2.0,[54 56],352.0,317.0,321.0,200.0,391.0,269.0,381.0,312.0,358.0,367.0
55,108,2.0,0.0,2.0,[54 56],358.0,367.0,391.0,269.0,352.0,317.0,438.0,341.0,381.0,312.0
55,109,2.0,0.0,2.0,[54 56],381.0,312.0,352.0,317.0,358.0,367.0,317.0,292.0,438.0,341.0
55,110,2.0,0.0,2.0,[54 56],438.0,341.0,358.0,367.0,381.0,312.0,301.0,281.0,317.0,292.0
55,111,2.0,0.0,2.0,[54 56],317.0,292.0,381.0,312.0,438.0,341.0,238.0,244.0,301.0,281.0
55,112,2.0,0.0,2.0,[54 56],301.0,281.0,438.0,341.0,317.0,292.0,206.0,174.0,238.0,244.0
55,113,2.0,0.0,2.0,[54 56],238.0,244.0,317.0,292.0,301.0,281.0,197.0,187.0,206.0,174.0
55,114,2.0,0.0,2.0,[54 56],206.0,174.0,301.0,281.0,238.0,244.0,187.0,194.0,197.0,187.0
55,115,2.0,0.0,2.0,[54 56],197.0,187.0,238.0,244.0,206.0,174.0,168.0,137.0,187.0,194.0
55,116,2.0,0.0,2.0,[54 56],187.0,194.0,206.0,174.0,197.0,187.0,153.0,139.0,168.0,137.0
55,117,2.0,0.0,2.0,[54 56],168.0,137.0,197.0,187.0,187.0,194.0,176.0,141.0,153.0,139.0
55,118,2.0,0.0,2.0,[54 56],153.0,139.0,187.0,194.0,168.0,137.0,153.0,121.0,176.0,141.0
55,119,2.0,0.0,2.0,[54 56],176.0,141.0,168.0,137.0,153.0,139.0,159.0,142.0,153.0,121.0
55,120,2.0,0.0,2.0,[54 56],153.0,121.0,153.0,139.0,176.0,141.0,157.0,177.0,159.0,142.0
55,121,2.0,0.0,2.0,[54 56],159.0,142.0,176.0,141.0,153.0,121.0,151.0,145.0,157.0,177.0
55,122,2.0,0.0,2.0,[54 56],157.0,177.0,153.0,121.0,159.0,142.0,164.0,137.0,151.0,145.0
55,123,2.0,0.0,2.0,[54 56],151.0,145.0,159.0,142.0,157.0,177.0,133.0,162.0,164.0,137.0
55,124,2.0,0.0,2.0,[54 56],164.0,137.0,157.0,177.0,151.0,145.0,124.0,135.0,133.0,162.0
55,125,2.0,0.0,2.0,[54 56],133.0,162.0,151.0,145.0,164.0,137.0,152.0,138.0,124.0,135.0
55,126,2.0,0.0,2.0,[54 56],124.0,135.0,164.0,137.0,133.0,162.0,159.0,161.0,152.0,138.0
55,127,2.0,0.0,2.0,[54 56],152.0,138.0,133.0,162.0,124.0,135.0,105.0,159.0,159.0,161.0
55,128,2.0,0.0,2.0,[54 56],159.0,161.0,124.0,135.0,152.0,138.0,138.0,125.0,105.0,159.0
55,129,2.0,0.0,2.0,[54 56],105.0,159.0,152.0,138.0,159.0,161.0,108.0,119.0,138.0,125.0
55,130,2.0,0.0,2.0,[54 56],138.0,125.0,159.0,161.0,105.0,159.0,92.0,132.0,108.0,119.0
55,131,2.0,0.0,2.0,[54 56],108.0,119.0,105.0,159.0,138.0,125.0,102.0,99.0,92.0,132.0
55,132,2.0,0.0,2.0,[54 56],92.0,132.0,138.0,125.0,108.0,119.0,93.0,134.0,102.0,99.0
55,133,2.0,0.0,2.0,[54 56],102.0,99.0,108.0,119.0,92.0,132.0,62.0,86.0,93.0,134.0
55,134,2.0,0.0,2.0,[54 56],93.0,134.0,92.0,132.0,102.0,99.0,45.0,70.0,62.0,86.0
55,135,2.0,0.0,2.0,[54 56],62.0,86.0,102.0,99.0,93.0,134.0,26.0,58.0,45.0,70.0
55,136,2.0,0.0,2.0,[54 56],45.0,70.0,93.0,134.0,62.0,86.0,15.0,64.0,26.0,58.0
55,137,2.0,0.0,2.0,[54 56],26.0,58.0,62.0,86.0,45.0,70.0,13.0,23.0,15.0,64.0
55,138,2.0,0.0,2.0,[54 56],15.0,64.0,45.0,70.0,26.0,58.0,4.0,50.0,13.0,23.0
55,139,2.0,0.0,2.0,[54 56],13.0,23.0,26.0,58.0,15.0,64.0,4.0,9.0,4.0,50.0
55,140,2.0,0.0,2.0,[54 56],4.0,50.0,15.0,64.0,13.0,23.0,1.0,5.0,4.0,9.0
55,141,2.0,0.0,2.0,[54 56],4.0,9.0,13.0,23.0,4.0,50.0,0.0,4.0,1.0,5.0
55,142,2.0,0.0,2.0,[54 56],1.0,5.0,4.0,50.0,4.0,9.0,0.0,0.0,0.0,4.0
55,143,2.0,0.0,2.0,[54 56],0.0,4.0,4.0,9.0,1.0,5.0,0.0,0.0,0.0,0.0
56,0,2.0,0.0,2.0,[55 57],0.0,2.0,0.0,0.0,0.0,0.0,0.0,0.0,0.0,0.0
56,1,2.0,0.0,2.0,[55 57],0.0,0.0,0.0,0.0,0.0,2.0,0.0,0.0,0.0,0.0
56,2,2.0,0.0,2.0,[55 57],0.0,0.0,0.0,2.0,0.0,0.0,0.0,0.0,0.0,0.0
56,3,2.0,0.0,2.0,[55 57],0.0,0.0,0.0,0.0,0.0,0.0,1.0,0.0,0.0,0.0
56,4,2.0,0.0,2.0,[55 57],0.0,0.0,0.0,0.0,0.0,0.0,0.0,1.0,1.0,0.0
56,5,2.0,0.0,2.0,[55 57],1.0,0.0,0.0,0.0,0.0,0.0,0.0,0.0,0.0,1.0
56,6,2.0,0.0,2.0,[55 57],0.0,1.0,0.0,0.0,1.0,0.0,0.0,0.0,0.0,0.0
56,7,2.0,0.0,2.0,[55 57],0.0,0.0,1.0,0.0,0.0,1.0,0.0,0.0,0.0,0.0
56,8,2.0,0.0,2.0,[55 57],0.0,0.0,0.0,1.0,0.0,0.0,0.0,0.0,0.0,0.0
56,9,2.0,0.0,2.0,[55 57],0.0,0.0,0.0,0.0,0.0,0.0,0.0,0.0,0.0,0.0
56,10,2.0,0.0,2.0,[55 57],0.0,0.0,0.0,0.0,0.0,0.0,0.0,0.0,0.0,0.0
56,11,2.0,0.0,2.0,[55 57],0.0,0.0,0.0,0.0,0.0,0.0,0.0,0.0,0.0,0.0
56,12,2.0,0.0,2.0,[55 57],0.0,0.0,0.0,0.0,0.0,0.0,0.0,0.0,0.0,0.0
56,13,2.0,0.0,2.0,[55 57],0.0,0.0,0.0,0.0,0.0,0.0,0.0,0.0,0.0,0.0
56,14,2.0,0.0,2.0,[55 57],0.0,0.0,0.0,0.0,0.0,0.0,0.0,0.0,0.0,0.0
56,15,2.0,0.0,2.0,[55 57],0.0,0.0,0.0,0.0,0.0,0.0,0.0,0.0,0.0,0.0
56,16,2.0,0.0,2.0,[55 57],0.0,0.0,0.0,0.0,0.0,0.0,0.0,0.0,0.0,0.0
56,17,2.0,0.0,2.0,[55 57],0.0,0.0,0.0,0.0,0.0,0.0,0.0,0.0,0.0,0.0
56,18,2.0,0.0,2.0,[55 57],0.0,0.0,0.0,0.0,0.0,0.0,0.0,0.0,0.0,0.0
56,19,2.0,0.0,2.0,[55 57],0.0,0.0,0.0,0.0,0.0,0.0,0.0,0.0,0.0,0.0
56,20,2.0,0.0,2.0,[55 57],0.0,0.0,0.0,0.0,0.0,0.0,0.0,0.0,0.0,0.0
56,21,2.0,0.0,2.0,[55 57],0.0,0.0,0.0,0.0,0.0,0.0,0.0,0.0,0.0,0.0
56,22,2.0,0.0,2.0,[55 57],0.0,0.0,0.0,0.0,0.0,0.0,0.0,0.0,0.0,0.0
56,23,2.0,0.0,2.0,[55 57],0.0,0.0,0.0,0.0,0.0,0.0,0.0,0.0,0.0,0.0
56,24,2.0,0.0,2.0,[55 57],0.0,0.0,0.0,0.0,0.0,0.0,0.0,0.0,0.0,0.0
56,25,2.0,0.0,2.0,[55 57],0.0,0.0,0.0,0.0,0.0,0.0,2.0,0.0,0.0,0.0
56,26,2.0,0.0,2.0,[55 57],0.0,0.0,0.0,0.0,0.0,0.0,0.0,0.0,2.0,0.0
56,27,2.0,0.0,2.0,[55 57],2.0,0.0,0.0,0.0,0.0,0.0,0.0,2.0,0.0,0.0
56,28,2.0,0.0,2.0,[55 57],0.0,0.0,0.0,0.0,2.0,0.0,0.0,0.0,0.0,2.0
56,29,2.0,0.0,2.0,[55 57],0.0,2.0,2.0,0.0,0.0,0.0,0.0,0.0,0.0,0.0
56,30,2.0,0.0,2.0,[55 57],0.0,0.0,0.0,0.0,0.0,2.0,0.0,0.0,0.0,0.0
56,31,2.0,0.0,2.0,[55 57],0.0,0.0,0.0,2.0,0.0,0.0,0.0,0.0,0.0,0.0
56,32,2.0,0.0,2.0,[55 57],0.0,0.0,0.0,0.0,0.0,0.0,1.0,0.0,0.0,0.0
56,33,2.0,0.0,2.0,[55 57],0.0,0.0,0.0,0.0,0.0,0.0,10.0,0.0,1.0,0.0
56,34,2.0,0.0,2.0,[55 57],1.0,0.0,0.0,0.0,0.0,0.0,29.0,1.0,10.0,0.0
56,35,2.0,0.0,2.0,[55 57],10.0,0.0,0.0,0.0,1.0,0.0,28.0,5.0,29.0,1.0
56,36,2.0,0.0,2.0,[55 57],29.0,1.0,1.0,0.0,10.0,0.0,28.0,7.0,28.0,5.0
56,37,2.0,0.0,2.0,[55 57],28.0,5.0,10.0,0.0,29.0,1.0,52.0,21.0,28.0,7.0
56,38,2.0,0.0,2.0,[55 57],28.0,7.0,29.0,1.0,28.0,5.0,73.0,19.0,52.0,21.0
56,39,2.0,0.0,2.0,[55 57],52.0,21.0,28.0,5.0,28.0,7.0,113.0,54.0,73.0,19.0
56,40,2.0,0.0,2.0,[55 57],73.0,19.0,28.0,7.0,52.0,21.0,124.0,45.0,113.0,54.0
56,41,2.0,0.0,2.0,[55 57],113.0,54.0,52.0,21.0,73.0,19.0,170.0,70.0,124.0,45.0
56,42,2.0,0.0,2.0,[55 57],124.0,45.0,73.0,19.0,113.0,54.0,217.0,134.0,170.0,70.0
56,43,2.0,0.0,2.0,[55 57],170.0,70.0,113.0,54.0,124.0,45.0,361.0,201.0,217.0,134.0
56,44,2.0,0.0,2.0,[55 57],217.0,134.0,124.0,45.0,170.0,70.0,399.0,266.0,361.0,201.0
56,45,2.0,0.0,2.0,[55 57],361.0,201.0,170.0,70.0,217.0,134.0,451.0,344.0,399.0,266.0
56,46,2.0,0.0,2.0,[55 57],399.0,266.0,217.0,134.0,361.0,201.0,523.0,637.0,451.0,344.0
56,47,2.0,0.0,2.0,[55 57],451.0,344.0,361.0,201.0,399.0,266.0,482.0,977.0,523.0,637.0
56,48,2.0,0.0,2.0,[55 57],523.0,637.0,399.0,266.0,451.0,344.0,415.0,632.0,482.0,977.0
56,49,2.0,0.0,2.0,[55 57],482.0,977.0,451.0,344.0,523.0,637.0,373.0,913.0,415.0,632.0
56,50,2.0,0.0,2.0,[55 57],415.0,632.0,523.0,637.0,482.0,977.0,291.0,916.0,373.0,913.0
56,51,2.0,0.0,2.0,[55 57],373.0,913.0,482.0,977.0,415.0,632.0,260.0,705.0,291.0,916.0
56,52,2.0,0.0,2.0,[55 57],291.0,916.0,415.0,632.0,373.0,913.0,192.0,668.0,260.0,705.0
56,53,2.0,0.0,2.0,[55 57],260.0,705.0,373.0,913.0,291.0,916.0,183.0,698.0,192.0,668.0
56,54,2.0,0.0,2.0,[55 57],192.0,668.0,291.0,916.0,260.0,705.0,182.0,554.0,183.0,698.0
56,55,2.0,0.0,2.0,[55 57],183.0,698.0,260.0,705.0,192.0,668.0,165.0,381.0,182.0,554.0
56,56,2.0,0.0,2.0,[55 57],182.0,554.0,192.0,668.0,183.0,698.0,129.0,303.0,165.0,381.0
56,57,2.0,0.0,2.0,[55 57],165.0,381.0,183.0,698.0,182.0,554.0,138.0,262.0,129.0,303.0
56,58,2.0,0.0,2.0,[55 57],129.0,303.0,182.0,554.0,165.0,381.0,126.0,200.0,138.0,262.0
56,59,2.0,0.0,2.0,[55 57],138.0,262.0,165.0,381.0,129.0,303.0,120.0,169.0,126.0,200.0
56,60,2.0,0.0,2.0,[55 57],126.0,200.0,129.0,303.0,138.0,262.0,147.0,168.0,120.0,169.0
56,61,2.0,0.0,2.0,[55 57],120.0,169.0,138.0,262.0,126.0,200.0,108.0,127.0,147.0,168.0
56,62,2.0,0.0,2.0,[55 57],147.0,168.0,126.0,200.0,120.0,169.0,120.0,129.0,108.0,127.0
56,63,2.0,0.0,2.0,[55 57],108.0,127.0,120.0,169.0,147.0,168.0,119.0,116.0,120.0,129.0
56,64,2.0,0.0,2.0,[55 57],120.0,129.0,147.0,168.0,108.0,127.0,110.0,134.0,119.0,116.0
56,65,2.0,0.0,2.0,[55 57],119.0,116.0,108.0,127.0,120.0,129.0,131.0,118.0,110.0,134.0
56,66,2.0,0.0,2.0,[55 57],110.0,134.0,120.0,129.0,119.0,116.0,102.0,119.0,131.0,118.0
56,67,2.0,0.0,2.0,[55 57],131.0,118.0,119.0,116.0,110.0,134.0,118.0,100.0,102.0,119.0
56,68,2.0,0.0,2.0,[55 57],102.0,119.0,110.0,134.0,131.0,118.0,126.0,119.0,118.0,100.0
56,69,2.0,0.0,2.0,[55 57],118.0,100.0,131.0,118.0,102.0,119.0,121.0,96.0,126.0,119.0
56,70,2.0,0.0,2.0,[55 57],126.0,119.0,102.0,119.0,118.0,100.0,150.0,114.0,121.0,96.0
56,71,2.0,0.0,2.0,[55 57],121.0,96.0,118.0,100.0,126.0,119.0,148.0,79.0,150.0,114.0
56,72,2.0,0.0,2.0,[55 57],150.0,114.0,126.0,119.0,121.0,96.0,131.0,132.0,148.0,79.0
56,73,2.0,0.0,2.0,[55 57],148.0,79.0,121.0,96.0,150.0,114.0,123.0,122.0,131.0,132.0
56,74,2.0,0.0,2.0,[55 57],131.0,132.0,150.0,114.0,148.0,79.0,141.0,147.0,123.0,122.0
56,75,2.0,0.0,2.0,[55 57],123.0,122.0,148.0,79.0,131.0,132.0,127.0,125.0,141.0,147.0
56,76,2.0,0.0,2.0,[55 57],141.0,147.0,131.0,132.0,123.0,122.0,123.0,142.0,127.0,125.0
56,77,2.0,0.0,2.0,[55 57],127.0,125.0,123.0,122.0,141.0,147.0,159.0,144.0,123.0,142.0
56,78,2.0,0.0,2.0,[55 57],123.0,142.0,141.0,147.0,127.0,125.0,117.0,111.0,159.0,144.0
56,79,2.0,0.0,2.0,[55 57],159.0,144.0,127.0,125.0,123.0,142.0,137.0,124.0,117.0,111.0
56,80,2.0,0.0,2.0,[55 57],117.0,111.0,123.0,142.0,159.0,144.0,116.0,136.0,137.0,124.0
56,81,2.0,0.0,2.0,[55 57],137.0,124.0,159.0,144.0,117.0,111.0,127.0,120.0,116.0,136.0
56,82,2.0,0.0,2.0,[55 57],116.0,136.0,117.0,111.0,137.0,124.0,124.0,147.0,127.0,120.0
56,83,2.0,0.0,2.0,[55 57],127.0,120.0,137.0,124.0,116.0,136.0,131.0,136.0,124.0,147.0
56,84,2.0,0.0,2.0,[55 57],124.0,147.0,116.0,136.0,127.0,120.0,110.0,109.0,131.0,136.0
56,85,2.0,0.0,2.0,[55 57],131.0,136.0,127.0,120.0,124.0,147.0,118.0,122.0,110.0,109.0
56,86,2.0,0.0,2.0,[55 57],110.0,109.0,124.0,147.0,131.0,136.0,135.0,113.0,118.0,122.0
56,87,2.0,0.0,2.0,[55 57],118.0,122.0,131.0,136.0,110.0,109.0,131.0,120.0,135.0,113.0
56,88,2.0,0.0,2.0,[55 57],135.0,113.0,110.0,109.0,118.0,122.0,125.0,104.0,131.0,120.0
56,89,2.0,0.0,2.0,[55 57],131.0,120.0,118.0,122.0,135.0,113.0,138.0,131.0,125.0,104.0
56,90,2.0,0.0,2.0,[55 57],125.0,104.0,135.0,113.0,131.0,120.0,162.0,132.0,138.0,131.0
56,91,2.0,0.0,2.0,[55 57],138.0,131.0,131.0,120.0,125.0,104.0,113.0,144.0,162.0,132.0
56,92,2.0,0.0,2.0,[55 57],162.0,132.0,125.0,104.0,138.0,131.0,127.0,133.0,113.0,144.0
56,93,2.0,0.0,2.0,[55 57],113.0,144.0,138.0,131.0,162.0,132.0,149.0,146.0,127.0,133.0
56,94,2.0,0.0,2.0,[55 57],127.0,133.0,162.0,132.0,113.0,144.0,155.0,158.0,149.0,146.0
56,95,2.0,0.0,2.0,[55 57],149.0,146.0,113.0,144.0,127.0,133.0,110.0,131.0,155.0,158.0
56,96,2.0,0.0,2.0,[55 57],155.0,158.0,127.0,133.0,149.0,146.0,150.0,204.0,110.0,131.0
56,97,2.0,0.0,2.0,[55 57],110.0,131.0,149.0,146.0,155.0,158.0,129.0,174.0,150.0,204.0
56,98,2.0,0.0,2.0,[55 57],150.0,204.0,155.0,158.0,110.0,131.0,169.0,185.0,129.0,174.0
56,99,2.0,0.0,2.0,[55 57],129.0,174.0,110.0,131.0,150.0,204.0,149.0,185.0,169.0,185.0
56,100,2.0,0.0,2.0,[55 57],169.0,185.0,150.0,204.0,129.0,174.0,222.0,189.0,149.0,185.0
56,101,2.0,0.0,2.0,[55 57],149.0,185.0,129.0,174.0,169.0,185.0,341.0,187.0,222.0,189.0
56,102,2.0,0.0,2.0,[55 57],222.0,189.0,169.0,185.0,149.0,185.0,325.0,233.0,341.0,187.0
56,103,2.0,0.0,2.0,[55 57],341.0,187.0,149.0,185.0,222.0,189.0,336.0,293.0,325.0,233.0
56,104,2.0,0.0,2.0,[55 57],325.0,233.0,222.0,189.0,341.0,187.0,573.0,306.0,336.0,293.0
56,105,2.0,0.0,2.0,[55 57],336.0,293.0,341.0,187.0,325.0,233.0,537.0,430.0,573.0,306.0
56,106,2.0,0.0,2.0,[55 57],573.0,306.0,325.0,233.0,336.0,293.0,460.0,363.0,537.0,430.0
56,107,2.0,0.0,2.0,[55 57],537.0,430.0,336.0,293.0,573.0,306.0,507.0,404.0,460.0,363.0
56,108,2.0,0.0,2.0,[55 57],460.0,363.0,573.0,306.0,537.0,430.0,482.0,376.0,507.0,404.0
56,109,2.0,0.0,2.0,[55 57],507.0,404.0,537.0,430.0,460.0,363.0,466.0,356.0,482.0,376.0
56,110,2.0,0.0,2.0,[55 57],482.0,376.0,460.0,363.0,507.0,404.0,431.0,289.0,466.0,356.0
56,111,2.0,0.0,2.0,[55 57],466.0,356.0,507.0,404.0,482.0,376.0,361.0,226.0,431.0,289.0
56,112,2.0,0.0,2.0,[55 57],431.0,289.0,482.0,376.0,466.0,356.0,366.0,311.0,361.0,226.0
56,113,2.0,0.0,2.0,[55 57],361.0,226.0,466.0,356.0,431.0,289.0,269.0,179.0,366.0,311.0
56,114,2.0,0.0,2.0,[55 57],366.0,311.0,431.0,289.0,361.0,226.0,279.0,187.0,269.0,179.0
56,115,2.0,0.0,2.0,[55 57],269.0,179.0,361.0,226.0,366.0,311.0,250.0,215.0,279.0,187.0
56,116,2.0,0.0,2.0,[55 57],279.0,187.0,366.0,311.0,269.0,179.0,197.0,142.0,250.0,215.0
56,117,2.0,0.0,2.0,[55 57],250.0,215.0,269.0,179.0,279.0,187.0,225.0,164.0,197.0,142.0
56,118,2.0,0.0,2.0,[55 57],197.0,142.0,279.0,187.0,250.0,215.0,239.0,142.0,225.0,164.0
56,119,2.0,0.0,2.0,[55 57],225.0,164.0,250.0,215.0,197.0,142.0,245.0,174.0,239.0,142.0
56,120,2.0,0.0,2.0,[55 57],239.0,142.0,197.0,142.0,225.0,164.0,208.0,144.0,245.0,174.0
56,121,2.0,0.0,2.0,[55 57],245.0,174.0,225.0,164.0,239.0,142.0,177.0,157.0,208.0,144.0
56,122,2.0,0.0,2.0,[55 57],208.0,144.0,239.0,142.0,245.0,174.0,200.0,121.0,177.0,157.0
56,123,2.0,0.0,2.0,[55 57],177.0,157.0,245.0,174.0,208.0,144.0,165.0,156.0,200.0,121.0
56,124,2.0,0.0,2.0,[55 57],200.0,121.0,208.0,144.0,177.0,157.0,181.0,155.0,165.0,156.0
56,125,2.0,0.0,2.0,[55 57],165.0,156.0,177.0,157.0,200.0,121.0,165.0,130.0,181.0,155.0
56,126,2.0,0.0,2.0,[55 57],181.0,155.0,200.0,121.0,165.0,156.0,180.0,163.0,165.0,130.0
56,127,2.0,0.0,2.0,[55 57],165.0,130.0,165.0,156.0,181.0,155.0,148.0,176.0,180.0,163.0
56,128,2.0,0.0,2.0,[55 57],180.0,163.0,181.0,155.0,165.0,130.0,124.0,105.0,148.0,176.0
56,129,2.0,0.0,2.0,[55 57],148.0,176.0,165.0,130.0,180.0,163.0,113.0,62.0,124.0,105.0
56,130,2.0,0.0,2.0,[55 57],124.0,105.0,180.0,163.0,148.0,176.0,113.0,110.0,113.0,62.0
56,131,2.0,0.0,2.0,[55 57],113.0,62.0,148.0,176.0,124.0,105.0,69.0,118.0,113.0,110.0
56,132,2.0,0.0,2.0,[55 57],113.0,110.0,124.0,105.0,113.0,62.0,85.0,98.0,69.0,118.0
56,133,2.0,0.0,2.0,[55 57],69.0,118.0,113.0,62.0,113.0,110.0,48.0,43.0,85.0,98.0
56,134,2.0,0.0,2.0,[55 57],85.0,98.0,113.0,110.0,69.0,118.0,26.0,78.0,48.0,43.0
56,135,2.0,0.0,2.0,[55 57],48.0,43.0,69.0,118.0,85.0,98.0,46.0,26.0,26.0,78.0
56,136,2.0,0.0,2.0,[55 57],26.0,78.0,85.0,98.0,48.0,43.0,16.0,50.0,46.0,26.0
56,137,2.0,0.0,2.0,[55 57],46.0,26.0,48.0,43.0,26.0,78.0,12.0,21.0,16.0,50.0
56,138,2.0,0.0,2.0,[55 57],16.0,50.0,26.0,78.0,46.0,26.0,11.0,14.0,12.0,21.0
56,139,2.0,0.0,2.0,[55 57],12.0,21.0,46.0,26.0,16.0,50.0,9.0,14.0,11.0,14.0
56,140,2.0,0.0,2.0,[55 57],11.0,14.0,16.0,50.0,12.0,21.0,0.0,7.0,9.0,14.0
56,141,2.0,0.0,2.0,[55 57],9.0,14.0,12.0,21.0,11.0,14.0,1.0,4.0,0.0,7.0
56,142,2.0,0.0,2.0,[55 57],0.0,7.0,11.0,14.0,9.0,14.0,0.0,0.0,1.0,4.0
56,143,2.0,0.0,2.0,[55 57],1.0,4.0,9.0,14.0,0.0,7.0,0.0,0.0,0.0,0.0
57,0,2.0,0.0,2.0,[56 58],0.0,7.0,0.0,0.0,0.0,0.0,0.0,0.0,0.0,0.0
57,1,2.0,0.0,2.0,[56 58],0.0,0.0,0.0,0.0,0.0,7.0,0.0,0.0,0.0,0.0
57,2,2.0,0.0,2.0,[56 58],0.0,0.0,0.0,7.0,0.0,0.0,0.0,0.0,0.0,0.0
57,3,2.0,0.0,2.0,[56 58],0.0,0.0,0.0,0.0,0.0,0.0,0.0,0.0,0.0,0.0
57,4,2.0,0.0,2.0,[56 58],0.0,0.0,0.0,0.0,0.0,0.0,0.0,0.0,0.0,0.0
57,5,2.0,0.0,2.0,[56 58],0.0,0.0,0.0,0.0,0.0,0.0,0.0,0.0,0.0,0.0
57,6,2.0,0.0,2.0,[56 58],0.0,0.0,0.0,0.0,0.0,0.0,0.0,0.0,0.0,0.0
57,7,2.0,0.0,2.0,[56 58],0.0,0.0,0.0,0.0,0.0,0.0,0.0,0.0,0.0,0.0
57,8,2.0,0.0,2.0,[56 58],0.0,0.0,0.0,0.0,0.0,0.0,0.0,0.0,0.0,0.0
57,9,2.0,0.0,2.0,[56 58],0.0,0.0,0.0,0.0,0.0,0.0,0.0,0.0,0.0,0.0
57,10,2.0,0.0,2.0,[56 58],0.0,0.0,0.0,0.0,0.0,0.0,0.0,0.0,0.0,0.0
57,11,2.0,0.0,2.0,[56 58],0.0,0.0,0.0,0.0,0.0,0.0,0.0,0.0,0.0,0.0
57,12,2.0,0.0,2.0,[56 58],0.0,0.0,0.0,0.0,0.0,0.0,1.0,0.0,0.0,0.0
57,13,2.0,0.0,2.0,[56 58],0.0,0.0,0.0,0.0,0.0,0.0,0.0,1.0,1.0,0.0
57,14,2.0,0.0,2.0,[56 58],1.0,0.0,0.0,0.0,0.0,0.0,0.0,0.0,0.0,1.0
57,15,2.0,0.0,2.0,[56 58],0.0,1.0,0.0,0.0,1.0,0.0,0.0,0.0,0.0,0.0
57,16,2.0,0.0,2.0,[56 58],0.0,0.0,1.0,0.0,0.0,1.0,0.0,0.0,0.0,0.0
57,17,2.0,0.0,2.0,[56 58],0.0,0.0,0.0,1.0,0.0,0.0,0.0,0.0,0.0,0.0
57,18,2.0,0.0,2.0,[56 58],0.0,0.0,0.0,0.0,0.0,0.0,0.0,0.0,0.0,0.0
57,19,2.0,0.0,2.0,[56 58],0.0,0.0,0.0,0.0,0.0,0.0,0.0,0.0,0.0,0.0
57,20,2.0,0.0,2.0,[56 58],0.0,0.0,0.0,0.0,0.0,0.0,0.0,0.0,0.0,0.0
57,21,2.0,0.0,2.0,[56 58],0.0,0.0,0.0,0.0,0.0,0.0,0.0,0.0,0.0,0.0
57,22,2.0,0.0,2.0,[56 58],0.0,0.0,0.0,0.0,0.0,0.0,0.0,0.0,0.0,0.0
57,23,2.0,0.0,2.0,[56 58],0.0,0.0,0.0,0.0,0.0,0.0,0.0,0.0,0.0,0.0
57,24,2.0,0.0,2.0,[56 58],0.0,0.0,0.0,0.0,0.0,0.0,1.0,0.0,0.0,0.0
57,25,2.0,0.0,2.0,[56 58],0.0,0.0,0.0,0.0,0.0,0.0,1.0,0.0,1.0,0.0
57,26,2.0,0.0,2.0,[56 58],1.0,0.0,0.0,0.0,0.0,0.0,0.0,2.0,1.0,0.0
57,27,2.0,0.0,2.0,[56 58],1.0,0.0,0.0,0.0,1.0,0.0,0.0,0.0,0.0,2.0
57,28,2.0,0.0,2.0,[56 58],0.0,2.0,1.0,0.0,1.0,0.0,0.0,0.0,0.0,0.0
57,29,2.0,0.0,2.0,[56 58],0.0,0.0,1.0,0.0,0.0,2.0,0.0,0.0,0.0,0.0
57,30,2.0,0.0,2.0,[56 58],0.0,0.0,0.0,2.0,0.0,0.0,0.0,0.0,0.0,0.0
57,31,2.0,0.0,2.0,[56 58],0.0,0.0,0.0,0.0,0.0,0.0,0.0,0.0,0.0,0.0
57,32,2.0,0.0,2.0,[56 58],0.0,0.0,0.0,0.0,0.0,0.0,0.0,0.0,0.0,0.0
57,33,2.0,0.0,2.0,[56 58],0.0,0.0,0.0,0.0,0.0,0.0,13.0,0.0,0.0,0.0
57,34,2.0,0.0,2.0,[56 58],0.0,0.0,0.0,0.0,0.0,0.0,20.0,3.0,13.0,0.0
57,35,2.0,0.0,2.0,[56 58],13.0,0.0,0.0,0.0,0.0,0.0,45.0,1.0,20.0,3.0
57,36,2.0,0.0,2.0,[56 58],20.0,3.0,0.0,0.0,13.0,0.0,55.0,12.0,45.0,1.0
57,37,2.0,0.0,2.0,[56 58],45.0,1.0,13.0,0.0,20.0,3.0,89.0,15.0,55.0,12.0
57,38,2.0,0.0,2.0,[56 58],55.0,12.0,20.0,3.0,45.0,1.0,117.0,15.0,89.0,15.0
57,39,2.0,0.0,2.0,[56 58],89.0,15.0,45.0,1.0,55.0,12.0,176.0,24.0,117.0,15.0
57,40,2.0,0.0,2.0,[56 58],117.0,15.0,55.0,12.0,89.0,15.0,204.0,36.0,176.0,24.0
57,41,2.0,0.0,2.0,[56 58],176.0,24.0,89.0,15.0,117.0,15.0,276.0,39.0,204.0,36.0
57,42,2.0,0.0,2.0,[56 58],204.0,36.0,117.0,15.0,176.0,24.0,405.0,44.0,276.0,39.0
57,43,2.0,0.0,2.0,[56 58],276.0,39.0,176.0,24.0,204.0,36.0,583.0,58.0,405.0,44.0
57,44,2.0,0.0,2.0,[56 58],405.0,44.0,204.0,36.0,276.0,39.0,817.0,90.0,583.0,58.0
57,45,2.0,0.0,2.0,[56 58],583.0,58.0,276.0,39.0,405.0,44.0,896.0,100.0,817.0,90.0
57,46,2.0,0.0,2.0,[56 58],817.0,90.0,405.0,44.0,583.0,58.0,980.0,156.0,896.0,100.0
57,47,2.0,0.0,2.0,[56 58],896.0,100.0,583.0,58.0,817.0,90.0,964.0,209.0,980.0,156.0
57,48,2.0,0.0,2.0,[56 58],980.0,156.0,817.0,90.0,896.0,100.0,712.0,222.0,964.0,209.0
57,49,2.0,0.0,2.0,[56 58],964.0,209.0,896.0,100.0,980.0,156.0,576.0,205.0,712.0,222.0
57,50,2.0,0.0,2.0,[56 58],712.0,222.0,980.0,156.0,964.0,209.0,461.0,228.0,576.0,205.0
57,51,2.0,0.0,2.0,[56 58],576.0,205.0,964.0,209.0,712.0,222.0,341.0,290.0,461.0,228.0
57,52,2.0,0.0,2.0,[56 58],461.0,228.0,712.0,222.0,576.0,205.0,325.0,194.0,341.0,290.0
57,53,2.0,0.0,2.0,[56 58],341.0,290.0,576.0,205.0,461.0,228.0,264.0,175.0,325.0,194.0
57,54,2.0,0.0,2.0,[56 58],325.0,194.0,461.0,228.0,341.0,290.0,260.0,182.0,264.0,175.0
57,55,2.0,0.0,2.0,[56 58],264.0,175.0,341.0,290.0,325.0,194.0,207.0,201.0,260.0,182.0
57,56,2.0,0.0,2.0,[56 58],260.0,182.0,325.0,194.0,264.0,175.0,148.0,144.0,207.0,201.0
57,57,2.0,0.0,2.0,[56 58],207.0,201.0,264.0,175.0,260.0,182.0,172.0,115.0,148.0,144.0
57,58,2.0,0.0,2.0,[56 58],148.0,144.0,260.0,182.0,207.0,201.0,162.0,84.0,172.0,115.0
57,59,2.0,0.0,2.0,[56 58],172.0,115.0,207.0,201.0,148.0,144.0,139.0,86.0,162.0,84.0
57,60,2.0,0.0,2.0,[56 58],162.0,84.0,148.0,144.0,172.0,115.0,129.0,78.0,139.0,86.0
57,61,2.0,0.0,2.0,[56 58],139.0,86.0,172.0,115.0,162.0,84.0,141.0,69.0,129.0,78.0
57,62,2.0,0.0,2.0,[56 58],129.0,78.0,162.0,84.0,139.0,86.0,96.0,94.0,141.0,69.0
57,63,2.0,0.0,2.0,[56 58],141.0,69.0,139.0,86.0,129.0,78.0,94.0,78.0,96.0,94.0
57,64,2.0,0.0,2.0,[56 58],96.0,94.0,129.0,78.0,141.0,69.0,128.0,47.0,94.0,78.0
57,65,2.0,0.0,2.0,[56 58],94.0,78.0,141.0,69.0,96.0,94.0,98.0,46.0,128.0,47.0
57,66,2.0,0.0,2.0,[56 58],128.0,47.0,96.0,94.0,94.0,78.0,135.0,72.0,98.0,46.0
57,67,2.0,0.0,2.0,[56 58],98.0,46.0,94.0,78.0,128.0,47.0,117.0,67.0,135.0,72.0
57,68,2.0,0.0,2.0,[56 58],135.0,72.0,128.0,47.0,98.0,46.0,102.0,62.0,117.0,67.0
57,69,2.0,0.0,2.0,[56 58],117.0,67.0,98.0,46.0,135.0,72.0,109.0,67.0,102.0,62.0
57,70,2.0,0.0,2.0,[56 58],102.0,62.0,135.0,72.0,117.0,67.0,100.0,63.0,109.0,67.0
57,71,2.0,0.0,2.0,[56 58],109.0,67.0,117.0,67.0,102.0,62.0,124.0,80.0,100.0,63.0
57,72,2.0,0.0,2.0,[56 58],100.0,63.0,102.0,62.0,109.0,67.0,142.0,67.0,124.0,80.0
57,73,2.0,0.0,2.0,[56 58],124.0,80.0,109.0,67.0,100.0,63.0,141.0,72.0,142.0,67.0
57,74,2.0,0.0,2.0,[56 58],142.0,67.0,100.0,63.0,124.0,80.0,134.0,73.0,141.0,72.0
57,75,2.0,0.0,2.0,[56 58],141.0,72.0,124.0,80.0,142.0,67.0,99.0,52.0,134.0,73.0
57,76,2.0,0.0,2.0,[56 58],134.0,73.0,142.0,67.0,141.0,72.0,118.0,74.0,99.0,52.0
57,77,2.0,0.0,2.0,[56 58],99.0,52.0,141.0,72.0,134.0,73.0,120.0,65.0,118.0,74.0
57,78,2.0,0.0,2.0,[56 58],118.0,74.0,134.0,73.0,99.0,52.0,116.0,71.0,120.0,65.0
57,79,2.0,0.0,2.0,[56 58],120.0,65.0,99.0,52.0,118.0,74.0,134.0,97.0,116.0,71.0
57,80,2.0,0.0,2.0,[56 58],116.0,71.0,118.0,74.0,120.0,65.0,119.0,67.0,134.0,97.0
57,81,2.0,0.0,2.0,[56 58],134.0,97.0,120.0,65.0,116.0,71.0,103.0,97.0,119.0,67.0
57,82,2.0,0.0,2.0,[56 58],119.0,67.0,116.0,71.0,134.0,97.0,86.0,80.0,103.0,97.0
57,83,2.0,0.0,2.0,[56 58],103.0,97.0,134.0,97.0,119.0,67.0,97.0,68.0,86.0,80.0
57,84,2.0,0.0,2.0,[56 58],86.0,80.0,119.0,67.0,103.0,97.0,83.0,100.0,97.0,68.0
57,85,2.0,0.0,2.0,[56 58],97.0,68.0,103.0,97.0,86.0,80.0,112.0,94.0,83.0,100.0
57,86,2.0,0.0,2.0,[56 58],83.0,100.0,86.0,80.0,97.0,68.0,96.0,87.0,112.0,94.0
57,87,2.0,0.0,2.0,[56 58],112.0,94.0,97.0,68.0,83.0,100.0,81.0,83.0,96.0,87.0
57,88,2.0,0.0,2.0,[56 58],96.0,87.0,83.0,100.0,112.0,94.0,92.0,81.0,81.0,83.0
57,89,2.0,0.0,2.0,[56 58],81.0,83.0,112.0,94.0,96.0,87.0,79.0,107.0,92.0,81.0
57,90,2.0,0.0,2.0,[56 58],92.0,81.0,96.0,87.0,81.0,83.0,116.0,87.0,79.0,107.0
57,91,2.0,0.0,2.0,[56 58],79.0,107.0,81.0,83.0,92.0,81.0,89.0,71.0,116.0,87.0
57,92,2.0,0.0,2.0,[56 58],116.0,87.0,92.0,81.0,79.0,107.0,66.0,105.0,89.0,71.0
57,93,2.0,0.0,2.0,[56 58],89.0,71.0,79.0,107.0,116.0,87.0,108.0,109.0,66.0,105.0
57,94,2.0,0.0,2.0,[56 58],66.0,105.0,116.0,87.0,89.0,71.0,104.0,115.0,108.0,109.0
57,95,2.0,0.0,2.0,[56 58],108.0,109.0,89.0,71.0,66.0,105.0,101.0,102.0,104.0,115.0
57,96,2.0,0.0,2.0,[56 58],104.0,115.0,66.0,105.0,108.0,109.0,113.0,125.0,101.0,102.0
57,97,2.0,0.0,2.0,[56 58],101.0,102.0,108.0,109.0,104.0,115.0,123.0,129.0,113.0,125.0
57,98,2.0,0.0,2.0,[56 58],113.0,125.0,104.0,115.0,101.0,102.0,132.0,130.0,123.0,129.0
57,99,2.0,0.0,2.0,[56 58],123.0,129.0,101.0,102.0,113.0,125.0,102.0,124.0,132.0,130.0
57,100,2.0,0.0,2.0,[56 58],132.0,130.0,113.0,125.0,123.0,129.0,110.0,168.0,102.0,124.0
57,101,2.0,0.0,2.0,[56 58],102.0,124.0,123.0,129.0,132.0,130.0,189.0,169.0,110.0,168.0
57,102,2.0,0.0,2.0,[56 58],110.0,168.0,132.0,130.0,102.0,124.0,161.0,246.0,189.0,169.0
57,103,2.0,0.0,2.0,[56 58],189.0,169.0,102.0,124.0,110.0,168.0,173.0,274.0,161.0,246.0
57,104,2.0,0.0,2.0,[56 58],161.0,246.0,110.0,168.0,189.0,169.0,214.0,331.0,173.0,274.0
57,105,2.0,0.0,2.0,[56 58],173.0,274.0,189.0,169.0,161.0,246.0,195.0,406.0,214.0,331.0
57,106,2.0,0.0,2.0,[56 58],214.0,331.0,161.0,246.0,173.0,274.0,172.0,436.0,195.0,406.0
57,107,2.0,0.0,2.0,[56 58],195.0,406.0,173.0,274.0,214.0,331.0,178.0,326.0,172.0,436.0
57,108,2.0,0.0,2.0,[56 58],172.0,436.0,214.0,331.0,195.0,406.0,184.0,430.0,178.0,326.0
57,109,2.0,0.0,2.0,[56 58],178.0,326.0,195.0,406.0,172.0,436.0,195.0,359.0,184.0,430.0
57,110,2.0,0.0,2.0,[56 58],184.0,430.0,172.0,436.0,178.0,326.0,164.0,417.0,195.0,359.0
57,111,2.0,0.0,2.0,[56 58],195.0,359.0,178.0,326.0,184.0,430.0,166.0,303.0,164.0,417.0
57,112,2.0,0.0,2.0,[56 58],164.0,417.0,184.0,430.0,195.0,359.0,144.0,327.0,166.0,303.0
57,113,2.0,0.0,2.0,[56 58],166.0,303.0,195.0,359.0,164.0,417.0,116.0,290.0,144.0,327.0
57,114,2.0,0.0,2.0,[56 58],144.0,327.0,164.0,417.0,166.0,303.0,98.0,289.0,116.0,290.0
57,115,2.0,0.0,2.0,[56 58],116.0,290.0,166.0,303.0,144.0,327.0,111.0,197.0,98.0,289.0
57,116,2.0,0.0,2.0,[56 58],98.0,289.0,144.0,327.0,116.0,290.0,84.0,245.0,111.0,197.0
57,117,2.0,0.0,2.0,[56 58],111.0,197.0,116.0,290.0,98.0,289.0,85.0,208.0,84.0,245.0
57,118,2.0,0.0,2.0,[56 58],84.0,245.0,98.0,289.0,111.0,197.0,79.0,205.0,85.0,208.0
57,119,2.0,0.0,2.0,[56 58],85.0,208.0,111.0,197.0,84.0,245.0,126.0,249.0,79.0,205.0
57,120,2.0,0.0,2.0,[56 58],79.0,205.0,84.0,245.0,85.0,208.0,118.0,186.0,126.0,249.0
57,121,2.0,0.0,2.0,[56 58],126.0,249.0,85.0,208.0,79.0,205.0,112.0,201.0,118.0,186.0
57,122,2.0,0.0,2.0,[56 58],118.0,186.0,79.0,205.0,126.0,249.0,110.0,213.0,112.0,201.0
57,123,2.0,0.0,2.0,[56 58],112.0,201.0,126.0,249.0,118.0,186.0,68.0,246.0,110.0,213.0
57,124,2.0,0.0,2.0,[56 58],110.0,213.0,118.0,186.0,112.0,201.0,83.0,200.0,68.0,246.0
57,125,2.0,0.0,2.0,[56 58],68.0,246.0,112.0,201.0,110.0,213.0,96.0,172.0,83.0,200.0
57,126,2.0,0.0,2.0,[56 58],83.0,200.0,110.0,213.0,68.0,246.0,103.0,209.0,96.0,172.0
57,127,2.0,0.0,2.0,[56 58],96.0,172.0,68.0,246.0,83.0,200.0,79.0,187.0,103.0,209.0
57,128,2.0,0.0,2.0,[56 58],103.0,209.0,83.0,200.0,96.0,172.0,58.0,160.0,79.0,187.0
57,129,2.0,0.0,2.0,[56 58],79.0,187.0,96.0,172.0,103.0,209.0,71.0,200.0,58.0,160.0
57,130,2.0,0.0,2.0,[56 58],58.0,160.0,103.0,209.0,79.0,187.0,76.0,170.0,71.0,200.0
57,131,2.0,0.0,2.0,[56 58],71.0,200.0,79.0,187.0,58.0,160.0,41.0,184.0,76.0,170.0
57,132,2.0,0.0,2.0,[56 58],76.0,170.0,58.0,160.0,71.0,200.0,42.0,116.0,41.0,184.0
57,133,2.0,0.0,2.0,[56 58],41.0,184.0,71.0,200.0,76.0,170.0,16.0,174.0,42.0,116.0
57,134,2.0,0.0,2.0,[56 58],42.0,116.0,76.0,170.0,41.0,184.0,30.0,101.0,16.0,174.0
57,135,2.0,0.0,2.0,[56 58],16.0,174.0,41.0,184.0,42.0,116.0,23.0,203.0,30.0,101.0
57,136,2.0,0.0,2.0,[56 58],30.0,101.0,42.0,116.0,16.0,174.0,7.0,59.0,23.0,203.0
57,137,2.0,0.0,2.0,[56 58],23.0,203.0,16.0,174.0,30.0,101.0,2.0,100.0,7.0,59.0
57,138,2.0,0.0,2.0,[56 58],7.0,59.0,30.0,101.0,23.0,203.0,3.0,34.0,2.0,100.0
57,139,2.0,0.0,2.0,[56 58],2.0,100.0,23.0,203.0,7.0,59.0,1.0,24.0,3.0,34.0
57,140,2.0,0.0,2.0,[56 58],3.0,34.0,7.0,59.0,2.0,100.0,1.0,26.0,1.0,24.0
57,141,2.0,0.0,2.0,[56 58],1.0,24.0,2.0,100.0,3.0,34.0,0.0,7.0,1.0,26.0
57,142,2.0,0.0,2.0,[56 58],1.0,26.0,3.0,34.0,1.0,24.0,0.0,0.0,0.0,7.0
57,143,2.0,0.0,2.0,[56 58],0.0,7.0,1.0,24.0,1.0,26.0,0.0,0.0,0.0,0.0
58,0,2.0,0.0,2.0,[57 59],0.0,6.0,0.0,0.0,0.0,0.0,0.0,0.0,0.0,0.0
58,1,2.0,0.0,2.0,[57 59],0.0,0.0,0.0,0.0,0.0,6.0,1.0,1.0,0.0,0.0
58,2,2.0,0.0,2.0,[57 59],0.0,0.0,0.0,6.0,0.0,0.0,0.0,0.0,1.0,1.0
58,3,2.0,0.0,2.0,[57 59],1.0,1.0,0.0,0.0,0.0,0.0,0.0,0.0,0.0,0.0
58,4,2.0,0.0,2.0,[57 59],0.0,0.0,0.0,0.0,1.0,1.0,0.0,0.0,0.0,0.0
58,5,2.0,0.0,2.0,[57 59],0.0,0.0,1.0,1.0,0.0,0.0,0.0,0.0,0.0,0.0
58,6,2.0,0.0,2.0,[57 59],0.0,0.0,0.0,0.0,0.0,0.0,0.0,0.0,0.0,0.0
58,7,2.0,0.0,2.0,[57 59],0.0,0.0,0.0,0.0,0.0,0.0,0.0,0.0,0.0,0.0
58,8,2.0,0.0,2.0,[57 59],0.0,0.0,0.0,0.0,0.0,0.0,0.0,0.0,0.0,0.0
58,9,2.0,0.0,2.0,[57 59],0.0,0.0,0.0,0.0,0.0,0.0,0.0,0.0,0.0,0.0
58,10,2.0,0.0,2.0,[57 59],0.0,0.0,0.0,0.0,0.0,0.0,0.0,0.0,0.0,0.0
58,11,2.0,0.0,2.0,[57 59],0.0,0.0,0.0,0.0,0.0,0.0,0.0,0.0,0.0,0.0
58,12,2.0,0.0,2.0,[57 59],0.0,0.0,0.0,0.0,0.0,0.0,0.0,0.0,0.0,0.0
58,13,2.0,0.0,2.0,[57 59],0.0,0.0,0.0,0.0,0.0,0.0,0.0,0.0,0.0,0.0
58,14,2.0,0.0,2.0,[57 59],0.0,0.0,0.0,0.0,0.0,0.0,0.0,0.0,0.0,0.0
58,15,2.0,0.0,2.0,[57 59],0.0,0.0,0.0,0.0,0.0,0.0,0.0,0.0,0.0,0.0
58,16,2.0,0.0,2.0,[57 59],0.0,0.0,0.0,0.0,0.0,0.0,0.0,0.0,0.0,0.0
58,17,2.0,0.0,2.0,[57 59],0.0,0.0,0.0,0.0,0.0,0.0,0.0,0.0,0.0,0.0
58,18,2.0,0.0,2.0,[57 59],0.0,0.0,0.0,0.0,0.0,0.0,0.0,0.0,0.0,0.0
58,19,2.0,0.0,2.0,[57 59],0.0,0.0,0.0,0.0,0.0,0.0,0.0,0.0,0.0,0.0
58,20,2.0,0.0,2.0,[57 59],0.0,0.0,0.0,0.0,0.0,0.0,0.0,0.0,0.0,0.0
58,21,2.0,0.0,2.0,[57 59],0.0,0.0,0.0,0.0,0.0,0.0,0.0,0.0,0.0,0.0
58,22,2.0,0.0,2.0,[57 59],0.0,0.0,0.0,0.0,0.0,0.0,0.0,0.0,0.0,0.0
58,23,2.0,0.0,2.0,[57 59],0.0,0.0,0.0,0.0,0.0,0.0,0.0,0.0,0.0,0.0
58,24,2.0,0.0,2.0,[57 59],0.0,0.0,0.0,0.0,0.0,0.0,0.0,0.0,0.0,0.0
58,25,2.0,0.0,2.0,[57 59],0.0,0.0,0.0,0.0,0.0,0.0,0.0,0.0,0.0,0.0
58,26,2.0,0.0,2.0,[57 59],0.0,0.0,0.0,0.0,0.0,0.0,0.0,0.0,0.0,0.0
58,27,2.0,0.0,2.0,[57 59],0.0,0.0,0.0,0.0,0.0,0.0,0.0,0.0,0.0,0.0
58,28,2.0,0.0,2.0,[57 59],0.0,0.0,0.0,0.0,0.0,0.0,0.0,0.0,0.0,0.0
58,29,2.0,0.0,2.0,[57 59],0.0,0.0,0.0,0.0,0.0,0.0,0.0,0.0,0.0,0.0
58,30,2.0,0.0,2.0,[57 59],0.0,0.0,0.0,0.0,0.0,0.0,0.0,0.0,0.0,0.0
58,31,2.0,0.0,2.0,[57 59],0.0,0.0,0.0,0.0,0.0,0.0,0.0,0.0,0.0,0.0
58,32,2.0,0.0,2.0,[57 59],0.0,0.0,0.0,0.0,0.0,0.0,1.0,0.0,0.0,0.0
58,33,2.0,0.0,2.0,[57 59],0.0,0.0,0.0,0.0,0.0,0.0,10.0,0.0,1.0,0.0
58,34,2.0,0.0,2.0,[57 59],1.0,0.0,0.0,0.0,0.0,0.0,21.0,0.0,10.0,0.0
58,35,2.0,0.0,2.0,[57 59],10.0,0.0,0.0,0.0,1.0,0.0,33.0,4.0,21.0,0.0
58,36,2.0,0.0,2.0,[57 59],21.0,0.0,1.0,0.0,10.0,0.0,35.0,18.0,33.0,4.0
58,37,2.0,0.0,2.0,[57 59],33.0,4.0,10.0,0.0,21.0,0.0,57.0,10.0,35.0,18.0
58,38,2.0,0.0,2.0,[57 59],35.0,18.0,21.0,0.0,33.0,4.0,91.0,26.0,57.0,10.0
58,39,2.0,0.0,2.0,[57 59],57.0,10.0,33.0,4.0,35.0,18.0,93.0,36.0,91.0,26.0
58,40,2.0,0.0,2.0,[57 59],91.0,26.0,35.0,18.0,57.0,10.0,146.0,33.0,93.0,36.0
58,41,2.0,0.0,2.0,[57 59],93.0,36.0,57.0,10.0,91.0,26.0,185.0,48.0,146.0,33.0
58,42,2.0,0.0,2.0,[57 59],146.0,33.0,91.0,26.0,93.0,36.0,284.0,60.0,185.0,48.0
58,43,2.0,0.0,2.0,[57 59],185.0,48.0,93.0,36.0,146.0,33.0,420.0,139.0,284.0,60.0
58,44,2.0,0.0,2.0,[57 59],284.0,60.0,146.0,33.0,185.0,48.0,471.0,170.0,420.0,139.0
58,45,2.0,0.0,2.0,[57 59],420.0,139.0,185.0,48.0,284.0,60.0,602.0,164.0,471.0,170.0
58,46,2.0,0.0,2.0,[57 59],471.0,170.0,284.0,60.0,420.0,139.0,610.0,242.0,602.0,164.0
58,47,2.0,0.0,2.0,[57 59],602.0,164.0,420.0,139.0,471.0,170.0,586.0,248.0,610.0,242.0
58,48,2.0,0.0,2.0,[57 59],610.0,242.0,471.0,170.0,602.0,164.0,498.0,208.0,586.0,248.0
58,49,2.0,0.0,2.0,[57 59],586.0,248.0,602.0,164.0,610.0,242.0,392.0,311.0,498.0,208.0
58,50,2.0,0.0,2.0,[57 59],498.0,208.0,610.0,242.0,586.0,248.0,356.0,368.0,392.0,311.0
58,51,2.0,0.0,2.0,[57 59],392.0,311.0,586.0,248.0,498.0,208.0,260.0,212.0,356.0,368.0
58,52,2.0,0.0,2.0,[57 59],356.0,368.0,498.0,208.0,392.0,311.0,250.0,196.0,260.0,212.0
58,53,2.0,0.0,2.0,[57 59],260.0,212.0,392.0,311.0,356.0,368.0,197.0,197.0,250.0,196.0
58,54,2.0,0.0,2.0,[57 59],250.0,196.0,356.0,368.0,260.0,212.0,170.0,201.0,197.0,197.0
58,55,2.0,0.0,2.0,[57 59],197.0,197.0,260.0,212.0,250.0,196.0,163.0,167.0,170.0,201.0
58,56,2.0,0.0,2.0,[57 59],170.0,201.0,250.0,196.0,197.0,197.0,146.0,135.0,163.0,167.0
58,57,2.0,0.0,2.0,[57 59],163.0,167.0,197.0,197.0,170.0,201.0,117.0,144.0,146.0,135.0
58,58,2.0,0.0,2.0,[57 59],146.0,135.0,170.0,201.0,163.0,167.0,128.0,97.0,117.0,144.0
58,59,2.0,0.0,2.0,[57 59],117.0,144.0,163.0,167.0,146.0,135.0,125.0,81.0,128.0,97.0
58,60,2.0,0.0,2.0,[57 59],128.0,97.0,146.0,135.0,117.0,144.0,90.0,101.0,125.0,81.0
58,61,2.0,0.0,2.0,[57 59],125.0,81.0,117.0,144.0,128.0,97.0,107.0,64.0,90.0,101.0
58,62,2.0,0.0,2.0,[57 59],90.0,101.0,128.0,97.0,125.0,81.0,107.0,76.0,107.0,64.0
58,63,2.0,0.0,2.0,[57 59],107.0,64.0,125.0,81.0,90.0,101.0,96.0,81.0,107.0,76.0
58,64,2.0,0.0,2.0,[57 59],107.0,76.0,90.0,101.0,107.0,64.0,76.0,85.0,96.0,81.0
58,65,2.0,0.0,2.0,[57 59],96.0,81.0,107.0,64.0,107.0,76.0,101.0,72.0,76.0,85.0
58,66,2.0,0.0,2.0,[57 59],76.0,85.0,107.0,76.0,96.0,81.0,95.0,83.0,101.0,72.0
58,67,2.0,0.0,2.0,[57 59],101.0,72.0,96.0,81.0,76.0,85.0,89.0,94.0,95.0,83.0
58,68,2.0,0.0,2.0,[57 59],95.0,83.0,76.0,85.0,101.0,72.0,67.0,75.0,89.0,94.0
58,69,2.0,0.0,2.0,[57 59],89.0,94.0,101.0,72.0,95.0,83.0,85.0,64.0,67.0,75.0
58,70,2.0,0.0,2.0,[57 59],67.0,75.0,95.0,83.0,89.0,94.0,97.0,87.0,85.0,64.0
58,71,2.0,0.0,2.0,[57 59],85.0,64.0,89.0,94.0,67.0,75.0,77.0,78.0,97.0,87.0
58,72,2.0,0.0,2.0,[57 59],97.0,87.0,67.0,75.0,85.0,64.0,111.0,85.0,77.0,78.0
58,73,2.0,0.0,2.0,[57 59],77.0,78.0,85.0,64.0,97.0,87.0,122.0,81.0,111.0,85.0
58,74,2.0,0.0,2.0,[57 59],111.0,85.0,97.0,87.0,77.0,78.0,118.0,84.0,122.0,81.0
58,75,2.0,0.0,2.0,[57 59],122.0,81.0,77.0,78.0,111.0,85.0,113.0,104.0,118.0,84.0
58,76,2.0,0.0,2.0,[57 59],118.0,84.0,111.0,85.0,122.0,81.0,112.0,84.0,113.0,104.0
58,77,2.0,0.0,2.0,[57 59],113.0,104.0,122.0,81.0,118.0,84.0,95.0,79.0,112.0,84.0
58,78,2.0,0.0,2.0,[57 59],112.0,84.0,118.0,84.0,113.0,104.0,116.0,89.0,95.0,79.0
58,79,2.0,0.0,2.0,[57 59],95.0,79.0,113.0,104.0,112.0,84.0,102.0,96.0,116.0,89.0
58,80,2.0,0.0,2.0,[57 59],116.0,89.0,112.0,84.0,95.0,79.0,104.0,93.0,102.0,96.0
58,81,2.0,0.0,2.0,[57 59],102.0,96.0,95.0,79.0,116.0,89.0,102.0,99.0,104.0,93.0
58,82,2.0,0.0,2.0,[57 59],104.0,93.0,116.0,89.0,102.0,96.0,82.0,82.0,102.0,99.0
58,83,2.0,0.0,2.0,[57 59],102.0,99.0,102.0,96.0,104.0,93.0,88.0,85.0,82.0,82.0
58,84,2.0,0.0,2.0,[57 59],82.0,82.0,104.0,93.0,102.0,99.0,72.0,76.0,88.0,85.0
58,85,2.0,0.0,2.0,[57 59],88.0,85.0,102.0,99.0,82.0,82.0,91.0,73.0,72.0,76.0
58,86,2.0,0.0,2.0,[57 59],72.0,76.0,82.0,82.0,88.0,85.0,77.0,93.0,91.0,73.0
58,87,2.0,0.0,2.0,[57 59],91.0,73.0,88.0,85.0,72.0,76.0,101.0,84.0,77.0,93.0
58,88,2.0,0.0,2.0,[57 59],77.0,93.0,72.0,76.0,91.0,73.0,83.0,79.0,101.0,84.0
58,89,2.0,0.0,2.0,[57 59],101.0,84.0,91.0,73.0,77.0,93.0,90.0,90.0,83.0,79.0
58,90,2.0,0.0,2.0,[57 59],83.0,79.0,77.0,93.0,101.0,84.0,97.0,93.0,90.0,90.0
58,91,2.0,0.0,2.0,[57 59],90.0,90.0,101.0,84.0,83.0,79.0,110.0,97.0,97.0,93.0
58,92,2.0,0.0,2.0,[57 59],97.0,93.0,83.0,79.0,90.0,90.0,83.0,96.0,110.0,97.0
58,93,2.0,0.0,2.0,[57 59],110.0,97.0,90.0,90.0,97.0,93.0,75.0,106.0,83.0,96.0
58,94,2.0,0.0,2.0,[57 59],83.0,96.0,97.0,93.0,110.0,97.0,96.0,118.0,75.0,106.0
58,95,2.0,0.0,2.0,[57 59],75.0,106.0,110.0,97.0,83.0,96.0,101.0,118.0,96.0,118.0
58,96,2.0,0.0,2.0,[57 59],96.0,118.0,83.0,96.0,75.0,106.0,102.0,144.0,101.0,118.0
58,97,2.0,0.0,2.0,[57 59],101.0,118.0,75.0,106.0,96.0,118.0,131.0,134.0,102.0,144.0
58,98,2.0,0.0,2.0,[57 59],102.0,144.0,96.0,118.0,101.0,118.0,81.0,149.0,131.0,134.0
58,99,2.0,0.0,2.0,[57 59],131.0,134.0,101.0,118.0,102.0,144.0,138.0,143.0,81.0,149.0
58,100,2.0,0.0,2.0,[57 59],81.0,149.0,102.0,144.0,131.0,134.0,145.0,147.0,138.0,143.0
58,101,2.0,0.0,2.0,[57 59],138.0,143.0,131.0,134.0,81.0,149.0,185.0,177.0,145.0,147.0
58,102,2.0,0.0,2.0,[57 59],145.0,147.0,81.0,149.0,138.0,143.0,173.0,213.0,185.0,177.0
58,103,2.0,0.0,2.0,[57 59],185.0,177.0,138.0,143.0,145.0,147.0,159.0,245.0,173.0,213.0
58,104,2.0,0.0,2.0,[57 59],173.0,213.0,145.0,147.0,185.0,177.0,204.0,283.0,159.0,245.0
58,105,2.0,0.0,2.0,[57 59],159.0,245.0,185.0,177.0,173.0,213.0,173.0,297.0,204.0,283.0
58,106,2.0,0.0,2.0,[57 59],204.0,283.0,173.0,213.0,159.0,245.0,188.0,381.0,173.0,297.0
58,107,2.0,0.0,2.0,[57 59],173.0,297.0,159.0,245.0,204.0,283.0,190.0,349.0,188.0,381.0
58,108,2.0,0.0,2.0,[57 59],188.0,381.0,204.0,283.0,173.0,297.0,222.0,316.0,190.0,349.0
58,109,2.0,0.0,2.0,[57 59],190.0,349.0,173.0,297.0,188.0,381.0,215.0,370.0,222.0,316.0
58,110,2.0,0.0,2.0,[57 59],222.0,316.0,188.0,381.0,190.0,349.0,156.0,362.0,215.0,370.0
58,111,2.0,0.0,2.0,[57 59],215.0,370.0,190.0,349.0,222.0,316.0,169.0,274.0,156.0,362.0
58,112,2.0,0.0,2.0,[57 59],156.0,362.0,222.0,316.0,215.0,370.0,162.0,281.0,169.0,274.0
58,113,2.0,0.0,2.0,[57 59],169.0,274.0,215.0,370.0,156.0,362.0,128.0,301.0,162.0,281.0
58,114,2.0,0.0,2.0,[57 59],162.0,281.0,156.0,362.0,169.0,274.0,115.0,176.0,128.0,301.0
58,115,2.0,0.0,2.0,[57 59],128.0,301.0,169.0,274.0,162.0,281.0,108.0,214.0,115.0,176.0
58,116,2.0,0.0,2.0,[57 59],115.0,176.0,162.0,281.0,128.0,301.0,122.0,212.0,108.0,214.0
58,117,2.0,0.0,2.0,[57 59],108.0,214.0,128.0,301.0,115.0,176.0,104.0,127.0,122.0,212.0
58,118,2.0,0.0,2.0,[57 59],122.0,212.0,115.0,176.0,108.0,214.0,103.0,163.0,104.0,127.0
58,119,2.0,0.0,2.0,[57 59],104.0,127.0,108.0,214.0,122.0,212.0,90.0,170.0,103.0,163.0
58,120,2.0,0.0,2.0,[57 59],103.0,163.0,122.0,212.0,104.0,127.0,95.0,172.0,90.0,170.0
58,121,2.0,0.0,2.0,[57 59],90.0,170.0,104.0,127.0,103.0,163.0,102.0,119.0,95.0,172.0
58,122,2.0,0.0,2.0,[57 59],95.0,172.0,103.0,163.0,90.0,170.0,113.0,134.0,102.0,119.0
58,123,2.0,0.0,2.0,[57 59],102.0,119.0,90.0,170.0,95.0,172.0,140.0,143.0,113.0,134.0
58,124,2.0,0.0,2.0,[57 59],113.0,134.0,95.0,172.0,102.0,119.0,101.0,168.0,140.0,143.0
58,125,2.0,0.0,2.0,[57 59],140.0,143.0,102.0,119.0,113.0,134.0,94.0,155.0,101.0,168.0
58,126,2.0,0.0,2.0,[57 59],101.0,168.0,113.0,134.0,140.0,143.0,107.0,173.0,94.0,155.0
58,127,2.0,0.0,2.0,[57 59],94.0,155.0,140.0,143.0,101.0,168.0,68.0,184.0,107.0,173.0
58,128,2.0,0.0,2.0,[57 59],107.0,173.0,101.0,168.0,94.0,155.0,64.0,128.0,68.0,184.0
58,129,2.0,0.0,2.0,[57 59],68.0,184.0,94.0,155.0,107.0,173.0,55.0,151.0,64.0,128.0
58,130,2.0,0.0,2.0,[57 59],64.0,128.0,107.0,173.0,68.0,184.0,54.0,96.0,55.0,151.0
58,131,2.0,0.0,2.0,[57 59],55.0,151.0,68.0,184.0,64.0,128.0,63.0,85.0,54.0,96.0
58,132,2.0,0.0,2.0,[57 59],54.0,96.0,64.0,128.0,55.0,151.0,50.0,157.0,63.0,85.0
58,133,2.0,0.0,2.0,[57 59],63.0,85.0,55.0,151.0,54.0,96.0,37.0,104.0,50.0,157.0
58,134,2.0,0.0,2.0,[57 59],50.0,157.0,54.0,96.0,63.0,85.0,30.0,89.0,37.0,104.0
58,135,2.0,0.0,2.0,[57 59],37.0,104.0,63.0,85.0,50.0,157.0,25.0,46.0,30.0,89.0
58,136,2.0,0.0,2.0,[57 59],30.0,89.0,50.0,157.0,37.0,104.0,14.0,79.0,25.0,46.0
58,137,2.0,0.0,2.0,[57 59],25.0,46.0,37.0,104.0,30.0,89.0,12.0,30.0,14.0,79.0
58,138,2.0,0.0,2.0,[57 59],14.0,79.0,30.0,89.0,25.0,46.0,3.0,51.0,12.0,30.0
58,139,2.0,0.0,2.0,[57 59],12.0,30.0,25.0,46.0,14.0,79.0,1.0,15.0,3.0,51.0
58,140,2.0,0.0,2.0,[57 59],3.0,51.0,14.0,79.0,12.0,30.0,2.0,7.0,1.0,15.0
58,141,2.0,0.0,2.0,[57 59],1.0,15.0,12.0,30.0,3.0,51.0,0.0,4.0,2.0,7.0
58,142,2.0,0.0,2.0,[57 59],2.0,7.0,3.0,51.0,1.0,15.0,0.0,0.0,0.0,4.0
58,143,2.0,0.0,2.0,[57 59],0.0,4.0,1.0,15.0,2.0,7.0,0.0,0.0,0.0,0.0
59,0,2.0,0.0,2.0,[58 60],0.0,0.0,0.0,0.0,0.0,0.0,0.0,0.0,1.0,5.0
59,1,2.0,0.0,2.0,[58 60],1.0,5.0,0.0,0.0,0.0,0.0,0.0,0.0,0.0,0.0
59,2,2.0,0.0,2.0,[58 60],0.0,0.0,0.0,0.0,1.0,5.0,0.0,0.0,0.0,0.0
59,3,2.0,0.0,2.0,[58 60],0.0,0.0,1.0,5.0,0.0,0.0,0.0,0.0,0.0,0.0
59,4,2.0,0.0,2.0,[58 60],0.0,0.0,0.0,0.0,0.0,0.0,0.0,0.0,0.0,0.0
59,5,2.0,0.0,2.0,[58 60],0.0,0.0,0.0,0.0,0.0,0.0,0.0,0.0,0.0,0.0
59,6,2.0,0.0,2.0,[58 60],0.0,0.0,0.0,0.0,0.0,0.0,0.0,0.0,0.0,0.0
59,7,2.0,0.0,2.0,[58 60],0.0,0.0,0.0,0.0,0.0,0.0,0.0,0.0,0.0,0.0
59,8,2.0,0.0,2.0,[58 60],0.0,0.0,0.0,0.0,0.0,0.0,0.0,0.0,0.0,0.0
59,9,2.0,0.0,2.0,[58 60],0.0,0.0,0.0,0.0,0.0,0.0,0.0,0.0,0.0,0.0
59,10,2.0,0.0,2.0,[58 60],0.0,0.0,0.0,0.0,0.0,0.0,1.0,0.0,0.0,0.0
59,11,2.0,0.0,2.0,[58 60],0.0,0.0,0.0,0.0,0.0,0.0,0.0,1.0,1.0,0.0
59,12,2.0,0.0,2.0,[58 60],1.0,0.0,0.0,0.0,0.0,0.0,0.0,0.0,0.0,1.0
59,13,2.0,0.0,2.0,[58 60],0.0,1.0,0.0,0.0,1.0,0.0,0.0,0.0,0.0,0.0
59,14,2.0,0.0,2.0,[58 60],0.0,0.0,1.0,0.0,0.0,1.0,0.0,0.0,0.0,0.0
59,15,2.0,0.0,2.0,[58 60],0.0,0.0,0.0,1.0,0.0,0.0,0.0,0.0,0.0,0.0
59,16,2.0,0.0,2.0,[58 60],0.0,0.0,0.0,0.0,0.0,0.0,0.0,0.0,0.0,0.0
59,17,2.0,0.0,2.0,[58 60],0.0,0.0,0.0,0.0,0.0,0.0,0.0,0.0,0.0,0.0
59,18,2.0,0.0,2.0,[58 60],0.0,0.0,0.0,0.0,0.0,0.0,0.0,0.0,0.0,0.0
59,19,2.0,0.0,2.0,[58 60],0.0,0.0,0.0,0.0,0.0,0.0,0.0,0.0,0.0,0.0
59,20,2.0,0.0,2.0,[58 60],0.0,0.0,0.0,0.0,0.0,0.0,0.0,0.0,0.0,0.0
59,21,2.0,0.0,2.0,[58 60],0.0,0.0,0.0,0.0,0.0,0.0,0.0,0.0,0.0,0.0
59,22,2.0,0.0,2.0,[58 60],0.0,0.0,0.0,0.0,0.0,0.0,0.0,0.0,0.0,0.0
59,23,2.0,0.0,2.0,[58 60],0.0,0.0,0.0,0.0,0.0,0.0,1.0,1.0,0.0,0.0
59,24,2.0,0.0,2.0,[58 60],0.0,0.0,0.0,0.0,0.0,0.0,0.0,0.0,1.0,1.0
59,25,2.0,0.0,2.0,[58 60],1.0,1.0,0.0,0.0,0.0,0.0,2.0,0.0,0.0,0.0
59,26,2.0,0.0,2.0,[58 60],0.0,0.0,0.0,0.0,1.0,1.0,0.0,2.0,2.0,0.0
59,27,2.0,0.0,2.0,[58 60],2.0,0.0,1.0,1.0,0.0,0.0,0.0,0.0,0.0,2.0
59,28,2.0,0.0,2.0,[58 60],0.0,2.0,0.0,0.0,2.0,0.0,0.0,0.0,0.0,0.0
59,29,2.0,0.0,2.0,[58 60],0.0,0.0,2.0,0.0,0.0,2.0,0.0,0.0,0.0,0.0
59,30,2.0,0.0,2.0,[58 60],0.0,0.0,0.0,2.0,0.0,0.0,0.0,0.0,0.0,0.0
59,31,2.0,0.0,2.0,[58 60],0.0,0.0,0.0,0.0,0.0,0.0,1.0,0.0,0.0,0.0
59,32,2.0,0.0,2.0,[58 60],0.0,0.0,0.0,0.0,0.0,0.0,1.0,1.0,1.0,0.0
59,33,2.0,0.0,2.0,[58 60],1.0,0.0,0.0,0.0,0.0,0.0,13.0,1.0,1.0,1.0
59,34,2.0,0.0,2.0,[58 60],1.0,1.0,0.0,0.0,1.0,0.0,10.0,1.0,13.0,1.0
59,35,2.0,0.0,2.0,[58 60],13.0,1.0,1.0,0.0,1.0,1.0,25.0,4.0,10.0,1.0
59,36,2.0,0.0,2.0,[58 60],10.0,1.0,1.0,1.0,13.0,1.0,36.0,2.0,25.0,4.0
59,37,2.0,0.0,2.0,[58 60],25.0,4.0,13.0,1.0,10.0,1.0,42.0,10.0,36.0,2.0
59,38,2.0,0.0,2.0,[58 60],36.0,2.0,10.0,1.0,25.0,4.0,63.0,13.0,42.0,10.0
59,39,2.0,0.0,2.0,[58 60],42.0,10.0,25.0,4.0,36.0,2.0,108.0,37.0,63.0,13.0
59,40,2.0,0.0,2.0,[58 60],63.0,13.0,36.0,2.0,42.0,10.0,134.0,36.0,108.0,37.0
59,41,2.0,0.0,2.0,[58 60],108.0,37.0,42.0,10.0,63.0,13.0,154.0,33.0,134.0,36.0
59,42,2.0,0.0,2.0,[58 60],134.0,36.0,63.0,13.0,108.0,37.0,344.0,51.0,154.0,33.0
59,43,2.0,0.0,2.0,[58 60],154.0,33.0,108.0,37.0,134.0,36.0,352.0,72.0,344.0,51.0
59,44,2.0,0.0,2.0,[58 60],344.0,51.0,134.0,36.0,154.0,33.0,543.0,66.0,352.0,72.0
59,45,2.0,0.0,2.0,[58 60],352.0,72.0,154.0,33.0,344.0,51.0,435.0,164.0,543.0,66.0
59,46,2.0,0.0,2.0,[58 60],543.0,66.0,344.0,51.0,352.0,72.0,516.0,199.0,435.0,164.0
59,47,2.0,0.0,2.0,[58 60],435.0,164.0,352.0,72.0,543.0,66.0,385.0,292.0,516.0,199.0
59,48,2.0,0.0,2.0,[58 60],516.0,199.0,543.0,66.0,435.0,164.0,331.0,372.0,385.0,292.0
59,49,2.0,0.0,2.0,[58 60],385.0,292.0,435.0,164.0,516.0,199.0,256.0,378.0,331.0,372.0
59,50,2.0,0.0,2.0,[58 60],331.0,372.0,516.0,199.0,385.0,292.0,259.0,417.0,256.0,378.0
59,51,2.0,0.0,2.0,[58 60],256.0,378.0,385.0,292.0,331.0,372.0,200.0,412.0,259.0,417.0
59,52,2.0,0.0,2.0,[58 60],259.0,417.0,331.0,372.0,256.0,378.0,191.0,479.0,200.0,412.0
59,53,2.0,0.0,2.0,[58 60],200.0,412.0,256.0,378.0,259.0,417.0,153.0,327.0,191.0,479.0
59,54,2.0,0.0,2.0,[58 60],191.0,479.0,259.0,417.0,200.0,412.0,138.0,278.0,153.0,327.0
59,55,2.0,0.0,2.0,[58 60],153.0,327.0,200.0,412.0,191.0,479.0,136.0,222.0,138.0,278.0
59,56,2.0,0.0,2.0,[58 60],138.0,278.0,191.0,479.0,153.0,327.0,121.0,186.0,136.0,222.0
59,57,2.0,0.0,2.0,[58 60],136.0,222.0,153.0,327.0,138.0,278.0,110.0,158.0,121.0,186.0
59,58,2.0,0.0,2.0,[58 60],121.0,186.0,138.0,278.0,136.0,222.0,82.0,151.0,110.0,158.0
59,59,2.0,0.0,2.0,[58 60],110.0,158.0,136.0,222.0,121.0,186.0,97.0,105.0,82.0,151.0
59,60,2.0,0.0,2.0,[58 60],82.0,151.0,121.0,186.0,110.0,158.0,95.0,107.0,97.0,105.0
59,61,2.0,0.0,2.0,[58 60],97.0,105.0,110.0,158.0,82.0,151.0,81.0,125.0,95.0,107.0
59,62,2.0,0.0,2.0,[58 60],95.0,107.0,82.0,151.0,97.0,105.0,77.0,120.0,81.0,125.0
59,63,2.0,0.0,2.0,[58 60],81.0,125.0,97.0,105.0,95.0,107.0,76.0,100.0,77.0,120.0
59,64,2.0,0.0,2.0,[58 60],77.0,120.0,95.0,107.0,81.0,125.0,96.0,59.0,76.0,100.0
59,65,2.0,0.0,2.0,[58 60],76.0,100.0,81.0,125.0,77.0,120.0,74.0,75.0,96.0,59.0
59,66,2.0,0.0,2.0,[58 60],96.0,59.0,77.0,120.0,76.0,100.0,87.0,94.0,74.0,75.0
59,67,2.0,0.0,2.0,[58 60],74.0,75.0,76.0,100.0,96.0,59.0,88.0,122.0,87.0,94.0
59,68,2.0,0.0,2.0,[58 60],87.0,94.0,96.0,59.0,74.0,75.0,82.0,135.0,88.0,122.0
59,69,2.0,0.0,2.0,[58 60],88.0,122.0,74.0,75.0,87.0,94.0,87.0,99.0,82.0,135.0
59,70,2.0,0.0,2.0,[58 60],82.0,135.0,87.0,94.0,88.0,122.0,94.0,89.0,87.0,99.0
59,71,2.0,0.0,2.0,[58 60],87.0,99.0,88.0,122.0,82.0,135.0,112.0,101.0,94.0,89.0
59,72,2.0,0.0,2.0,[58 60],94.0,89.0,82.0,135.0,87.0,99.0,120.0,92.0,112.0,101.0
59,73,2.0,0.0,2.0,[58 60],112.0,101.0,87.0,99.0,94.0,89.0,100.0,123.0,120.0,92.0
59,74,2.0,0.0,2.0,[58 60],120.0,92.0,94.0,89.0,112.0,101.0,109.0,142.0,100.0,123.0
59,75,2.0,0.0,2.0,[58 60],100.0,123.0,112.0,101.0,120.0,92.0,145.0,93.0,109.0,142.0
59,76,2.0,0.0,2.0,[58 60],109.0,142.0,120.0,92.0,100.0,123.0,129.0,91.0,145.0,93.0
59,77,2.0,0.0,2.0,[58 60],145.0,93.0,100.0,123.0,109.0,142.0,100.0,87.0,129.0,91.0
59,78,2.0,0.0,2.0,[58 60],129.0,91.0,109.0,142.0,145.0,93.0,108.0,104.0,100.0,87.0
59,79,2.0,0.0,2.0,[58 60],100.0,87.0,145.0,93.0,129.0,91.0,115.0,103.0,108.0,104.0
59,80,2.0,0.0,2.0,[58 60],108.0,104.0,129.0,91.0,100.0,87.0,99.0,102.0,115.0,103.0
59,81,2.0,0.0,2.0,[58 60],115.0,103.0,100.0,87.0,108.0,104.0,123.0,84.0,99.0,102.0
59,82,2.0,0.0,2.0,[58 60],99.0,102.0,108.0,104.0,115.0,103.0,95.0,113.0,123.0,84.0
59,83,2.0,0.0,2.0,[58 60],123.0,84.0,115.0,103.0,99.0,102.0,92.0,80.0,95.0,113.0
59,84,2.0,0.0,2.0,[58 60],95.0,113.0,99.0,102.0,123.0,84.0,100.0,77.0,92.0,80.0
59,85,2.0,0.0,2.0,[58 60],92.0,80.0,123.0,84.0,95.0,113.0,99.0,97.0,100.0,77.0
59,86,2.0,0.0,2.0,[58 60],100.0,77.0,95.0,113.0,92.0,80.0,131.0,125.0,99.0,97.0
59,87,2.0,0.0,2.0,[58 60],99.0,97.0,92.0,80.0,100.0,77.0,81.0,88.0,131.0,125.0
59,88,2.0,0.0,2.0,[58 60],131.0,125.0,100.0,77.0,99.0,97.0,68.0,93.0,81.0,88.0
59,89,2.0,0.0,2.0,[58 60],81.0,88.0,99.0,97.0,131.0,125.0,102.0,104.0,68.0,93.0
59,90,2.0,0.0,2.0,[58 60],68.0,93.0,131.0,125.0,81.0,88.0,122.0,100.0,102.0,104.0
59,91,2.0,0.0,2.0,[58 60],102.0,104.0,81.0,88.0,68.0,93.0,63.0,97.0,122.0,100.0
59,92,2.0,0.0,2.0,[58 60],122.0,100.0,68.0,93.0,102.0,104.0,91.0,114.0,63.0,97.0
59,93,2.0,0.0,2.0,[58 60],63.0,97.0,102.0,104.0,122.0,100.0,87.0,128.0,91.0,114.0
59,94,2.0,0.0,2.0,[58 60],91.0,114.0,122.0,100.0,63.0,97.0,117.0,117.0,87.0,128.0
59,95,2.0,0.0,2.0,[58 60],87.0,128.0,63.0,97.0,91.0,114.0,114.0,114.0,117.0,117.0
59,96,2.0,0.0,2.0,[58 60],117.0,117.0,91.0,114.0,87.0,128.0,124.0,155.0,114.0,114.0
59,97,2.0,0.0,2.0,[58 60],114.0,114.0,87.0,128.0,117.0,117.0,113.0,126.0,124.0,155.0
59,98,2.0,0.0,2.0,[58 60],124.0,155.0,117.0,117.0,114.0,114.0,128.0,149.0,113.0,126.0
59,99,2.0,0.0,2.0,[58 60],113.0,126.0,114.0,114.0,124.0,155.0,101.0,142.0,128.0,149.0
59,100,2.0,0.0,2.0,[58 60],128.0,149.0,124.0,155.0,113.0,126.0,154.0,134.0,101.0,142.0
59,101,2.0,0.0,2.0,[58 60],101.0,142.0,113.0,126.0,128.0,149.0,211.0,174.0,154.0,134.0
59,102,2.0,0.0,2.0,[58 60],154.0,134.0,128.0,149.0,101.0,142.0,170.0,205.0,211.0,174.0
59,103,2.0,0.0,2.0,[58 60],211.0,174.0,101.0,142.0,154.0,134.0,224.0,244.0,170.0,205.0
59,104,2.0,0.0,2.0,[58 60],170.0,205.0,154.0,134.0,211.0,174.0,285.0,255.0,224.0,244.0
59,105,2.0,0.0,2.0,[58 60],224.0,244.0,211.0,174.0,170.0,205.0,236.0,356.0,285.0,255.0
59,106,2.0,0.0,2.0,[58 60],285.0,255.0,170.0,205.0,224.0,244.0,224.0,262.0,236.0,356.0
59,107,2.0,0.0,2.0,[58 60],236.0,356.0,224.0,244.0,285.0,255.0,342.0,412.0,224.0,262.0
59,108,2.0,0.0,2.0,[58 60],224.0,262.0,285.0,255.0,236.0,356.0,297.0,349.0,342.0,412.0
59,109,2.0,0.0,2.0,[58 60],342.0,412.0,236.0,356.0,224.0,262.0,258.0,303.0,297.0,349.0
59,110,2.0,0.0,2.0,[58 60],297.0,349.0,224.0,262.0,342.0,412.0,235.0,271.0,258.0,303.0
59,111,2.0,0.0,2.0,[58 60],258.0,303.0,342.0,412.0,297.0,349.0,243.0,243.0,235.0,271.0
59,112,2.0,0.0,2.0,[58 60],235.0,271.0,297.0,349.0,258.0,303.0,170.0,209.0,243.0,243.0
59,113,2.0,0.0,2.0,[58 60],243.0,243.0,258.0,303.0,235.0,271.0,190.0,162.0,170.0,209.0
59,114,2.0,0.0,2.0,[58 60],170.0,209.0,235.0,271.0,243.0,243.0,152.0,175.0,190.0,162.0
59,115,2.0,0.0,2.0,[58 60],190.0,162.0,243.0,243.0,170.0,209.0,158.0,164.0,152.0,175.0
59,116,2.0,0.0,2.0,[58 60],152.0,175.0,170.0,209.0,190.0,162.0,155.0,140.0,158.0,164.0
59,117,2.0,0.0,2.0,[58 60],158.0,164.0,190.0,162.0,152.0,175.0,144.0,115.0,155.0,140.0
59,118,2.0,0.0,2.0,[58 60],155.0,140.0,152.0,175.0,158.0,164.0,125.0,174.0,144.0,115.0
59,119,2.0,0.0,2.0,[58 60],144.0,115.0,158.0,164.0,155.0,140.0,161.0,107.0,125.0,174.0
59,120,2.0,0.0,2.0,[58 60],125.0,174.0,155.0,140.0,144.0,115.0,125.0,91.0,161.0,107.0
59,121,2.0,0.0,2.0,[58 60],161.0,107.0,144.0,115.0,125.0,174.0,125.0,180.0,125.0,91.0
59,122,2.0,0.0,2.0,[58 60],125.0,91.0,125.0,174.0,161.0,107.0,145.0,140.0,125.0,180.0
59,123,2.0,0.0,2.0,[58 60],125.0,180.0,161.0,107.0,125.0,91.0,151.0,148.0,145.0,140.0
59,124,2.0,0.0,2.0,[58 60],145.0,140.0,125.0,91.0,125.0,180.0,141.0,164.0,151.0,148.0
59,125,2.0,0.0,2.0,[58 60],151.0,148.0,125.0,180.0,145.0,140.0,139.0,116.0,141.0,164.0
59,126,2.0,0.0,2.0,[58 60],141.0,164.0,145.0,140.0,151.0,148.0,126.0,125.0,139.0,116.0
59,127,2.0,0.0,2.0,[58 60],139.0,116.0,151.0,148.0,141.0,164.0,110.0,127.0,126.0,125.0
59,128,2.0,0.0,2.0,[58 60],126.0,125.0,141.0,164.0,139.0,116.0,132.0,86.0,110.0,127.0
59,129,2.0,0.0,2.0,[58 60],110.0,127.0,139.0,116.0,126.0,125.0,90.0,120.0,132.0,86.0
59,130,2.0,0.0,2.0,[58 60],132.0,86.0,126.0,125.0,110.0,127.0,101.0,126.0,90.0,120.0
59,131,2.0,0.0,2.0,[58 60],90.0,120.0,110.0,127.0,132.0,86.0,113.0,89.0,101.0,126.0
59,132,2.0,0.0,2.0,[58 60],101.0,126.0,132.0,86.0,90.0,120.0,97.0,58.0,113.0,89.0
59,133,2.0,0.0,2.0,[58 60],113.0,89.0,90.0,120.0,101.0,126.0,71.0,102.0,97.0,58.0
59,134,2.0,0.0,2.0,[58 60],97.0,58.0,101.0,126.0,113.0,89.0,61.0,93.0,71.0,102.0
59,135,2.0,0.0,2.0,[58 60],71.0,102.0,113.0,89.0,97.0,58.0,29.0,53.0,61.0,93.0
59,136,2.0,0.0,2.0,[58 60],61.0,93.0,97.0,58.0,71.0,102.0,29.0,58.0,29.0,53.0
59,137,2.0,0.0,2.0,[58 60],29.0,53.0,71.0,102.0,61.0,93.0,8.0,35.0,29.0,58.0
59,138,2.0,0.0,2.0,[58 60],29.0,58.0,61.0,93.0,29.0,53.0,4.0,19.0,8.0,35.0
59,139,2.0,0.0,2.0,[58 60],8.0,35.0,29.0,53.0,29.0,58.0,7.0,49.0,4.0,19.0
59,140,2.0,0.0,2.0,[58 60],4.0,19.0,29.0,58.0,8.0,35.0,1.0,8.0,7.0,49.0
59,141,2.0,0.0,2.0,[58 60],7.0,49.0,8.0,35.0,4.0,19.0,0.0,19.0,1.0,8.0
59,142,2.0,0.0,2.0,[58 60],1.0,8.0,4.0,19.0,7.0,49.0,0.0,0.0,0.0,19.0
59,143,2.0,0.0,2.0,[58 60],0.0,19.0,7.0,49.0,1.0,8.0,0.0,0.0,0.0,0.0
60,0,2.0,0.0,2.0,[59 61],1.0,2.0,0.0,0.0,0.0,0.0,0.0,0.0,0.0,3.0
60,1,2.0,0.0,2.0,[59 61],0.0,3.0,0.0,0.0,1.0,2.0,0.0,0.0,0.0,0.0
60,2,2.0,0.0,2.0,[59 61],0.0,0.0,1.0,2.0,0.0,3.0,0.0,0.0,0.0,0.0
60,3,2.0,0.0,2.0,[59 61],0.0,0.0,0.0,3.0,0.0,0.0,0.0,0.0,0.0,0.0
60,4,2.0,0.0,2.0,[59 61],0.0,0.0,0.0,0.0,0.0,0.0,0.0,0.0,0.0,0.0
60,5,2.0,0.0,2.0,[59 61],0.0,0.0,0.0,0.0,0.0,0.0,0.0,0.0,0.0,0.0
60,6,2.0,0.0,2.0,[59 61],0.0,0.0,0.0,0.0,0.0,0.0,0.0,0.0,0.0,0.0
60,7,2.0,0.0,2.0,[59 61],0.0,0.0,0.0,0.0,0.0,0.0,0.0,0.0,0.0,0.0
60,8,2.0,0.0,2.0,[59 61],0.0,0.0,0.0,0.0,0.0,0.0,0.0,0.0,0.0,0.0
60,9,2.0,0.0,2.0,[59 61],0.0,0.0,0.0,0.0,0.0,0.0,0.0,0.0,0.0,0.0
60,10,2.0,0.0,2.0,[59 61],0.0,0.0,0.0,0.0,0.0,0.0,0.0,0.0,0.0,0.0
60,11,2.0,0.0,2.0,[59 61],0.0,0.0,0.0,0.0,0.0,0.0,0.0,0.0,0.0,0.0
60,12,2.0,0.0,2.0,[59 61],0.0,0.0,0.0,0.0,0.0,0.0,0.0,0.0,0.0,0.0
60,13,2.0,0.0,2.0,[59 61],0.0,0.0,0.0,0.0,0.0,0.0,0.0,0.0,0.0,0.0
60,14,2.0,0.0,2.0,[59 61],0.0,0.0,0.0,0.0,0.0,0.0,0.0,0.0,0.0,0.0
60,15,2.0,0.0,2.0,[59 61],0.0,0.0,0.0,0.0,0.0,0.0,0.0,0.0,0.0,0.0
60,16,2.0,0.0,2.0,[59 61],0.0,0.0,0.0,0.0,0.0,0.0,0.0,0.0,0.0,0.0
60,17,2.0,0.0,2.0,[59 61],0.0,0.0,0.0,0.0,0.0,0.0,0.0,0.0,0.0,0.0
60,18,2.0,0.0,2.0,[59 61],0.0,0.0,0.0,0.0,0.0,0.0,0.0,0.0,0.0,0.0
60,19,2.0,0.0,2.0,[59 61],0.0,0.0,0.0,0.0,0.0,0.0,0.0,0.0,0.0,0.0
60,20,2.0,0.0,2.0,[59 61],0.0,0.0,0.0,0.0,0.0,0.0,0.0,0.0,0.0,0.0
60,21,2.0,0.0,2.0,[59 61],0.0,0.0,0.0,0.0,0.0,0.0,0.0,0.0,0.0,0.0
60,22,2.0,0.0,2.0,[59 61],0.0,0.0,0.0,0.0,0.0,0.0,0.0,0.0,0.0,0.0
60,23,2.0,0.0,2.0,[59 61],0.0,0.0,0.0,0.0,0.0,0.0,0.0,0.0,0.0,0.0
60,24,2.0,0.0,2.0,[59 61],0.0,0.0,0.0,0.0,0.0,0.0,0.0,0.0,0.0,0.0
60,25,2.0,0.0,2.0,[59 61],0.0,0.0,0.0,0.0,0.0,0.0,0.0,0.0,0.0,0.0
60,26,2.0,0.0,2.0,[59 61],0.0,0.0,0.0,0.0,0.0,0.0,0.0,0.0,0.0,0.0
60,27,2.0,0.0,2.0,[59 61],0.0,0.0,0.0,0.0,0.0,0.0,0.0,0.0,0.0,0.0
60,28,2.0,0.0,2.0,[59 61],0.0,0.0,0.0,0.0,0.0,0.0,0.0,0.0,0.0,0.0
60,29,2.0,0.0,2.0,[59 61],0.0,0.0,0.0,0.0,0.0,0.0,0.0,0.0,0.0,0.0
60,30,2.0,0.0,2.0,[59 61],0.0,0.0,0.0,0.0,0.0,0.0,0.0,0.0,0.0,0.0
60,31,2.0,0.0,2.0,[59 61],0.0,0.0,0.0,0.0,0.0,0.0,0.0,0.0,0.0,0.0
60,32,2.0,0.0,2.0,[59 61],0.0,0.0,0.0,0.0,0.0,0.0,4.0,0.0,0.0,0.0
60,33,2.0,0.0,2.0,[59 61],0.0,0.0,0.0,0.0,0.0,0.0,18.0,0.0,4.0,0.0
60,34,2.0,0.0,2.0,[59 61],4.0,0.0,0.0,0.0,0.0,0.0,23.0,0.0,18.0,0.0
60,35,2.0,0.0,2.0,[59 61],18.0,0.0,0.0,0.0,4.0,0.0,31.0,2.0,23.0,0.0
60,36,2.0,0.0,2.0,[59 61],23.0,0.0,4.0,0.0,18.0,0.0,40.0,4.0,31.0,2.0
60,37,2.0,0.0,2.0,[59 61],31.0,2.0,18.0,0.0,23.0,0.0,63.0,6.0,40.0,4.0
60,38,2.0,0.0,2.0,[59 61],40.0,4.0,23.0,0.0,31.0,2.0,53.0,18.0,63.0,6.0
60,39,2.0,0.0,2.0,[59 61],63.0,6.0,31.0,2.0,40.0,4.0,65.0,21.0,53.0,18.0
60,40,2.0,0.0,2.0,[59 61],53.0,18.0,40.0,4.0,63.0,6.0,85.0,34.0,65.0,21.0
60,41,2.0,0.0,2.0,[59 61],65.0,21.0,63.0,6.0,53.0,18.0,148.0,35.0,85.0,34.0
60,42,2.0,0.0,2.0,[59 61],85.0,34.0,53.0,18.0,65.0,21.0,145.0,66.0,148.0,35.0
60,43,2.0,0.0,2.0,[59 61],148.0,35.0,65.0,21.0,85.0,34.0,227.0,66.0,145.0,66.0
60,44,2.0,0.0,2.0,[59 61],145.0,66.0,85.0,34.0,148.0,35.0,296.0,127.0,227.0,66.0
60,45,2.0,0.0,2.0,[59 61],227.0,66.0,148.0,35.0,145.0,66.0,296.0,175.0,296.0,127.0
60,46,2.0,0.0,2.0,[59 61],296.0,127.0,145.0,66.0,227.0,66.0,342.0,161.0,296.0,175.0
60,47,2.0,0.0,2.0,[59 61],296.0,175.0,227.0,66.0,296.0,127.0,327.0,300.0,342.0,161.0
60,48,2.0,0.0,2.0,[59 61],342.0,161.0,296.0,127.0,296.0,175.0,280.0,255.0,327.0,300.0
60,49,2.0,0.0,2.0,[59 61],327.0,300.0,296.0,175.0,342.0,161.0,234.0,319.0,280.0,255.0
60,50,2.0,0.0,2.0,[59 61],280.0,255.0,342.0,161.0,327.0,300.0,190.0,280.0,234.0,319.0
60,51,2.0,0.0,2.0,[59 61],234.0,319.0,327.0,300.0,280.0,255.0,161.0,399.0,190.0,280.0
60,52,2.0,0.0,2.0,[59 61],190.0,280.0,280.0,255.0,234.0,319.0,144.0,197.0,161.0,399.0
60,53,2.0,0.0,2.0,[59 61],161.0,399.0,234.0,319.0,190.0,280.0,143.0,157.0,144.0,197.0
60,54,2.0,0.0,2.0,[59 61],144.0,197.0,190.0,280.0,161.0,399.0,123.0,135.0,143.0,157.0
60,55,2.0,0.0,2.0,[59 61],143.0,157.0,161.0,399.0,144.0,197.0,143.0,126.0,123.0,135.0
60,56,2.0,0.0,2.0,[59 61],123.0,135.0,144.0,197.0,143.0,157.0,97.0,106.0,143.0,126.0
60,57,2.0,0.0,2.0,[59 61],143.0,126.0,143.0,157.0,123.0,135.0,96.0,111.0,97.0,106.0
60,58,2.0,0.0,2.0,[59 61],97.0,106.0,123.0,135.0,143.0,126.0,89.0,62.0,96.0,111.0
60,59,2.0,0.0,2.0,[59 61],96.0,111.0,143.0,126.0,97.0,106.0,84.0,81.0,89.0,62.0
60,60,2.0,0.0,2.0,[59 61],89.0,62.0,97.0,106.0,96.0,111.0,82.0,89.0,84.0,81.0
60,61,2.0,0.0,2.0,[59 61],84.0,81.0,96.0,111.0,89.0,62.0,82.0,77.0,82.0,89.0
60,62,2.0,0.0,2.0,[59 61],82.0,89.0,89.0,62.0,84.0,81.0,75.0,55.0,82.0,77.0
60,63,2.0,0.0,2.0,[59 61],82.0,77.0,84.0,81.0,82.0,89.0,84.0,53.0,75.0,55.0
60,64,2.0,0.0,2.0,[59 61],75.0,55.0,82.0,89.0,82.0,77.0,64.0,56.0,84.0,53.0
60,65,2.0,0.0,2.0,[59 61],84.0,53.0,82.0,77.0,75.0,55.0,70.0,65.0,64.0,56.0
60,66,2.0,0.0,2.0,[59 61],64.0,56.0,75.0,55.0,84.0,53.0,55.0,54.0,70.0,65.0
60,67,2.0,0.0,2.0,[59 61],70.0,65.0,84.0,53.0,64.0,56.0,91.0,69.0,55.0,54.0
60,68,2.0,0.0,2.0,[59 61],55.0,54.0,64.0,56.0,70.0,65.0,65.0,77.0,91.0,69.0
60,69,2.0,0.0,2.0,[59 61],91.0,69.0,70.0,65.0,55.0,54.0,80.0,51.0,65.0,77.0
60,70,2.0,0.0,2.0,[59 61],65.0,77.0,55.0,54.0,91.0,69.0,87.0,57.0,80.0,51.0
60,71,2.0,0.0,2.0,[59 61],80.0,51.0,91.0,69.0,65.0,77.0,88.0,69.0,87.0,57.0
60,72,2.0,0.0,2.0,[59 61],87.0,57.0,65.0,77.0,80.0,51.0,86.0,57.0,88.0,69.0
60,73,2.0,0.0,2.0,[59 61],88.0,69.0,80.0,51.0,87.0,57.0,98.0,59.0,86.0,57.0
60,74,2.0,0.0,2.0,[59 61],86.0,57.0,87.0,57.0,88.0,69.0,79.0,54.0,98.0,59.0
60,75,2.0,0.0,2.0,[59 61],98.0,59.0,88.0,69.0,86.0,57.0,75.0,70.0,79.0,54.0
60,76,2.0,0.0,2.0,[59 61],79.0,54.0,86.0,57.0,98.0,59.0,108.0,68.0,75.0,70.0
60,77,2.0,0.0,2.0,[59 61],75.0,70.0,98.0,59.0,79.0,54.0,117.0,80.0,108.0,68.0
60,78,2.0,0.0,2.0,[59 61],108.0,68.0,79.0,54.0,75.0,70.0,113.0,92.0,117.0,80.0
60,79,2.0,0.0,2.0,[59 61],117.0,80.0,75.0,70.0,108.0,68.0,91.0,75.0,113.0,92.0
60,80,2.0,0.0,2.0,[59 61],113.0,92.0,108.0,68.0,117.0,80.0,99.0,88.0,91.0,75.0
60,81,2.0,0.0,2.0,[59 61],91.0,75.0,117.0,80.0,113.0,92.0,109.0,77.0,99.0,88.0
60,82,2.0,0.0,2.0,[59 61],99.0,88.0,113.0,92.0,91.0,75.0,96.0,64.0,109.0,77.0
60,83,2.0,0.0,2.0,[59 61],109.0,77.0,91.0,75.0,99.0,88.0,90.0,65.0,96.0,64.0
60,84,2.0,0.0,2.0,[59 61],96.0,64.0,99.0,88.0,109.0,77.0,98.0,74.0,90.0,65.0
60,85,2.0,0.0,2.0,[59 61],90.0,65.0,109.0,77.0,96.0,64.0,98.0,40.0,98.0,74.0
60,86,2.0,0.0,2.0,[59 61],98.0,74.0,96.0,64.0,90.0,65.0,88.0,92.0,98.0,40.0
60,87,2.0,0.0,2.0,[59 61],98.0,40.0,90.0,65.0,98.0,74.0,78.0,61.0,88.0,92.0
60,88,2.0,0.0,2.0,[59 61],88.0,92.0,98.0,74.0,98.0,40.0,80.0,69.0,78.0,61.0
60,89,2.0,0.0,2.0,[59 61],78.0,61.0,98.0,40.0,88.0,92.0,81.0,67.0,80.0,69.0
60,90,2.0,0.0,2.0,[59 61],80.0,69.0,88.0,92.0,78.0,61.0,89.0,79.0,81.0,67.0
60,91,2.0,0.0,2.0,[59 61],81.0,67.0,78.0,61.0,80.0,69.0,69.0,85.0,89.0,79.0
60,92,2.0,0.0,2.0,[59 61],89.0,79.0,80.0,69.0,81.0,67.0,117.0,103.0,69.0,85.0
60,93,2.0,0.0,2.0,[59 61],69.0,85.0,81.0,67.0,89.0,79.0,65.0,60.0,117.0,103.0
60,94,2.0,0.0,2.0,[59 61],117.0,103.0,89.0,79.0,69.0,85.0,92.0,87.0,65.0,60.0
60,95,2.0,0.0,2.0,[59 61],65.0,60.0,69.0,85.0,117.0,103.0,96.0,103.0,92.0,87.0
60,96,2.0,0.0,2.0,[59 61],92.0,87.0,117.0,103.0,65.0,60.0,133.0,94.0,96.0,103.0
60,97,2.0,0.0,2.0,[59 61],96.0,103.0,65.0,60.0,92.0,87.0,85.0,93.0,133.0,94.0
60,98,2.0,0.0,2.0,[59 61],133.0,94.0,92.0,87.0,96.0,103.0,84.0,106.0,85.0,93.0
60,99,2.0,0.0,2.0,[59 61],85.0,93.0,96.0,103.0,133.0,94.0,98.0,104.0,84.0,106.0
60,100,2.0,0.0,2.0,[59 61],84.0,106.0,133.0,94.0,85.0,93.0,164.0,98.0,98.0,104.0
60,101,2.0,0.0,2.0,[59 61],98.0,104.0,85.0,93.0,84.0,106.0,221.0,106.0,164.0,98.0
60,102,2.0,0.0,2.0,[59 61],164.0,98.0,84.0,106.0,98.0,104.0,170.0,110.0,221.0,106.0
60,103,2.0,0.0,2.0,[59 61],221.0,106.0,98.0,104.0,164.0,98.0,228.0,147.0,170.0,110.0
60,104,2.0,0.0,2.0,[59 61],170.0,110.0,164.0,98.0,221.0,106.0,237.0,165.0,228.0,147.0
60,105,2.0,0.0,2.0,[59 61],228.0,147.0,221.0,106.0,170.0,110.0,227.0,194.0,237.0,165.0
60,106,2.0,0.0,2.0,[59 61],237.0,165.0,170.0,110.0,228.0,147.0,240.0,202.0,227.0,194.0
60,107,2.0,0.0,2.0,[59 61],227.0,194.0,228.0,147.0,237.0,165.0,248.0,153.0,240.0,202.0
60,108,2.0,0.0,2.0,[59 61],240.0,202.0,237.0,165.0,227.0,194.0,184.0,211.0,248.0,153.0
60,109,2.0,0.0,2.0,[59 61],248.0,153.0,227.0,194.0,240.0,202.0,154.0,209.0,184.0,211.0
60,110,2.0,0.0,2.0,[59 61],184.0,211.0,240.0,202.0,248.0,153.0,134.0,196.0,154.0,209.0
60,111,2.0,0.0,2.0,[59 61],154.0,209.0,248.0,153.0,184.0,211.0,106.0,125.0,134.0,196.0
60,112,2.0,0.0,2.0,[59 61],134.0,196.0,184.0,211.0,154.0,209.0,119.0,132.0,106.0,125.0
60,113,2.0,0.0,2.0,[59 61],106.0,125.0,154.0,209.0,134.0,196.0,113.0,189.0,119.0,132.0
60,114,2.0,0.0,2.0,[59 61],119.0,132.0,134.0,196.0,106.0,125.0,71.0,105.0,113.0,189.0
60,115,2.0,0.0,2.0,[59 61],113.0,189.0,106.0,125.0,119.0,132.0,95.0,103.0,71.0,105.0
60,116,2.0,0.0,2.0,[59 61],71.0,105.0,119.0,132.0,113.0,189.0,108.0,171.0,95.0,103.0
60,117,2.0,0.0,2.0,[59 61],95.0,103.0,113.0,189.0,71.0,105.0,93.0,112.0,108.0,171.0
60,118,2.0,0.0,2.0,[59 61],108.0,171.0,71.0,105.0,95.0,103.0,95.0,78.0,93.0,112.0
60,119,2.0,0.0,2.0,[59 61],93.0,112.0,95.0,103.0,108.0,171.0,72.0,96.0,95.0,78.0
60,120,2.0,0.0,2.0,[59 61],95.0,78.0,108.0,171.0,93.0,112.0,89.0,89.0,72.0,96.0
60,121,2.0,0.0,2.0,[59 61],72.0,96.0,93.0,112.0,95.0,78.0,82.0,86.0,89.0,89.0
60,122,2.0,0.0,2.0,[59 61],89.0,89.0,95.0,78.0,72.0,96.0,69.0,97.0,82.0,86.0
60,123,2.0,0.0,2.0,[59 61],82.0,86.0,72.0,96.0,89.0,89.0,55.0,110.0,69.0,97.0
60,124,2.0,0.0,2.0,[59 61],69.0,97.0,89.0,89.0,82.0,86.0,69.0,133.0,55.0,110.0
60,125,2.0,0.0,2.0,[59 61],55.0,110.0,82.0,86.0,69.0,97.0,63.0,94.0,69.0,133.0
60,126,2.0,0.0,2.0,[59 61],69.0,133.0,69.0,97.0,55.0,110.0,80.0,115.0,63.0,94.0
60,127,2.0,0.0,2.0,[59 61],63.0,94.0,55.0,110.0,69.0,133.0,63.0,86.0,80.0,115.0
60,128,2.0,0.0,2.0,[59 61],80.0,115.0,69.0,133.0,63.0,94.0,37.0,82.0,63.0,86.0
60,129,2.0,0.0,2.0,[59 61],63.0,86.0,63.0,94.0,80.0,115.0,52.0,101.0,37.0,82.0
60,130,2.0,0.0,2.0,[59 61],37.0,82.0,80.0,115.0,63.0,86.0,55.0,101.0,52.0,101.0
60,131,2.0,0.0,2.0,[59 61],52.0,101.0,63.0,86.0,37.0,82.0,40.0,71.0,55.0,101.0
60,132,2.0,0.0,2.0,[59 61],55.0,101.0,37.0,82.0,52.0,101.0,35.0,68.0,40.0,71.0
60,133,2.0,0.0,2.0,[59 61],40.0,71.0,52.0,101.0,55.0,101.0,37.0,94.0,35.0,68.0
60,134,2.0,0.0,2.0,[59 61],35.0,68.0,55.0,101.0,40.0,71.0,26.0,46.0,37.0,94.0
60,135,2.0,0.0,2.0,[59 61],37.0,94.0,40.0,71.0,35.0,68.0,9.0,78.0,26.0,46.0
60,136,2.0,0.0,2.0,[59 61],26.0,46.0,35.0,68.0,37.0,94.0,9.0,12.0,9.0,78.0
60,137,2.0,0.0,2.0,[59 61],9.0,78.0,37.0,94.0,26.0,46.0,5.0,31.0,9.0,12.0
60,138,2.0,0.0,2.0,[59 61],9.0,12.0,26.0,46.0,9.0,78.0,3.0,21.0,5.0,31.0
60,139,2.0,0.0,2.0,[59 61],5.0,31.0,9.0,78.0,9.0,12.0,1.0,21.0,3.0,21.0
60,140,2.0,0.0,2.0,[59 61],3.0,21.0,9.0,12.0,5.0,31.0,1.0,7.0,1.0,21.0
60,141,2.0,0.0,2.0,[59 61],1.0,21.0,5.0,31.0,3.0,21.0,0.0,13.0,1.0,7.0
60,142,2.0,0.0,2.0,[59 61],1.0,7.0,3.0,21.0,1.0,21.0,0.0,0.0,0.0,13.0
60,143,2.0,0.0,2.0,[59 61],0.0,13.0,1.0,21.0,1.0,7.0,0.0,0.0,0.0,0.0
61,0,2.0,0.0,2.0,[60 62],0.0,2.0,0.0,0.0,0.0,0.0,0.0,0.0,0.0,1.0
61,1,2.0,0.0,2.0,[60 62],0.0,1.0,0.0,0.0,0.0,2.0,1.0,0.0,0.0,0.0
61,2,2.0,0.0,2.0,[60 62],0.0,0.0,0.0,2.0,0.0,1.0,0.0,0.0,1.0,0.0
61,3,2.0,0.0,2.0,[60 62],1.0,0.0,0.0,1.0,0.0,0.0,0.0,0.0,0.0,0.0
61,4,2.0,0.0,2.0,[60 62],0.0,0.0,0.0,0.0,1.0,0.0,0.0,0.0,0.0,0.0
61,5,2.0,0.0,2.0,[60 62],0.0,0.0,1.0,0.0,0.0,0.0,0.0,0.0,0.0,0.0
61,6,2.0,0.0,2.0,[60 62],0.0,0.0,0.0,0.0,0.0,0.0,0.0,0.0,0.0,0.0
61,7,2.0,0.0,2.0,[60 62],0.0,0.0,0.0,0.0,0.0,0.0,0.0,0.0,0.0,0.0
61,8,2.0,0.0,2.0,[60 62],0.0,0.0,0.0,0.0,0.0,0.0,0.0,0.0,0.0,0.0
61,9,2.0,0.0,2.0,[60 62],0.0,0.0,0.0,0.0,0.0,0.0,0.0,0.0,0.0,0.0
61,10,2.0,0.0,2.0,[60 62],0.0,0.0,0.0,0.0,0.0,0.0,0.0,0.0,0.0,0.0
61,11,2.0,0.0,2.0,[60 62],0.0,0.0,0.0,0.0,0.0,0.0,0.0,0.0,0.0,0.0
61,12,2.0,0.0,2.0,[60 62],0.0,0.0,0.0,0.0,0.0,0.0,0.0,0.0,0.0,0.0
61,13,2.0,0.0,2.0,[60 62],0.0,0.0,0.0,0.0,0.0,0.0,0.0,0.0,0.0,0.0
61,14,2.0,0.0,2.0,[60 62],0.0,0.0,0.0,0.0,0.0,0.0,0.0,0.0,0.0,0.0
61,15,2.0,0.0,2.0,[60 62],0.0,0.0,0.0,0.0,0.0,0.0,0.0,0.0,0.0,0.0
61,16,2.0,0.0,2.0,[60 62],0.0,0.0,0.0,0.0,0.0,0.0,0.0,0.0,0.0,0.0
61,17,2.0,0.0,2.0,[60 62],0.0,0.0,0.0,0.0,0.0,0.0,0.0,0.0,0.0,0.0
61,18,2.0,0.0,2.0,[60 62],0.0,0.0,0.0,0.0,0.0,0.0,0.0,0.0,0.0,0.0
61,19,2.0,0.0,2.0,[60 62],0.0,0.0,0.0,0.0,0.0,0.0,0.0,0.0,0.0,0.0
61,20,2.0,0.0,2.0,[60 62],0.0,0.0,0.0,0.0,0.0,0.0,0.0,0.0,0.0,0.0
61,21,2.0,0.0,2.0,[60 62],0.0,0.0,0.0,0.0,0.0,0.0,0.0,0.0,0.0,0.0
61,22,2.0,0.0,2.0,[60 62],0.0,0.0,0.0,0.0,0.0,0.0,0.0,0.0,0.0,0.0
61,23,2.0,0.0,2.0,[60 62],0.0,0.0,0.0,0.0,0.0,0.0,0.0,0.0,0.0,0.0
61,24,2.0,0.0,2.0,[60 62],0.0,0.0,0.0,0.0,0.0,0.0,0.0,0.0,0.0,0.0
61,25,2.0,0.0,2.0,[60 62],0.0,0.0,0.0,0.0,0.0,0.0,2.0,0.0,0.0,0.0
61,26,2.0,0.0,2.0,[60 62],0.0,0.0,0.0,0.0,0.0,0.0,0.0,1.0,2.0,0.0
61,27,2.0,0.0,2.0,[60 62],2.0,0.0,0.0,0.0,0.0,0.0,0.0,0.0,0.0,1.0
61,28,2.0,0.0,2.0,[60 62],0.0,1.0,0.0,0.0,2.0,0.0,0.0,0.0,0.0,0.0
61,29,2.0,0.0,2.0,[60 62],0.0,0.0,2.0,0.0,0.0,1.0,0.0,0.0,0.0,0.0
61,30,2.0,0.0,2.0,[60 62],0.0,0.0,0.0,1.0,0.0,0.0,1.0,0.0,0.0,0.0
61,31,2.0,0.0,2.0,[60 62],0.0,0.0,0.0,0.0,0.0,0.0,0.0,0.0,1.0,0.0
61,32,2.0,0.0,2.0,[60 62],1.0,0.0,0.0,0.0,0.0,0.0,3.0,0.0,0.0,0.0
61,33,2.0,0.0,2.0,[60 62],0.0,0.0,0.0,0.0,1.0,0.0,18.0,1.0,3.0,0.0
61,34,2.0,0.0,2.0,[60 62],3.0,0.0,1.0,0.0,0.0,0.0,41.0,1.0,18.0,1.0
61,35,2.0,0.0,2.0,[60 62],18.0,1.0,0.0,0.0,3.0,0.0,46.0,4.0,41.0,1.0
61,36,2.0,0.0,2.0,[60 62],41.0,1.0,3.0,0.0,18.0,1.0,74.0,6.0,46.0,4.0
61,37,2.0,0.0,2.0,[60 62],46.0,4.0,18.0,1.0,41.0,1.0,67.0,8.0,74.0,6.0
61,38,2.0,0.0,2.0,[60 62],74.0,6.0,41.0,1.0,46.0,4.0,116.0,16.0,67.0,8.0
61,39,2.0,0.0,2.0,[60 62],67.0,8.0,46.0,4.0,74.0,6.0,98.0,33.0,116.0,16.0
61,40,2.0,0.0,2.0,[60 62],116.0,16.0,74.0,6.0,67.0,8.0,149.0,32.0,98.0,33.0
61,41,2.0,0.0,2.0,[60 62],98.0,33.0,67.0,8.0,116.0,16.0,259.0,20.0,149.0,32.0
61,42,2.0,0.0,2.0,[60 62],149.0,32.0,116.0,16.0,98.0,33.0,283.0,39.0,259.0,20.0
61,43,2.0,0.0,2.0,[60 62],259.0,20.0,98.0,33.0,149.0,32.0,376.0,63.0,283.0,39.0
61,44,2.0,0.0,2.0,[60 62],283.0,39.0,149.0,32.0,259.0,20.0,527.0,70.0,376.0,63.0
61,45,2.0,0.0,2.0,[60 62],376.0,63.0,259.0,20.0,283.0,39.0,606.0,147.0,527.0,70.0
61,46,2.0,0.0,2.0,[60 62],527.0,70.0,283.0,39.0,376.0,63.0,554.0,157.0,606.0,147.0
61,47,2.0,0.0,2.0,[60 62],606.0,147.0,376.0,63.0,527.0,70.0,534.0,170.0,554.0,157.0
61,48,2.0,0.0,2.0,[60 62],554.0,157.0,527.0,70.0,606.0,147.0,488.0,214.0,534.0,170.0
61,49,2.0,0.0,2.0,[60 62],534.0,170.0,606.0,147.0,554.0,157.0,437.0,143.0,488.0,214.0
61,50,2.0,0.0,2.0,[60 62],488.0,214.0,554.0,157.0,534.0,170.0,381.0,169.0,437.0,143.0
61,51,2.0,0.0,2.0,[60 62],437.0,143.0,534.0,170.0,488.0,214.0,304.0,119.0,381.0,169.0
61,52,2.0,0.0,2.0,[60 62],381.0,169.0,488.0,214.0,437.0,143.0,272.0,103.0,304.0,119.0
61,53,2.0,0.0,2.0,[60 62],304.0,119.0,437.0,143.0,381.0,169.0,230.0,77.0,272.0,103.0
61,54,2.0,0.0,2.0,[60 62],272.0,103.0,381.0,169.0,304.0,119.0,173.0,87.0,230.0,77.0
61,55,2.0,0.0,2.0,[60 62],230.0,77.0,304.0,119.0,272.0,103.0,173.0,55.0,173.0,87.0
61,56,2.0,0.0,2.0,[60 62],173.0,87.0,272.0,103.0,230.0,77.0,160.0,91.0,173.0,55.0
61,57,2.0,0.0,2.0,[60 62],173.0,55.0,230.0,77.0,173.0,87.0,149.0,77.0,160.0,91.0
61,58,2.0,0.0,2.0,[60 62],160.0,91.0,173.0,87.0,173.0,55.0,121.0,75.0,149.0,77.0
61,59,2.0,0.0,2.0,[60 62],149.0,77.0,173.0,55.0,160.0,91.0,117.0,55.0,121.0,75.0
61,60,2.0,0.0,2.0,[60 62],121.0,75.0,160.0,91.0,149.0,77.0,101.0,63.0,117.0,55.0
61,61,2.0,0.0,2.0,[60 62],117.0,55.0,149.0,77.0,121.0,75.0,91.0,72.0,101.0,63.0
61,62,2.0,0.0,2.0,[60 62],101.0,63.0,121.0,75.0,117.0,55.0,90.0,52.0,91.0,72.0
61,63,2.0,0.0,2.0,[60 62],91.0,72.0,117.0,55.0,101.0,63.0,90.0,66.0,90.0,52.0
61,64,2.0,0.0,2.0,[60 62],90.0,52.0,101.0,63.0,91.0,72.0,78.0,63.0,90.0,66.0
61,65,2.0,0.0,2.0,[60 62],90.0,66.0,91.0,72.0,90.0,52.0,78.0,34.0,78.0,63.0
61,66,2.0,0.0,2.0,[60 62],78.0,63.0,90.0,52.0,90.0,66.0,73.0,75.0,78.0,34.0
61,67,2.0,0.0,2.0,[60 62],78.0,34.0,90.0,66.0,78.0,63.0,82.0,71.0,73.0,75.0
61,68,2.0,0.0,2.0,[60 62],73.0,75.0,78.0,63.0,78.0,34.0,97.0,48.0,82.0,71.0
61,69,2.0,0.0,2.0,[60 62],82.0,71.0,78.0,34.0,73.0,75.0,70.0,71.0,97.0,48.0
61,70,2.0,0.0,2.0,[60 62],97.0,48.0,73.0,75.0,82.0,71.0,94.0,63.0,70.0,71.0
61,71,2.0,0.0,2.0,[60 62],70.0,71.0,82.0,71.0,97.0,48.0,94.0,73.0,94.0,63.0
61,72,2.0,0.0,2.0,[60 62],94.0,63.0,97.0,48.0,70.0,71.0,99.0,64.0,94.0,73.0
61,73,2.0,0.0,2.0,[60 62],94.0,73.0,70.0,71.0,94.0,63.0,102.0,52.0,99.0,64.0
61,74,2.0,0.0,2.0,[60 62],99.0,64.0,94.0,63.0,94.0,73.0,106.0,60.0,102.0,52.0
61,75,2.0,0.0,2.0,[60 62],102.0,52.0,94.0,73.0,99.0,64.0,118.0,81.0,106.0,60.0
61,76,2.0,0.0,2.0,[60 62],106.0,60.0,99.0,64.0,102.0,52.0,103.0,66.0,118.0,81.0
61,77,2.0,0.0,2.0,[60 62],118.0,81.0,102.0,52.0,106.0,60.0,70.0,59.0,103.0,66.0
61,78,2.0,0.0,2.0,[60 62],103.0,66.0,106.0,60.0,118.0,81.0,87.0,66.0,70.0,59.0
61,79,2.0,0.0,2.0,[60 62],70.0,59.0,118.0,81.0,103.0,66.0,70.0,56.0,87.0,66.0
61,80,2.0,0.0,2.0,[60 62],87.0,66.0,103.0,66.0,70.0,59.0,85.0,56.0,70.0,56.0
61,81,2.0,0.0,2.0,[60 62],70.0,56.0,70.0,59.0,87.0,66.0,88.0,62.0,85.0,56.0
61,82,2.0,0.0,2.0,[60 62],85.0,56.0,87.0,66.0,70.0,56.0,107.0,70.0,88.0,62.0
61,83,2.0,0.0,2.0,[60 62],88.0,62.0,70.0,56.0,85.0,56.0,79.0,67.0,107.0,70.0
61,84,2.0,0.0,2.0,[60 62],107.0,70.0,85.0,56.0,88.0,62.0,62.0,57.0,79.0,67.0
61,85,2.0,0.0,2.0,[60 62],79.0,67.0,88.0,62.0,107.0,70.0,78.0,71.0,62.0,57.0
61,86,2.0,0.0,2.0,[60 62],62.0,57.0,107.0,70.0,79.0,67.0,75.0,92.0,78.0,71.0
61,87,2.0,0.0,2.0,[60 62],78.0,71.0,79.0,67.0,62.0,57.0,55.0,58.0,75.0,92.0
61,88,2.0,0.0,2.0,[60 62],75.0,92.0,62.0,57.0,78.0,71.0,74.0,80.0,55.0,58.0
61,89,2.0,0.0,2.0,[60 62],55.0,58.0,78.0,71.0,75.0,92.0,88.0,92.0,74.0,80.0
61,90,2.0,0.0,2.0,[60 62],74.0,80.0,75.0,92.0,55.0,58.0,83.0,75.0,88.0,92.0
61,91,2.0,0.0,2.0,[60 62],88.0,92.0,55.0,58.0,74.0,80.0,83.0,83.0,83.0,75.0
61,92,2.0,0.0,2.0,[60 62],83.0,75.0,74.0,80.0,88.0,92.0,68.0,111.0,83.0,83.0
61,93,2.0,0.0,2.0,[60 62],83.0,83.0,88.0,92.0,83.0,75.0,81.0,85.0,68.0,111.0
61,94,2.0,0.0,2.0,[60 62],68.0,111.0,83.0,75.0,83.0,83.0,60.0,125.0,81.0,85.0
61,95,2.0,0.0,2.0,[60 62],81.0,85.0,83.0,83.0,68.0,111.0,93.0,97.0,60.0,125.0
61,96,2.0,0.0,2.0,[60 62],60.0,125.0,68.0,111.0,81.0,85.0,53.0,96.0,93.0,97.0
61,97,2.0,0.0,2.0,[60 62],93.0,97.0,81.0,85.0,60.0,125.0,108.0,86.0,53.0,96.0
61,98,2.0,0.0,2.0,[60 62],53.0,96.0,60.0,125.0,93.0,97.0,90.0,80.0,108.0,86.0
61,99,2.0,0.0,2.0,[60 62],108.0,86.0,93.0,97.0,53.0,96.0,134.0,118.0,90.0,80.0
61,100,2.0,0.0,2.0,[60 62],90.0,80.0,53.0,96.0,108.0,86.0,73.0,119.0,134.0,118.0
61,101,2.0,0.0,2.0,[60 62],134.0,118.0,108.0,86.0,90.0,80.0,159.0,190.0,73.0,119.0
61,102,2.0,0.0,2.0,[60 62],73.0,119.0,90.0,80.0,134.0,118.0,131.0,174.0,159.0,190.0
61,103,2.0,0.0,2.0,[60 62],159.0,190.0,134.0,118.0,73.0,119.0,164.0,227.0,131.0,174.0
61,104,2.0,0.0,2.0,[60 62],131.0,174.0,73.0,119.0,159.0,190.0,146.0,198.0,164.0,227.0
61,105,2.0,0.0,2.0,[60 62],164.0,227.0,159.0,190.0,131.0,174.0,176.0,260.0,146.0,198.0
61,106,2.0,0.0,2.0,[60 62],146.0,198.0,131.0,174.0,164.0,227.0,160.0,345.0,176.0,260.0
61,107,2.0,0.0,2.0,[60 62],176.0,260.0,164.0,227.0,146.0,198.0,135.0,309.0,160.0,345.0
61,108,2.0,0.0,2.0,[60 62],160.0,345.0,146.0,198.0,176.0,260.0,88.0,329.0,135.0,309.0
61,109,2.0,0.0,2.0,[60 62],135.0,309.0,176.0,260.0,160.0,345.0,137.0,308.0,88.0,329.0
61,110,2.0,0.0,2.0,[60 62],88.0,329.0,160.0,345.0,135.0,309.0,83.0,275.0,137.0,308.0
61,111,2.0,0.0,2.0,[60 62],137.0,308.0,135.0,309.0,88.0,329.0,101.0,317.0,83.0,275.0
61,112,2.0,0.0,2.0,[60 62],83.0,275.0,88.0,329.0,137.0,308.0,84.0,232.0,101.0,317.0
61,113,2.0,0.0,2.0,[60 62],101.0,317.0,137.0,308.0,83.0,275.0,73.0,215.0,84.0,232.0
61,114,2.0,0.0,2.0,[60 62],84.0,232.0,83.0,275.0,101.0,317.0,66.0,206.0,73.0,215.0
61,115,2.0,0.0,2.0,[60 62],73.0,215.0,101.0,317.0,84.0,232.0,47.0,163.0,66.0,206.0
61,116,2.0,0.0,2.0,[60 62],66.0,206.0,84.0,232.0,73.0,215.0,37.0,135.0,47.0,163.0
61,117,2.0,0.0,2.0,[60 62],47.0,163.0,73.0,215.0,66.0,206.0,68.0,192.0,37.0,135.0
61,118,2.0,0.0,2.0,[60 62],37.0,135.0,66.0,206.0,47.0,163.0,49.0,161.0,68.0,192.0
61,119,2.0,0.0,2.0,[60 62],68.0,192.0,47.0,163.0,37.0,135.0,40.0,149.0,49.0,161.0
61,120,2.0,0.0,2.0,[60 62],49.0,161.0,37.0,135.0,68.0,192.0,46.0,155.0,40.0,149.0
61,121,2.0,0.0,2.0,[60 62],40.0,149.0,68.0,192.0,49.0,161.0,45.0,156.0,46.0,155.0
61,122,2.0,0.0,2.0,[60 62],46.0,155.0,49.0,161.0,40.0,149.0,46.0,142.0,45.0,156.0
61,123,2.0,0.0,2.0,[60 62],45.0,156.0,40.0,149.0,46.0,155.0,41.0,156.0,46.0,142.0
61,124,2.0,0.0,2.0,[60 62],46.0,142.0,46.0,155.0,45.0,156.0,40.0,210.0,41.0,156.0
61,125,2.0,0.0,2.0,[60 62],41.0,156.0,45.0,156.0,46.0,142.0,50.0,156.0,40.0,210.0
61,126,2.0,0.0,2.0,[60 62],40.0,210.0,46.0,142.0,41.0,156.0,39.0,135.0,50.0,156.0
61,127,2.0,0.0,2.0,[60 62],50.0,156.0,41.0,156.0,40.0,210.0,37.0,116.0,39.0,135.0
61,128,2.0,0.0,2.0,[60 62],39.0,135.0,40.0,210.0,50.0,156.0,23.0,157.0,37.0,116.0
61,129,2.0,0.0,2.0,[60 62],37.0,116.0,50.0,156.0,39.0,135.0,27.0,137.0,23.0,157.0
61,130,2.0,0.0,2.0,[60 62],23.0,157.0,39.0,135.0,37.0,116.0,26.0,139.0,27.0,137.0
61,131,2.0,0.0,2.0,[60 62],27.0,137.0,37.0,116.0,23.0,157.0,31.0,103.0,26.0,139.0
61,132,2.0,0.0,2.0,[60 62],26.0,139.0,23.0,157.0,27.0,137.0,17.0,125.0,31.0,103.0
61,133,2.0,0.0,2.0,[60 62],31.0,103.0,27.0,137.0,26.0,139.0,14.0,72.0,17.0,125.0
61,134,2.0,0.0,2.0,[60 62],17.0,125.0,26.0,139.0,31.0,103.0,15.0,103.0,14.0,72.0
61,135,2.0,0.0,2.0,[60 62],14.0,72.0,31.0,103.0,17.0,125.0,15.0,50.0,15.0,103.0
61,136,2.0,0.0,2.0,[60 62],15.0,103.0,17.0,125.0,14.0,72.0,3.0,65.0,15.0,50.0
61,137,2.0,0.0,2.0,[60 62],15.0,50.0,14.0,72.0,15.0,103.0,1.0,39.0,3.0,65.0
61,138,2.0,0.0,2.0,[60 62],3.0,65.0,15.0,103.0,15.0,50.0,3.0,48.0,1.0,39.0
61,139,2.0,0.0,2.0,[60 62],1.0,39.0,15.0,50.0,3.0,65.0,0.0,20.0,3.0,48.0
61,140,2.0,0.0,2.0,[60 62],3.0,48.0,3.0,65.0,1.0,39.0,0.0,13.0,0.0,20.0
61,141,2.0,0.0,2.0,[60 62],0.0,20.0,1.0,39.0,3.0,48.0,0.0,12.0,0.0,13.0
61,142,2.0,0.0,2.0,[60 62],0.0,13.0,3.0,48.0,0.0,20.0,0.0,0.0,0.0,12.0
61,143,2.0,0.0,2.0,[60 62],0.0,12.0,0.0,20.0,0.0,13.0,0.0,0.0,0.0,0.0
62,0,2.0,0.0,2.0,[61 63],0.0,1.0,0.0,0.0,0.0,0.0,1.0,0.0,0.0,2.0
62,1,2.0,0.0,2.0,[61 63],0.0,2.0,0.0,0.0,0.0,1.0,0.0,0.0,1.0,0.0
62,2,2.0,0.0,2.0,[61 63],1.0,0.0,0.0,1.0,0.0,2.0,0.0,0.0,0.0,0.0
62,3,2.0,0.0,2.0,[61 63],0.0,0.0,0.0,2.0,1.0,0.0,0.0,0.0,0.0,0.0
62,4,2.0,0.0,2.0,[61 63],0.0,0.0,1.0,0.0,0.0,0.0,0.0,0.0,0.0,0.0
62,5,2.0,0.0,2.0,[61 63],0.0,0.0,0.0,0.0,0.0,0.0,0.0,0.0,0.0,0.0
62,6,2.0,0.0,2.0,[61 63],0.0,0.0,0.0,0.0,0.0,0.0,0.0,0.0,0.0,0.0
62,7,2.0,0.0,2.0,[61 63],0.0,0.0,0.0,0.0,0.0,0.0,0.0,0.0,0.0,0.0
62,8,2.0,0.0,2.0,[61 63],0.0,0.0,0.0,0.0,0.0,0.0,0.0,0.0,0.0,0.0
62,9,2.0,0.0,2.0,[61 63],0.0,0.0,0.0,0.0,0.0,0.0,0.0,0.0,0.0,0.0
62,10,2.0,0.0,2.0,[61 63],0.0,0.0,0.0,0.0,0.0,0.0,0.0,0.0,0.0,0.0
62,11,2.0,0.0,2.0,[61 63],0.0,0.0,0.0,0.0,0.0,0.0,0.0,0.0,0.0,0.0
62,12,2.0,0.0,2.0,[61 63],0.0,0.0,0.0,0.0,0.0,0.0,0.0,0.0,0.0,0.0
62,13,2.0,0.0,2.0,[61 63],0.0,0.0,0.0,0.0,0.0,0.0,0.0,0.0,0.0,0.0
62,14,2.0,0.0,2.0,[61 63],0.0,0.0,0.0,0.0,0.0,0.0,0.0,0.0,0.0,0.0
62,15,2.0,0.0,2.0,[61 63],0.0,0.0,0.0,0.0,0.0,0.0,0.0,0.0,0.0,0.0
62,16,2.0,0.0,2.0,[61 63],0.0,0.0,0.0,0.0,0.0,0.0,0.0,0.0,0.0,0.0
62,17,2.0,0.0,2.0,[61 63],0.0,0.0,0.0,0.0,0.0,0.0,0.0,0.0,0.0,0.0
62,18,2.0,0.0,2.0,[61 63],0.0,0.0,0.0,0.0,0.0,0.0,0.0,0.0,0.0,0.0
62,19,2.0,0.0,2.0,[61 63],0.0,0.0,0.0,0.0,0.0,0.0,0.0,0.0,0.0,0.0
62,20,2.0,0.0,2.0,[61 63],0.0,0.0,0.0,0.0,0.0,0.0,0.0,0.0,0.0,0.0
62,21,2.0,0.0,2.0,[61 63],0.0,0.0,0.0,0.0,0.0,0.0,0.0,0.0,0.0,0.0
62,22,2.0,0.0,2.0,[61 63],0.0,0.0,0.0,0.0,0.0,0.0,0.0,0.0,0.0,0.0
62,23,2.0,0.0,2.0,[61 63],0.0,0.0,0.0,0.0,0.0,0.0,0.0,0.0,0.0,0.0
62,24,2.0,0.0,2.0,[61 63],0.0,0.0,0.0,0.0,0.0,0.0,0.0,0.0,0.0,0.0
62,25,2.0,0.0,2.0,[61 63],0.0,0.0,0.0,0.0,0.0,0.0,0.0,0.0,0.0,0.0
62,26,2.0,0.0,2.0,[61 63],0.0,0.0,0.0,0.0,0.0,0.0,0.0,0.0,0.0,0.0
62,27,2.0,0.0,2.0,[61 63],0.0,0.0,0.0,0.0,0.0,0.0,0.0,0.0,0.0,0.0
62,28,2.0,0.0,2.0,[61 63],0.0,0.0,0.0,0.0,0.0,0.0,0.0,0.0,0.0,0.0
62,29,2.0,0.0,2.0,[61 63],0.0,0.0,0.0,0.0,0.0,0.0,0.0,0.0,0.0,0.0
62,30,2.0,0.0,2.0,[61 63],0.0,0.0,0.0,0.0,0.0,0.0,0.0,0.0,0.0,0.0
62,31,2.0,0.0,2.0,[61 63],0.0,0.0,0.0,0.0,0.0,0.0,0.0,0.0,0.0,0.0
62,32,2.0,0.0,2.0,[61 63],0.0,0.0,0.0,0.0,0.0,0.0,1.0,0.0,0.0,0.0
62,33,2.0,0.0,2.0,[61 63],0.0,0.0,0.0,0.0,0.0,0.0,20.0,0.0,1.0,0.0
62,34,2.0,0.0,2.0,[61 63],1.0,0.0,0.0,0.0,0.0,0.0,26.0,1.0,20.0,0.0
62,35,2.0,0.0,2.0,[61 63],20.0,0.0,0.0,0.0,1.0,0.0,41.0,0.0,26.0,1.0
62,36,2.0,0.0,2.0,[61 63],26.0,1.0,1.0,0.0,20.0,0.0,62.0,4.0,41.0,0.0
62,37,2.0,0.0,2.0,[61 63],41.0,0.0,20.0,0.0,26.0,1.0,88.0,11.0,62.0,4.0
62,38,2.0,0.0,2.0,[61 63],62.0,4.0,26.0,1.0,41.0,0.0,116.0,4.0,88.0,11.0
62,39,2.0,0.0,2.0,[61 63],88.0,11.0,41.0,0.0,62.0,4.0,125.0,17.0,116.0,4.0
62,40,2.0,0.0,2.0,[61 63],116.0,4.0,62.0,4.0,88.0,11.0,163.0,22.0,125.0,17.0
62,41,2.0,0.0,2.0,[61 63],125.0,17.0,88.0,11.0,116.0,4.0,205.0,41.0,163.0,22.0
62,42,2.0,0.0,2.0,[61 63],163.0,22.0,116.0,4.0,125.0,17.0,291.0,55.0,205.0,41.0
62,43,2.0,0.0,2.0,[61 63],205.0,41.0,125.0,17.0,163.0,22.0,408.0,75.0,291.0,55.0
62,44,2.0,0.0,2.0,[61 63],291.0,55.0,163.0,22.0,205.0,41.0,469.0,110.0,408.0,75.0
62,45,2.0,0.0,2.0,[61 63],408.0,75.0,205.0,41.0,291.0,55.0,523.0,88.0,469.0,110.0
62,46,2.0,0.0,2.0,[61 63],469.0,110.0,291.0,55.0,408.0,75.0,530.0,58.0,523.0,88.0
62,47,2.0,0.0,2.0,[61 63],523.0,88.0,408.0,75.0,469.0,110.0,541.0,120.0,530.0,58.0
62,48,2.0,0.0,2.0,[61 63],530.0,58.0,469.0,110.0,523.0,88.0,461.0,72.0,541.0,120.0
62,49,2.0,0.0,2.0,[61 63],541.0,120.0,523.0,88.0,530.0,58.0,451.0,127.0,461.0,72.0
62,50,2.0,0.0,2.0,[61 63],461.0,72.0,530.0,58.0,541.0,120.0,383.0,92.0,451.0,127.0
62,51,2.0,0.0,2.0,[61 63],451.0,127.0,541.0,120.0,461.0,72.0,305.0,93.0,383.0,92.0
62,52,2.0,0.0,2.0,[61 63],383.0,92.0,461.0,72.0,451.0,127.0,225.0,67.0,305.0,93.0
62,53,2.0,0.0,2.0,[61 63],305.0,93.0,451.0,127.0,383.0,92.0,200.0,79.0,225.0,67.0
62,54,2.0,0.0,2.0,[61 63],225.0,67.0,383.0,92.0,305.0,93.0,221.0,36.0,200.0,79.0
62,55,2.0,0.0,2.0,[61 63],200.0,79.0,305.0,93.0,225.0,67.0,159.0,85.0,221.0,36.0
62,56,2.0,0.0,2.0,[61 63],221.0,36.0,225.0,67.0,200.0,79.0,178.0,66.0,159.0,85.0
62,57,2.0,0.0,2.0,[61 63],159.0,85.0,200.0,79.0,221.0,36.0,120.0,67.0,178.0,66.0
62,58,2.0,0.0,2.0,[61 63],178.0,66.0,221.0,36.0,159.0,85.0,114.0,49.0,120.0,67.0
62,59,2.0,0.0,2.0,[61 63],120.0,67.0,159.0,85.0,178.0,66.0,111.0,61.0,114.0,49.0
62,60,2.0,0.0,2.0,[61 63],114.0,49.0,178.0,66.0,120.0,67.0,91.0,59.0,111.0,61.0
62,61,2.0,0.0,2.0,[61 63],111.0,61.0,120.0,67.0,114.0,49.0,116.0,66.0,91.0,59.0
62,62,2.0,0.0,2.0,[61 63],91.0,59.0,114.0,49.0,111.0,61.0,87.0,30.0,116.0,66.0
62,63,2.0,0.0,2.0,[61 63],116.0,66.0,111.0,61.0,91.0,59.0,95.0,58.0,87.0,30.0
62,64,2.0,0.0,2.0,[61 63],87.0,30.0,91.0,59.0,116.0,66.0,67.0,42.0,95.0,58.0
62,65,2.0,0.0,2.0,[61 63],95.0,58.0,116.0,66.0,87.0,30.0,85.0,60.0,67.0,42.0
62,66,2.0,0.0,2.0,[61 63],67.0,42.0,87.0,30.0,95.0,58.0,100.0,65.0,85.0,60.0
62,67,2.0,0.0,2.0,[61 63],85.0,60.0,95.0,58.0,67.0,42.0,98.0,70.0,100.0,65.0
62,68,2.0,0.0,2.0,[61 63],100.0,65.0,67.0,42.0,85.0,60.0,84.0,53.0,98.0,70.0
62,69,2.0,0.0,2.0,[61 63],98.0,70.0,85.0,60.0,100.0,65.0,96.0,51.0,84.0,53.0
62,70,2.0,0.0,2.0,[61 63],84.0,53.0,100.0,65.0,98.0,70.0,60.0,61.0,96.0,51.0
62,71,2.0,0.0,2.0,[61 63],96.0,51.0,98.0,70.0,84.0,53.0,85.0,67.0,60.0,61.0
62,72,2.0,0.0,2.0,[61 63],60.0,61.0,84.0,53.0,96.0,51.0,97.0,59.0,85.0,67.0
62,73,2.0,0.0,2.0,[61 63],85.0,67.0,96.0,51.0,60.0,61.0,106.0,86.0,97.0,59.0
62,74,2.0,0.0,2.0,[61 63],97.0,59.0,60.0,61.0,85.0,67.0,91.0,61.0,106.0,86.0
62,75,2.0,0.0,2.0,[61 63],106.0,86.0,85.0,67.0,97.0,59.0,92.0,71.0,91.0,61.0
62,76,2.0,0.0,2.0,[61 63],91.0,61.0,97.0,59.0,106.0,86.0,87.0,61.0,92.0,71.0
62,77,2.0,0.0,2.0,[61 63],92.0,71.0,106.0,86.0,91.0,61.0,89.0,79.0,87.0,61.0
62,78,2.0,0.0,2.0,[61 63],87.0,61.0,91.0,61.0,92.0,71.0,109.0,66.0,89.0,79.0
62,79,2.0,0.0,2.0,[61 63],89.0,79.0,92.0,71.0,87.0,61.0,102.0,93.0,109.0,66.0
62,80,2.0,0.0,2.0,[61 63],109.0,66.0,87.0,61.0,89.0,79.0,67.0,77.0,102.0,93.0
62,81,2.0,0.0,2.0,[61 63],102.0,93.0,89.0,79.0,109.0,66.0,74.0,70.0,67.0,77.0
62,82,2.0,0.0,2.0,[61 63],67.0,77.0,109.0,66.0,102.0,93.0,79.0,66.0,74.0,70.0
62,83,2.0,0.0,2.0,[61 63],74.0,70.0,102.0,93.0,67.0,77.0,66.0,71.0,79.0,66.0
62,84,2.0,0.0,2.0,[61 63],79.0,66.0,67.0,77.0,74.0,70.0,78.0,69.0,66.0,71.0
62,85,2.0,0.0,2.0,[61 63],66.0,71.0,74.0,70.0,79.0,66.0,78.0,72.0,78.0,69.0
62,86,2.0,0.0,2.0,[61 63],78.0,69.0,79.0,66.0,66.0,71.0,51.0,82.0,78.0,72.0
62,87,2.0,0.0,2.0,[61 63],78.0,72.0,66.0,71.0,78.0,69.0,60.0,63.0,51.0,82.0
62,88,2.0,0.0,2.0,[61 63],51.0,82.0,78.0,69.0,78.0,72.0,59.0,80.0,60.0,63.0
62,89,2.0,0.0,2.0,[61 63],60.0,63.0,78.0,72.0,51.0,82.0,75.0,86.0,59.0,80.0
62,90,2.0,0.0,2.0,[61 63],59.0,80.0,51.0,82.0,60.0,63.0,71.0,95.0,75.0,86.0
62,91,2.0,0.0,2.0,[61 63],75.0,86.0,60.0,63.0,59.0,80.0,74.0,73.0,71.0,95.0
62,92,2.0,0.0,2.0,[61 63],71.0,95.0,59.0,80.0,75.0,86.0,56.0,124.0,74.0,73.0
62,93,2.0,0.0,2.0,[61 63],74.0,73.0,75.0,86.0,71.0,95.0,76.0,94.0,56.0,124.0
62,94,2.0,0.0,2.0,[61 63],56.0,124.0,71.0,95.0,74.0,73.0,79.0,146.0,76.0,94.0
62,95,2.0,0.0,2.0,[61 63],76.0,94.0,74.0,73.0,56.0,124.0,60.0,117.0,79.0,146.0
62,96,2.0,0.0,2.0,[61 63],79.0,146.0,56.0,124.0,76.0,94.0,51.0,117.0,60.0,117.0
62,97,2.0,0.0,2.0,[61 63],60.0,117.0,76.0,94.0,79.0,146.0,61.0,134.0,51.0,117.0
62,98,2.0,0.0,2.0,[61 63],51.0,117.0,79.0,146.0,60.0,117.0,80.0,156.0,61.0,134.0
62,99,2.0,0.0,2.0,[61 63],61.0,134.0,60.0,117.0,51.0,117.0,72.0,126.0,80.0,156.0
62,100,2.0,0.0,2.0,[61 63],80.0,156.0,51.0,117.0,61.0,134.0,90.0,142.0,72.0,126.0
62,101,2.0,0.0,2.0,[61 63],72.0,126.0,61.0,134.0,80.0,156.0,106.0,148.0,90.0,142.0
62,102,2.0,0.0,2.0,[61 63],90.0,142.0,80.0,156.0,72.0,126.0,132.0,186.0,106.0,148.0
62,103,2.0,0.0,2.0,[61 63],106.0,148.0,72.0,126.0,90.0,142.0,89.0,220.0,132.0,186.0
62,104,2.0,0.0,2.0,[61 63],132.0,186.0,90.0,142.0,106.0,148.0,85.0,337.0,89.0,220.0
62,105,2.0,0.0,2.0,[61 63],89.0,220.0,106.0,148.0,132.0,186.0,87.0,258.0,85.0,337.0
62,106,2.0,0.0,2.0,[61 63],85.0,337.0,132.0,186.0,89.0,220.0,117.0,305.0,87.0,258.0
62,107,2.0,0.0,2.0,[61 63],87.0,258.0,89.0,220.0,85.0,337.0,100.0,366.0,117.0,305.0
62,108,2.0,0.0,2.0,[61 63],117.0,305.0,85.0,337.0,87.0,258.0,102.0,367.0,100.0,366.0
62,109,2.0,0.0,2.0,[61 63],100.0,366.0,87.0,258.0,117.0,305.0,92.0,354.0,102.0,367.0
62,110,2.0,0.0,2.0,[61 63],102.0,367.0,117.0,305.0,100.0,366.0,106.0,278.0,92.0,354.0
62,111,2.0,0.0,2.0,[61 63],92.0,354.0,100.0,366.0,102.0,367.0,97.0,224.0,106.0,278.0
62,112,2.0,0.0,2.0,[61 63],106.0,278.0,102.0,367.0,92.0,354.0,58.0,288.0,97.0,224.0
62,113,2.0,0.0,2.0,[61 63],97.0,224.0,92.0,354.0,106.0,278.0,59.0,258.0,58.0,288.0
62,114,2.0,0.0,2.0,[61 63],58.0,288.0,106.0,278.0,97.0,224.0,63.0,154.0,59.0,258.0
62,115,2.0,0.0,2.0,[61 63],59.0,258.0,97.0,224.0,58.0,288.0,51.0,177.0,63.0,154.0
62,116,2.0,0.0,2.0,[61 63],63.0,154.0,58.0,288.0,59.0,258.0,60.0,197.0,51.0,177.0
62,117,2.0,0.0,2.0,[61 63],51.0,177.0,59.0,258.0,63.0,154.0,43.0,152.0,60.0,197.0
62,118,2.0,0.0,2.0,[61 63],60.0,197.0,63.0,154.0,51.0,177.0,54.0,149.0,43.0,152.0
62,119,2.0,0.0,2.0,[61 63],43.0,152.0,51.0,177.0,60.0,197.0,50.0,167.0,54.0,149.0
62,120,2.0,0.0,2.0,[61 63],54.0,149.0,60.0,197.0,43.0,152.0,50.0,167.0,50.0,167.0
62,121,2.0,0.0,2.0,[61 63],50.0,167.0,43.0,152.0,54.0,149.0,41.0,169.0,50.0,167.0
62,122,2.0,0.0,2.0,[61 63],50.0,167.0,54.0,149.0,50.0,167.0,31.0,133.0,41.0,169.0
62,123,2.0,0.0,2.0,[61 63],41.0,169.0,50.0,167.0,50.0,167.0,33.0,167.0,31.0,133.0
62,124,2.0,0.0,2.0,[61 63],31.0,133.0,50.0,167.0,41.0,169.0,55.0,158.0,33.0,167.0
62,125,2.0,0.0,2.0,[61 63],33.0,167.0,41.0,169.0,31.0,133.0,56.0,179.0,55.0,158.0
62,126,2.0,0.0,2.0,[61 63],55.0,158.0,31.0,133.0,33.0,167.0,28.0,178.0,56.0,179.0
62,127,2.0,0.0,2.0,[61 63],56.0,179.0,33.0,167.0,55.0,158.0,48.0,168.0,28.0,178.0
62,128,2.0,0.0,2.0,[61 63],28.0,178.0,55.0,158.0,56.0,179.0,25.0,131.0,48.0,168.0
62,129,2.0,0.0,2.0,[61 63],48.0,168.0,56.0,179.0,28.0,178.0,23.0,161.0,25.0,131.0
62,130,2.0,0.0,2.0,[61 63],25.0,131.0,28.0,178.0,48.0,168.0,24.0,117.0,23.0,161.0
62,131,2.0,0.0,2.0,[61 63],23.0,161.0,48.0,168.0,25.0,131.0,15.0,125.0,24.0,117.0
62,132,2.0,0.0,2.0,[61 63],24.0,117.0,25.0,131.0,23.0,161.0,26.0,77.0,15.0,125.0
62,133,2.0,0.0,2.0,[61 63],15.0,125.0,23.0,161.0,24.0,117.0,16.0,103.0,26.0,77.0
62,134,2.0,0.0,2.0,[61 63],26.0,77.0,24.0,117.0,15.0,125.0,11.0,83.0,16.0,103.0
62,135,2.0,0.0,2.0,[61 63],16.0,103.0,15.0,125.0,26.0,77.0,7.0,54.0,11.0,83.0
62,136,2.0,0.0,2.0,[61 63],11.0,83.0,26.0,77.0,16.0,103.0,3.0,76.0,7.0,54.0
62,137,2.0,0.0,2.0,[61 63],7.0,54.0,16.0,103.0,11.0,83.0,0.0,39.0,3.0,76.0
62,138,2.0,0.0,2.0,[61 63],3.0,76.0,11.0,83.0,7.0,54.0,0.0,35.0,0.0,39.0
62,139,2.0,0.0,2.0,[61 63],0.0,39.0,7.0,54.0,3.0,76.0,1.0,21.0,0.0,35.0
62,140,2.0,0.0,2.0,[61 63],0.0,35.0,3.0,76.0,0.0,39.0,0.0,6.0,1.0,21.0
62,141,2.0,0.0,2.0,[61 63],1.0,21.0,0.0,39.0,0.0,35.0,0.0,6.0,0.0,6.0
62,142,2.0,0.0,2.0,[61 63],0.0,6.0,0.0,35.0,1.0,21.0,0.0,0.0,0.0,6.0
62,143,2.0,0.0,2.0,[61 63],0.0,6.0,1.0,21.0,0.0,6.0,0.0,0.0,0.0,0.0
63,0,2.0,0.0,2.0,[62 64],0.0,3.0,0.0,0.0,0.0,0.0,0.0,0.0,0.0,2.0
63,1,2.0,0.0,2.0,[62 64],0.0,2.0,0.0,0.0,0.0,3.0,0.0,0.0,0.0,0.0
63,2,2.0,0.0,2.0,[62 64],0.0,0.0,0.0,3.0,0.0,2.0,0.0,0.0,0.0,0.0
63,3,2.0,0.0,2.0,[62 64],0.0,0.0,0.0,2.0,0.0,0.0,0.0,0.0,0.0,0.0
63,4,2.0,0.0,2.0,[62 64],0.0,0.0,0.0,0.0,0.0,0.0,0.0,0.0,0.0,0.0
63,5,2.0,0.0,2.0,[62 64],0.0,0.0,0.0,0.0,0.0,0.0,0.0,0.0,0.0,0.0
63,6,2.0,0.0,2.0,[62 64],0.0,0.0,0.0,0.0,0.0,0.0,0.0,0.0,0.0,0.0
63,7,2.0,0.0,2.0,[62 64],0.0,0.0,0.0,0.0,0.0,0.0,0.0,0.0,0.0,0.0
63,8,2.0,0.0,2.0,[62 64],0.0,0.0,0.0,0.0,0.0,0.0,0.0,0.0,0.0,0.0
63,9,2.0,0.0,2.0,[62 64],0.0,0.0,0.0,0.0,0.0,0.0,0.0,0.0,0.0,0.0
63,10,2.0,0.0,2.0,[62 64],0.0,0.0,0.0,0.0,0.0,0.0,0.0,0.0,0.0,0.0
63,11,2.0,0.0,2.0,[62 64],0.0,0.0,0.0,0.0,0.0,0.0,0.0,0.0,0.0,0.0
63,12,2.0,0.0,2.0,[62 64],0.0,0.0,0.0,0.0,0.0,0.0,0.0,0.0,0.0,0.0
63,13,2.0,0.0,2.0,[62 64],0.0,0.0,0.0,0.0,0.0,0.0,0.0,0.0,0.0,0.0
63,14,2.0,0.0,2.0,[62 64],0.0,0.0,0.0,0.0,0.0,0.0,0.0,0.0,0.0,0.0
63,15,2.0,0.0,2.0,[62 64],0.0,0.0,0.0,0.0,0.0,0.0,0.0,0.0,0.0,0.0
63,16,2.0,0.0,2.0,[62 64],0.0,0.0,0.0,0.0,0.0,0.0,0.0,0.0,0.0,0.0
63,17,2.0,0.0,2.0,[62 64],0.0,0.0,0.0,0.0,0.0,0.0,0.0,0.0,0.0,0.0
63,18,2.0,0.0,2.0,[62 64],0.0,0.0,0.0,0.0,0.0,0.0,0.0,0.0,0.0,0.0
63,19,2.0,0.0,2.0,[62 64],0.0,0.0,0.0,0.0,0.0,0.0,0.0,0.0,0.0,0.0
63,20,2.0,0.0,2.0,[62 64],0.0,0.0,0.0,0.0,0.0,0.0,0.0,0.0,0.0,0.0
63,21,2.0,0.0,2.0,[62 64],0.0,0.0,0.0,0.0,0.0,0.0,0.0,0.0,0.0,0.0
63,22,2.0,0.0,2.0,[62 64],0.0,0.0,0.0,0.0,0.0,0.0,0.0,0.0,0.0,0.0
63,23,2.0,0.0,2.0,[62 64],0.0,0.0,0.0,0.0,0.0,0.0,0.0,0.0,0.0,0.0
63,24,2.0,0.0,2.0,[62 64],0.0,0.0,0.0,0.0,0.0,0.0,0.0,0.0,0.0,0.0
63,25,2.0,0.0,2.0,[62 64],0.0,0.0,0.0,0.0,0.0,0.0,0.0,0.0,0.0,0.0
63,26,2.0,0.0,2.0,[62 64],0.0,0.0,0.0,0.0,0.0,0.0,0.0,0.0,0.0,0.0
63,27,2.0,0.0,2.0,[62 64],0.0,0.0,0.0,0.0,0.0,0.0,0.0,0.0,0.0,0.0
63,28,2.0,0.0,2.0,[62 64],0.0,0.0,0.0,0.0,0.0,0.0,0.0,0.0,0.0,0.0
63,29,2.0,0.0,2.0,[62 64],0.0,0.0,0.0,0.0,0.0,0.0,0.0,0.0,0.0,0.0
63,30,2.0,0.0,2.0,[62 64],0.0,0.0,0.0,0.0,0.0,0.0,0.0,0.0,0.0,0.0
63,31,2.0,0.0,2.0,[62 64],0.0,0.0,0.0,0.0,0.0,0.0,0.0,0.0,0.0,0.0
63,32,2.0,0.0,2.0,[62 64],0.0,0.0,0.0,0.0,0.0,0.0,1.0,0.0,0.0,0.0
63,33,2.0,0.0,2.0,[62 64],0.0,0.0,0.0,0.0,0.0,0.0,21.0,0.0,1.0,0.0
63,34,2.0,0.0,2.0,[62 64],1.0,0.0,0.0,0.0,0.0,0.0,27.0,1.0,21.0,0.0
63,35,2.0,0.0,2.0,[62 64],21.0,0.0,0.0,0.0,1.0,0.0,51.0,5.0,27.0,1.0
63,36,2.0,0.0,2.0,[62 64],27.0,1.0,1.0,0.0,21.0,0.0,42.0,2.0,51.0,5.0
63,37,2.0,0.0,2.0,[62 64],51.0,5.0,21.0,0.0,27.0,1.0,82.0,7.0,42.0,2.0
63,38,2.0,0.0,2.0,[62 64],42.0,2.0,27.0,1.0,51.0,5.0,109.0,23.0,82.0,7.0
63,39,2.0,0.0,2.0,[62 64],82.0,7.0,51.0,5.0,42.0,2.0,167.0,10.0,109.0,23.0
63,40,2.0,0.0,2.0,[62 64],109.0,23.0,42.0,2.0,82.0,7.0,191.0,17.0,167.0,10.0
63,41,2.0,0.0,2.0,[62 64],167.0,10.0,82.0,7.0,109.0,23.0,286.0,19.0,191.0,17.0
63,42,2.0,0.0,2.0,[62 64],191.0,17.0,109.0,23.0,167.0,10.0,358.0,32.0,286.0,19.0
63,43,2.0,0.0,2.0,[62 64],286.0,19.0,167.0,10.0,191.0,17.0,489.0,24.0,358.0,32.0
63,44,2.0,0.0,2.0,[62 64],358.0,32.0,191.0,17.0,286.0,19.0,556.0,48.0,489.0,24.0
63,45,2.0,0.0,2.0,[62 64],489.0,24.0,286.0,19.0,358.0,32.0,556.0,42.0,556.0,48.0
63,46,2.0,0.0,2.0,[62 64],556.0,48.0,358.0,32.0,489.0,24.0,606.0,60.0,556.0,42.0
63,47,2.0,0.0,2.0,[62 64],556.0,42.0,489.0,24.0,556.0,48.0,546.0,57.0,606.0,60.0
63,48,2.0,0.0,2.0,[62 64],606.0,60.0,556.0,48.0,556.0,42.0,453.0,29.0,546.0,57.0
63,49,2.0,0.0,2.0,[62 64],546.0,57.0,556.0,42.0,606.0,60.0,376.0,67.0,453.0,29.0
63,50,2.0,0.0,2.0,[62 64],453.0,29.0,606.0,60.0,546.0,57.0,380.0,57.0,376.0,67.0
63,51,2.0,0.0,2.0,[62 64],376.0,67.0,546.0,57.0,453.0,29.0,269.0,81.0,380.0,57.0
63,52,2.0,0.0,2.0,[62 64],380.0,57.0,453.0,29.0,376.0,67.0,233.0,63.0,269.0,81.0
63,53,2.0,0.0,2.0,[62 64],269.0,81.0,376.0,67.0,380.0,57.0,231.0,58.0,233.0,63.0
63,54,2.0,0.0,2.0,[62 64],233.0,63.0,380.0,57.0,269.0,81.0,153.0,77.0,231.0,58.0
63,55,2.0,0.0,2.0,[62 64],231.0,58.0,269.0,81.0,233.0,63.0,154.0,60.0,153.0,77.0
63,56,2.0,0.0,2.0,[62 64],153.0,77.0,233.0,63.0,231.0,58.0,165.0,47.0,154.0,60.0
63,57,2.0,0.0,2.0,[62 64],154.0,60.0,231.0,58.0,153.0,77.0,139.0,45.0,165.0,47.0
63,58,2.0,0.0,2.0,[62 64],165.0,47.0,153.0,77.0,154.0,60.0,112.0,49.0,139.0,45.0
63,59,2.0,0.0,2.0,[62 64],139.0,45.0,154.0,60.0,165.0,47.0,111.0,60.0,112.0,49.0
63,60,2.0,0.0,2.0,[62 64],112.0,49.0,165.0,47.0,139.0,45.0,92.0,52.0,111.0,60.0
63,61,2.0,0.0,2.0,[62 64],111.0,60.0,139.0,45.0,112.0,49.0,80.0,48.0,92.0,52.0
63,62,2.0,0.0,2.0,[62 64],92.0,52.0,112.0,49.0,111.0,60.0,74.0,61.0,80.0,48.0
63,63,2.0,0.0,2.0,[62 64],80.0,48.0,111.0,60.0,92.0,52.0,77.0,50.0,74.0,61.0
63,64,2.0,0.0,2.0,[62 64],74.0,61.0,92.0,52.0,80.0,48.0,76.0,57.0,77.0,50.0
63,65,2.0,0.0,2.0,[62 64],77.0,50.0,80.0,48.0,74.0,61.0,91.0,59.0,76.0,57.0
63,66,2.0,0.0,2.0,[62 64],76.0,57.0,74.0,61.0,77.0,50.0,81.0,48.0,91.0,59.0
63,67,2.0,0.0,2.0,[62 64],91.0,59.0,77.0,50.0,76.0,57.0,74.0,69.0,81.0,48.0
63,68,2.0,0.0,2.0,[62 64],81.0,48.0,76.0,57.0,91.0,59.0,70.0,68.0,74.0,69.0
63,69,2.0,0.0,2.0,[62 64],74.0,69.0,91.0,59.0,81.0,48.0,95.0,66.0,70.0,68.0
63,70,2.0,0.0,2.0,[62 64],70.0,68.0,81.0,48.0,74.0,69.0,79.0,64.0,95.0,66.0
63,71,2.0,0.0,2.0,[62 64],95.0,66.0,74.0,69.0,70.0,68.0,80.0,50.0,79.0,64.0
63,72,2.0,0.0,2.0,[62 64],79.0,64.0,70.0,68.0,95.0,66.0,69.0,77.0,80.0,50.0
63,73,2.0,0.0,2.0,[62 64],80.0,50.0,95.0,66.0,79.0,64.0,102.0,62.0,69.0,77.0
63,74,2.0,0.0,2.0,[62 64],69.0,77.0,79.0,64.0,80.0,50.0,96.0,71.0,102.0,62.0
63,75,2.0,0.0,2.0,[62 64],102.0,62.0,80.0,50.0,69.0,77.0,94.0,53.0,96.0,71.0
63,76,2.0,0.0,2.0,[62 64],96.0,71.0,69.0,77.0,102.0,62.0,77.0,44.0,94.0,53.0
63,77,2.0,0.0,2.0,[62 64],94.0,53.0,102.0,62.0,96.0,71.0,118.0,59.0,77.0,44.0
63,78,2.0,0.0,2.0,[62 64],77.0,44.0,96.0,71.0,94.0,53.0,104.0,51.0,118.0,59.0
63,79,2.0,0.0,2.0,[62 64],118.0,59.0,94.0,53.0,77.0,44.0,72.0,90.0,104.0,51.0
63,80,2.0,0.0,2.0,[62 64],104.0,51.0,77.0,44.0,118.0,59.0,78.0,65.0,72.0,90.0
63,81,2.0,0.0,2.0,[62 64],72.0,90.0,118.0,59.0,104.0,51.0,57.0,54.0,78.0,65.0
63,82,2.0,0.0,2.0,[62 64],78.0,65.0,104.0,51.0,72.0,90.0,65.0,76.0,57.0,54.0
63,83,2.0,0.0,2.0,[62 64],57.0,54.0,72.0,90.0,78.0,65.0,78.0,74.0,65.0,76.0
63,84,2.0,0.0,2.0,[62 64],65.0,76.0,78.0,65.0,57.0,54.0,47.0,82.0,78.0,74.0
63,85,2.0,0.0,2.0,[62 64],78.0,74.0,57.0,54.0,65.0,76.0,78.0,65.0,47.0,82.0
63,86,2.0,0.0,2.0,[62 64],47.0,82.0,65.0,76.0,78.0,74.0,53.0,82.0,78.0,65.0
63,87,2.0,0.0,2.0,[62 64],78.0,65.0,78.0,74.0,47.0,82.0,48.0,80.0,53.0,82.0
63,88,2.0,0.0,2.0,[62 64],53.0,82.0,47.0,82.0,78.0,65.0,70.0,72.0,48.0,80.0
63,89,2.0,0.0,2.0,[62 64],48.0,80.0,78.0,65.0,53.0,82.0,78.0,74.0,70.0,72.0
63,90,2.0,0.0,2.0,[62 64],70.0,72.0,53.0,82.0,48.0,80.0,71.0,80.0,78.0,74.0
63,91,2.0,0.0,2.0,[62 64],78.0,74.0,48.0,80.0,70.0,72.0,76.0,88.0,71.0,80.0
63,92,2.0,0.0,2.0,[62 64],71.0,80.0,70.0,72.0,78.0,74.0,79.0,74.0,76.0,88.0
63,93,2.0,0.0,2.0,[62 64],76.0,88.0,78.0,74.0,71.0,80.0,79.0,79.0,79.0,74.0
63,94,2.0,0.0,2.0,[62 64],79.0,74.0,71.0,80.0,76.0,88.0,60.0,90.0,79.0,79.0
63,95,2.0,0.0,2.0,[62 64],79.0,79.0,76.0,88.0,79.0,74.0,66.0,87.0,60.0,90.0
63,96,2.0,0.0,2.0,[62 64],60.0,90.0,79.0,74.0,79.0,79.0,70.0,98.0,66.0,87.0
63,97,2.0,0.0,2.0,[62 64],66.0,87.0,79.0,79.0,60.0,90.0,71.0,155.0,70.0,98.0
63,98,2.0,0.0,2.0,[62 64],70.0,98.0,60.0,90.0,66.0,87.0,63.0,101.0,71.0,155.0
63,99,2.0,0.0,2.0,[62 64],71.0,155.0,66.0,87.0,70.0,98.0,85.0,139.0,63.0,101.0
63,100,2.0,0.0,2.0,[62 64],63.0,101.0,70.0,98.0,71.0,155.0,88.0,180.0,85.0,139.0
63,101,2.0,0.0,2.0,[62 64],85.0,139.0,71.0,155.0,63.0,101.0,84.0,169.0,88.0,180.0
63,102,2.0,0.0,2.0,[62 64],88.0,180.0,63.0,101.0,85.0,139.0,76.0,180.0,84.0,169.0
63,103,2.0,0.0,2.0,[62 64],84.0,169.0,85.0,139.0,88.0,180.0,82.0,238.0,76.0,180.0
63,104,2.0,0.0,2.0,[62 64],76.0,180.0,88.0,180.0,84.0,169.0,95.0,231.0,82.0,238.0
63,105,2.0,0.0,2.0,[62 64],82.0,238.0,84.0,169.0,76.0,180.0,96.0,361.0,95.0,231.0
63,106,2.0,0.0,2.0,[62 64],95.0,231.0,76.0,180.0,82.0,238.0,98.0,306.0,96.0,361.0
63,107,2.0,0.0,2.0,[62 64],96.0,361.0,82.0,238.0,95.0,231.0,97.0,315.0,98.0,306.0
63,108,2.0,0.0,2.0,[62 64],98.0,306.0,95.0,231.0,96.0,361.0,98.0,371.0,97.0,315.0
63,109,2.0,0.0,2.0,[62 64],97.0,315.0,96.0,361.0,98.0,306.0,80.0,294.0,98.0,371.0
63,110,2.0,0.0,2.0,[62 64],98.0,371.0,98.0,306.0,97.0,315.0,77.0,333.0,80.0,294.0
63,111,2.0,0.0,2.0,[62 64],80.0,294.0,97.0,315.0,98.0,371.0,81.0,318.0,77.0,333.0
63,112,2.0,0.0,2.0,[62 64],77.0,333.0,98.0,371.0,80.0,294.0,73.0,201.0,81.0,318.0
63,113,2.0,0.0,2.0,[62 64],81.0,318.0,80.0,294.0,77.0,333.0,63.0,225.0,73.0,201.0
63,114,2.0,0.0,2.0,[62 64],73.0,201.0,77.0,333.0,81.0,318.0,81.0,243.0,63.0,225.0
63,115,2.0,0.0,2.0,[62 64],63.0,225.0,81.0,318.0,73.0,201.0,59.0,153.0,81.0,243.0
63,116,2.0,0.0,2.0,[62 64],81.0,243.0,73.0,201.0,63.0,225.0,56.0,173.0,59.0,153.0
63,117,2.0,0.0,2.0,[62 64],59.0,153.0,63.0,225.0,81.0,243.0,41.0,151.0,56.0,173.0
63,118,2.0,0.0,2.0,[62 64],56.0,173.0,81.0,243.0,59.0,153.0,66.0,172.0,41.0,151.0
63,119,2.0,0.0,2.0,[62 64],41.0,151.0,59.0,153.0,56.0,173.0,59.0,144.0,66.0,172.0
63,120,2.0,0.0,2.0,[62 64],66.0,172.0,56.0,173.0,41.0,151.0,57.0,172.0,59.0,144.0
63,121,2.0,0.0,2.0,[62 64],59.0,144.0,41.0,151.0,66.0,172.0,58.0,160.0,57.0,172.0
63,122,2.0,0.0,2.0,[62 64],57.0,172.0,66.0,172.0,59.0,144.0,66.0,121.0,58.0,160.0
63,123,2.0,0.0,2.0,[62 64],58.0,160.0,59.0,144.0,57.0,172.0,46.0,145.0,66.0,121.0
63,124,2.0,0.0,2.0,[62 64],66.0,121.0,57.0,172.0,58.0,160.0,56.0,137.0,46.0,145.0
63,125,2.0,0.0,2.0,[62 64],46.0,145.0,58.0,160.0,66.0,121.0,63.0,137.0,56.0,137.0
63,126,2.0,0.0,2.0,[62 64],56.0,137.0,66.0,121.0,46.0,145.0,48.0,158.0,63.0,137.0
63,127,2.0,0.0,2.0,[62 64],63.0,137.0,46.0,145.0,56.0,137.0,42.0,138.0,48.0,158.0
63,128,2.0,0.0,2.0,[62 64],48.0,158.0,56.0,137.0,63.0,137.0,41.0,136.0,42.0,138.0
63,129,2.0,0.0,2.0,[62 64],42.0,138.0,63.0,137.0,48.0,158.0,30.0,114.0,41.0,136.0
63,130,2.0,0.0,2.0,[62 64],41.0,136.0,48.0,158.0,42.0,138.0,44.0,131.0,30.0,114.0
63,131,2.0,0.0,2.0,[62 64],30.0,114.0,42.0,138.0,41.0,136.0,43.0,79.0,44.0,131.0
63,132,2.0,0.0,2.0,[62 64],44.0,131.0,41.0,136.0,30.0,114.0,30.0,99.0,43.0,79.0
63,133,2.0,0.0,2.0,[62 64],43.0,79.0,30.0,114.0,44.0,131.0,19.0,82.0,30.0,99.0
63,134,2.0,0.0,2.0,[62 64],30.0,99.0,44.0,131.0,43.0,79.0,17.0,45.0,19.0,82.0
63,135,2.0,0.0,2.0,[62 64],19.0,82.0,43.0,79.0,30.0,99.0,17.0,80.0,17.0,45.0
63,136,2.0,0.0,2.0,[62 64],17.0,45.0,30.0,99.0,19.0,82.0,9.0,47.0,17.0,80.0
63,137,2.0,0.0,2.0,[62 64],17.0,80.0,19.0,82.0,17.0,45.0,2.0,52.0,9.0,47.0
63,138,2.0,0.0,2.0,[62 64],9.0,47.0,17.0,45.0,17.0,80.0,2.0,22.0,2.0,52.0
63,139,2.0,0.0,2.0,[62 64],2.0,52.0,17.0,80.0,9.0,47.0,5.0,30.0,2.0,22.0
63,140,2.0,0.0,2.0,[62 64],2.0,22.0,9.0,47.0,2.0,52.0,3.0,22.0,5.0,30.0
63,141,2.0,0.0,2.0,[62 64],5.0,30.0,2.0,52.0,2.0,22.0,1.0,15.0,3.0,22.0
63,142,2.0,0.0,2.0,[62 64],3.0,22.0,2.0,22.0,5.0,30.0,0.0,0.0,1.0,15.0
63,143,2.0,0.0,2.0,[62 64],1.0,15.0,5.0,30.0,3.0,22.0,0.0,0.0,0.0,0.0
64,0,2.0,0.0,2.0,[63 65],0.0,8.0,0.0,0.0,0.0,0.0,0.0,1.0,0.0,2.0
64,1,2.0,0.0,2.0,[63 65],0.0,2.0,0.0,0.0,0.0,8.0,0.0,0.0,0.0,1.0
64,2,2.0,0.0,2.0,[63 65],0.0,1.0,0.0,8.0,0.0,2.0,0.0,0.0,0.0,0.0
64,3,2.0,0.0,2.0,[63 65],0.0,0.0,0.0,2.0,0.0,1.0,0.0,0.0,0.0,0.0
64,4,2.0,0.0,2.0,[63 65],0.0,0.0,0.0,1.0,0.0,0.0,0.0,0.0,0.0,0.0
64,5,2.0,0.0,2.0,[63 65],0.0,0.0,0.0,0.0,0.0,0.0,0.0,0.0,0.0,0.0
64,6,2.0,0.0,2.0,[63 65],0.0,0.0,0.0,0.0,0.0,0.0,0.0,0.0,0.0,0.0
64,7,2.0,0.0,2.0,[63 65],0.0,0.0,0.0,0.0,0.0,0.0,0.0,0.0,0.0,0.0
64,8,2.0,0.0,2.0,[63 65],0.0,0.0,0.0,0.0,0.0,0.0,0.0,0.0,0.0,0.0
64,9,2.0,0.0,2.0,[63 65],0.0,0.0,0.0,0.0,0.0,0.0,0.0,0.0,0.0,0.0
64,10,2.0,0.0,2.0,[63 65],0.0,0.0,0.0,0.0,0.0,0.0,0.0,0.0,0.0,0.0
64,11,2.0,0.0,2.0,[63 65],0.0,0.0,0.0,0.0,0.0,0.0,0.0,0.0,0.0,0.0
64,12,2.0,0.0,2.0,[63 65],0.0,0.0,0.0,0.0,0.0,0.0,0.0,0.0,0.0,0.0
64,13,2.0,0.0,2.0,[63 65],0.0,0.0,0.0,0.0,0.0,0.0,0.0,0.0,0.0,0.0
64,14,2.0,0.0,2.0,[63 65],0.0,0.0,0.0,0.0,0.0,0.0,0.0,0.0,0.0,0.0
64,15,2.0,0.0,2.0,[63 65],0.0,0.0,0.0,0.0,0.0,0.0,0.0,0.0,0.0,0.0
64,16,2.0,0.0,2.0,[63 65],0.0,0.0,0.0,0.0,0.0,0.0,0.0,0.0,0.0,0.0
64,17,2.0,0.0,2.0,[63 65],0.0,0.0,0.0,0.0,0.0,0.0,0.0,0.0,0.0,0.0
64,18,2.0,0.0,2.0,[63 65],0.0,0.0,0.0,0.0,0.0,0.0,0.0,0.0,0.0,0.0
64,19,2.0,0.0,2.0,[63 65],0.0,0.0,0.0,0.0,0.0,0.0,0.0,0.0,0.0,0.0
64,20,2.0,0.0,2.0,[63 65],0.0,0.0,0.0,0.0,0.0,0.0,0.0,0.0,0.0,0.0
64,21,2.0,0.0,2.0,[63 65],0.0,0.0,0.0,0.0,0.0,0.0,0.0,0.0,0.0,0.0
64,22,2.0,0.0,2.0,[63 65],0.0,0.0,0.0,0.0,0.0,0.0,0.0,0.0,0.0,0.0
64,23,2.0,0.0,2.0,[63 65],0.0,0.0,0.0,0.0,0.0,0.0,0.0,0.0,0.0,0.0
64,24,2.0,0.0,2.0,[63 65],0.0,0.0,0.0,0.0,0.0,0.0,0.0,0.0,0.0,0.0
64,25,2.0,0.0,2.0,[63 65],0.0,0.0,0.0,0.0,0.0,0.0,1.0,0.0,0.0,0.0
64,26,2.0,0.0,2.0,[63 65],0.0,0.0,0.0,0.0,0.0,0.0,0.0,1.0,1.0,0.0
64,27,2.0,0.0,2.0,[63 65],1.0,0.0,0.0,0.0,0.0,0.0,0.0,0.0,0.0,1.0
64,28,2.0,0.0,2.0,[63 65],0.0,1.0,0.0,0.0,1.0,0.0,0.0,0.0,0.0,0.0
64,29,2.0,0.0,2.0,[63 65],0.0,0.0,1.0,0.0,0.0,1.0,0.0,0.0,0.0,0.0
64,30,2.0,0.0,2.0,[63 65],0.0,0.0,0.0,1.0,0.0,0.0,0.0,0.0,0.0,0.0
64,31,2.0,0.0,2.0,[63 65],0.0,0.0,0.0,0.0,0.0,0.0,2.0,0.0,0.0,0.0
64,32,2.0,0.0,2.0,[63 65],0.0,0.0,0.0,0.0,0.0,0.0,15.0,0.0,2.0,0.0
64,33,2.0,0.0,2.0,[63 65],2.0,0.0,0.0,0.0,0.0,0.0,14.0,0.0,15.0,0.0
64,34,2.0,0.0,2.0,[63 65],15.0,0.0,0.0,0.0,2.0,0.0,32.0,1.0,14.0,0.0
64,35,2.0,0.0,2.0,[63 65],14.0,0.0,2.0,0.0,15.0,0.0,27.0,0.0,32.0,1.0
64,36,2.0,0.0,2.0,[63 65],32.0,1.0,15.0,0.0,14.0,0.0,40.0,1.0,27.0,0.0
64,37,2.0,0.0,2.0,[63 65],27.0,0.0,14.0,0.0,32.0,1.0,63.0,4.0,40.0,1.0
64,38,2.0,0.0,2.0,[63 65],40.0,1.0,32.0,1.0,27.0,0.0,56.0,4.0,63.0,4.0
64,39,2.0,0.0,2.0,[63 65],63.0,4.0,27.0,0.0,40.0,1.0,91.0,6.0,56.0,4.0
64,40,2.0,0.0,2.0,[63 65],56.0,4.0,40.0,1.0,63.0,4.0,84.0,4.0,91.0,6.0
64,41,2.0,0.0,2.0,[63 65],91.0,6.0,63.0,4.0,56.0,4.0,152.0,8.0,84.0,4.0
64,42,2.0,0.0,2.0,[63 65],84.0,4.0,56.0,4.0,91.0,6.0,187.0,14.0,152.0,8.0
64,43,2.0,0.0,2.0,[63 65],152.0,8.0,91.0,6.0,84.0,4.0,231.0,3.0,187.0,14.0
64,44,2.0,0.0,2.0,[63 65],187.0,14.0,84.0,4.0,152.0,8.0,315.0,2.0,231.0,3.0
64,45,2.0,0.0,2.0,[63 65],231.0,3.0,152.0,8.0,187.0,14.0,319.0,9.0,315.0,2.0
64,46,2.0,0.0,2.0,[63 65],315.0,2.0,187.0,14.0,231.0,3.0,350.0,13.0,319.0,9.0
64,47,2.0,0.0,2.0,[63 65],319.0,9.0,231.0,3.0,315.0,2.0,329.0,20.0,350.0,13.0
64,48,2.0,0.0,2.0,[63 65],350.0,13.0,315.0,2.0,319.0,9.0,285.0,18.0,329.0,20.0
64,49,2.0,0.0,2.0,[63 65],329.0,20.0,319.0,9.0,350.0,13.0,245.0,20.0,285.0,18.0
64,50,2.0,0.0,2.0,[63 65],285.0,18.0,350.0,13.0,329.0,20.0,191.0,22.0,245.0,20.0
64,51,2.0,0.0,2.0,[63 65],245.0,20.0,329.0,20.0,285.0,18.0,168.0,16.0,191.0,22.0
64,52,2.0,0.0,2.0,[63 65],191.0,22.0,285.0,18.0,245.0,20.0,128.0,16.0,168.0,16.0
64,53,2.0,0.0,2.0,[63 65],168.0,16.0,245.0,20.0,191.0,22.0,135.0,23.0,128.0,16.0
64,54,2.0,0.0,2.0,[63 65],128.0,16.0,191.0,22.0,168.0,16.0,111.0,25.0,135.0,23.0
64,55,2.0,0.0,2.0,[63 65],135.0,23.0,168.0,16.0,128.0,16.0,76.0,18.0,111.0,25.0
64,56,2.0,0.0,2.0,[63 65],111.0,25.0,128.0,16.0,135.0,23.0,69.0,23.0,76.0,18.0
64,57,2.0,0.0,2.0,[63 65],76.0,18.0,135.0,23.0,111.0,25.0,52.0,24.0,69.0,23.0
64,58,2.0,0.0,2.0,[63 65],69.0,23.0,111.0,25.0,76.0,18.0,53.0,21.0,52.0,24.0
64,59,2.0,0.0,2.0,[63 65],52.0,24.0,76.0,18.0,69.0,23.0,62.0,19.0,53.0,21.0
64,60,2.0,0.0,2.0,[63 65],53.0,21.0,69.0,23.0,52.0,24.0,47.0,20.0,62.0,19.0
64,61,2.0,0.0,2.0,[63 65],62.0,19.0,52.0,24.0,53.0,21.0,57.0,34.0,47.0,20.0
64,62,2.0,0.0,2.0,[63 65],47.0,20.0,53.0,21.0,62.0,19.0,35.0,29.0,57.0,34.0
64,63,2.0,0.0,2.0,[63 65],57.0,34.0,62.0,19.0,47.0,20.0,34.0,19.0,35.0,29.0
64,64,2.0,0.0,2.0,[63 65],35.0,29.0,47.0,20.0,57.0,34.0,49.0,20.0,34.0,19.0
64,65,2.0,0.0,2.0,[63 65],34.0,19.0,57.0,34.0,35.0,29.0,41.0,17.0,49.0,20.0
64,66,2.0,0.0,2.0,[63 65],49.0,20.0,35.0,29.0,34.0,19.0,44.0,29.0,41.0,17.0
64,67,2.0,0.0,2.0,[63 65],41.0,17.0,34.0,19.0,49.0,20.0,43.0,23.0,44.0,29.0
64,68,2.0,0.0,2.0,[63 65],44.0,29.0,49.0,20.0,41.0,17.0,28.0,18.0,43.0,23.0
64,69,2.0,0.0,2.0,[63 65],43.0,23.0,41.0,17.0,44.0,29.0,37.0,21.0,28.0,18.0
64,70,2.0,0.0,2.0,[63 65],28.0,18.0,44.0,29.0,43.0,23.0,28.0,29.0,37.0,21.0
64,71,2.0,0.0,2.0,[63 65],37.0,21.0,43.0,23.0,28.0,18.0,30.0,19.0,28.0,29.0
64,72,2.0,0.0,2.0,[63 65],28.0,29.0,28.0,18.0,37.0,21.0,44.0,28.0,30.0,19.0
64,73,2.0,0.0,2.0,[63 65],30.0,19.0,37.0,21.0,28.0,29.0,33.0,39.0,44.0,28.0
64,74,2.0,0.0,2.0,[63 65],44.0,28.0,28.0,29.0,30.0,19.0,46.0,27.0,33.0,39.0
64,75,2.0,0.0,2.0,[63 65],33.0,39.0,30.0,19.0,44.0,28.0,51.0,32.0,46.0,27.0
64,76,2.0,0.0,2.0,[63 65],46.0,27.0,44.0,28.0,33.0,39.0,38.0,19.0,51.0,32.0
64,77,2.0,0.0,2.0,[63 65],51.0,32.0,33.0,39.0,46.0,27.0,41.0,34.0,38.0,19.0
64,78,2.0,0.0,2.0,[63 65],38.0,19.0,46.0,27.0,51.0,32.0,55.0,31.0,41.0,34.0
64,79,2.0,0.0,2.0,[63 65],41.0,34.0,51.0,32.0,38.0,19.0,33.0,30.0,55.0,31.0
64,80,2.0,0.0,2.0,[63 65],55.0,31.0,38.0,19.0,41.0,34.0,22.0,20.0,33.0,30.0
64,81,2.0,0.0,2.0,[63 65],33.0,30.0,41.0,34.0,55.0,31.0,26.0,35.0,22.0,20.0
64,82,2.0,0.0,2.0,[63 65],22.0,20.0,55.0,31.0,33.0,30.0,20.0,28.0,26.0,35.0
64,83,2.0,0.0,2.0,[63 65],26.0,35.0,33.0,30.0,22.0,20.0,31.0,22.0,20.0,28.0
64,84,2.0,0.0,2.0,[63 65],20.0,28.0,22.0,20.0,26.0,35.0,30.0,26.0,31.0,22.0
64,85,2.0,0.0,2.0,[63 65],31.0,22.0,26.0,35.0,20.0,28.0,28.0,14.0,30.0,26.0
64,86,2.0,0.0,2.0,[63 65],30.0,26.0,20.0,28.0,31.0,22.0,14.0,15.0,28.0,14.0
64,87,2.0,0.0,2.0,[63 65],28.0,14.0,31.0,22.0,30.0,26.0,24.0,36.0,14.0,15.0
64,88,2.0,0.0,2.0,[63 65],14.0,15.0,30.0,26.0,28.0,14.0,22.0,27.0,24.0,36.0
64,89,2.0,0.0,2.0,[63 65],24.0,36.0,28.0,14.0,14.0,15.0,26.0,25.0,22.0,27.0
64,90,2.0,0.0,2.0,[63 65],22.0,27.0,14.0,15.0,24.0,36.0,27.0,40.0,26.0,25.0
64,91,2.0,0.0,2.0,[63 65],26.0,25.0,24.0,36.0,22.0,27.0,22.0,37.0,27.0,40.0
64,92,2.0,0.0,2.0,[63 65],27.0,40.0,22.0,27.0,26.0,25.0,15.0,43.0,22.0,37.0
64,93,2.0,0.0,2.0,[63 65],22.0,37.0,26.0,25.0,27.0,40.0,16.0,41.0,15.0,43.0
64,94,2.0,0.0,2.0,[63 65],15.0,43.0,27.0,40.0,22.0,37.0,11.0,49.0,16.0,41.0
64,95,2.0,0.0,2.0,[63 65],16.0,41.0,22.0,37.0,15.0,43.0,27.0,39.0,11.0,49.0
64,96,2.0,0.0,2.0,[63 65],11.0,49.0,15.0,43.0,16.0,41.0,24.0,61.0,27.0,39.0
64,97,2.0,0.0,2.0,[63 65],27.0,39.0,16.0,41.0,11.0,49.0,22.0,45.0,24.0,61.0
64,98,2.0,0.0,2.0,[63 65],24.0,61.0,11.0,49.0,27.0,39.0,39.0,72.0,22.0,45.0
64,99,2.0,0.0,2.0,[63 65],22.0,45.0,27.0,39.0,24.0,61.0,33.0,53.0,39.0,72.0
64,100,2.0,0.0,2.0,[63 65],39.0,72.0,24.0,61.0,22.0,45.0,27.0,75.0,33.0,53.0
64,101,2.0,0.0,2.0,[63 65],33.0,53.0,22.0,45.0,39.0,72.0,22.0,64.0,27.0,75.0
64,102,2.0,0.0,2.0,[63 65],27.0,75.0,39.0,72.0,33.0,53.0,23.0,80.0,22.0,64.0
64,103,2.0,0.0,2.0,[63 65],22.0,64.0,33.0,53.0,27.0,75.0,28.0,89.0,23.0,80.0
64,104,2.0,0.0,2.0,[63 65],23.0,80.0,27.0,75.0,22.0,64.0,13.0,105.0,28.0,89.0
64,105,2.0,0.0,2.0,[63 65],28.0,89.0,22.0,64.0,23.0,80.0,23.0,146.0,13.0,105.0
64,106,2.0,0.0,2.0,[63 65],13.0,105.0,23.0,80.0,28.0,89.0,22.0,197.0,23.0,146.0
64,107,2.0,0.0,2.0,[63 65],23.0,146.0,28.0,89.0,13.0,105.0,21.0,176.0,22.0,197.0
64,108,2.0,0.0,2.0,[63 65],22.0,197.0,13.0,105.0,23.0,146.0,20.0,154.0,21.0,176.0
64,109,2.0,0.0,2.0,[63 65],21.0,176.0,23.0,146.0,22.0,197.0,21.0,209.0,20.0,154.0
64,110,2.0,0.0,2.0,[63 65],20.0,154.0,22.0,197.0,21.0,176.0,28.0,168.0,21.0,209.0
64,111,2.0,0.0,2.0,[63 65],21.0,209.0,21.0,176.0,20.0,154.0,23.0,167.0,28.0,168.0
64,112,2.0,0.0,2.0,[63 65],28.0,168.0,20.0,154.0,21.0,209.0,15.0,158.0,23.0,167.0
64,113,2.0,0.0,2.0,[63 65],23.0,167.0,21.0,209.0,28.0,168.0,25.0,166.0,15.0,158.0
64,114,2.0,0.0,2.0,[63 65],15.0,158.0,28.0,168.0,23.0,167.0,31.0,141.0,25.0,166.0
64,115,2.0,0.0,2.0,[63 65],25.0,166.0,23.0,167.0,15.0,158.0,15.0,96.0,31.0,141.0
64,116,2.0,0.0,2.0,[63 65],31.0,141.0,15.0,158.0,25.0,166.0,22.0,106.0,15.0,96.0
64,117,2.0,0.0,2.0,[63 65],15.0,96.0,25.0,166.0,31.0,141.0,16.0,87.0,22.0,106.0
64,118,2.0,0.0,2.0,[63 65],22.0,106.0,31.0,141.0,15.0,96.0,8.0,81.0,16.0,87.0
64,119,2.0,0.0,2.0,[63 65],16.0,87.0,15.0,96.0,22.0,106.0,15.0,78.0,8.0,81.0
64,120,2.0,0.0,2.0,[63 65],8.0,81.0,22.0,106.0,16.0,87.0,11.0,95.0,15.0,78.0
64,121,2.0,0.0,2.0,[63 65],15.0,78.0,16.0,87.0,8.0,81.0,14.0,110.0,11.0,95.0
64,122,2.0,0.0,2.0,[63 65],11.0,95.0,8.0,81.0,15.0,78.0,12.0,88.0,14.0,110.0
64,123,2.0,0.0,2.0,[63 65],14.0,110.0,15.0,78.0,11.0,95.0,20.0,104.0,12.0,88.0
64,124,2.0,0.0,2.0,[63 65],12.0,88.0,11.0,95.0,14.0,110.0,13.0,73.0,20.0,104.0
64,125,2.0,0.0,2.0,[63 65],20.0,104.0,14.0,110.0,12.0,88.0,7.0,117.0,13.0,73.0
64,126,2.0,0.0,2.0,[63 65],13.0,73.0,12.0,88.0,20.0,104.0,10.0,69.0,7.0,117.0
64,127,2.0,0.0,2.0,[63 65],7.0,117.0,20.0,104.0,13.0,73.0,6.0,90.0,10.0,69.0
64,128,2.0,0.0,2.0,[63 65],10.0,69.0,13.0,73.0,7.0,117.0,13.0,97.0,6.0,90.0
64,129,2.0,0.0,2.0,[63 65],6.0,90.0,7.0,117.0,10.0,69.0,5.0,63.0,13.0,97.0
64,130,2.0,0.0,2.0,[63 65],13.0,97.0,10.0,69.0,6.0,90.0,2.0,64.0,5.0,63.0
64,131,2.0,0.0,2.0,[63 65],5.0,63.0,6.0,90.0,13.0,97.0,4.0,66.0,2.0,64.0
64,132,2.0,0.0,2.0,[63 65],2.0,64.0,13.0,97.0,5.0,63.0,5.0,80.0,4.0,66.0
64,133,2.0,0.0,2.0,[63 65],4.0,66.0,5.0,63.0,2.0,64.0,6.0,22.0,5.0,80.0
64,134,2.0,0.0,2.0,[63 65],5.0,80.0,2.0,64.0,4.0,66.0,5.0,66.0,6.0,22.0
64,135,2.0,0.0,2.0,[63 65],6.0,22.0,4.0,66.0,5.0,80.0,5.0,59.0,5.0,66.0
64,136,2.0,0.0,2.0,[63 65],5.0,66.0,5.0,80.0,6.0,22.0,1.0,46.0,5.0,59.0
64,137,2.0,0.0,2.0,[63 65],5.0,59.0,6.0,22.0,5.0,66.0,1.0,25.0,1.0,46.0
64,138,2.0,0.0,2.0,[63 65],1.0,46.0,5.0,66.0,5.0,59.0,0.0,34.0,1.0,25.0
64,139,2.0,0.0,2.0,[63 65],1.0,25.0,5.0,59.0,1.0,46.0,0.0,6.0,0.0,34.0
64,140,2.0,0.0,2.0,[63 65],0.0,34.0,1.0,46.0,1.0,25.0,0.0,7.0,0.0,6.0
64,141,2.0,0.0,2.0,[63 65],0.0,6.0,1.0,25.0,0.0,34.0,0.0,11.0,0.0,7.0
64,142,2.0,0.0,2.0,[63 65],0.0,7.0,0.0,34.0,0.0,6.0,0.0,0.0,0.0,11.0
64,143,2.0,0.0,2.0,[63 65],0.0,11.0,0.0,6.0,0.0,7.0,0.0,0.0,0.0,0.0
65,0,2.0,0.0,2.0,[64 66],0.0,9.0,0.0,0.0,0.0,0.0,0.0,3.0,0.0,9.0
65,1,2.0,0.0,2.0,[64 66],0.0,9.0,0.0,0.0,0.0,9.0,0.0,0.0,0.0,3.0
65,2,2.0,0.0,2.0,[64 66],0.0,3.0,0.0,9.0,0.0,9.0,0.0,0.0,0.0,0.0
65,3,2.0,0.0,2.0,[64 66],0.0,0.0,0.0,9.0,0.0,3.0,0.0,0.0,0.0,0.0
65,4,2.0,0.0,2.0,[64 66],0.0,0.0,0.0,3.0,0.0,0.0,0.0,0.0,0.0,0.0
65,5,2.0,0.0,2.0,[64 66],0.0,0.0,0.0,0.0,0.0,0.0,0.0,0.0,0.0,0.0
65,6,2.0,0.0,2.0,[64 66],0.0,0.0,0.0,0.0,0.0,0.0,0.0,0.0,0.0,0.0
65,7,2.0,0.0,2.0,[64 66],0.0,0.0,0.0,0.0,0.0,0.0,0.0,0.0,0.0,0.0
65,8,2.0,0.0,2.0,[64 66],0.0,0.0,0.0,0.0,0.0,0.0,0.0,0.0,0.0,0.0
65,9,2.0,0.0,2.0,[64 66],0.0,0.0,0.0,0.0,0.0,0.0,0.0,0.0,0.0,0.0
65,10,2.0,0.0,2.0,[64 66],0.0,0.0,0.0,0.0,0.0,0.0,0.0,0.0,0.0,0.0
65,11,2.0,0.0,2.0,[64 66],0.0,0.0,0.0,0.0,0.0,0.0,0.0,0.0,0.0,0.0
65,12,2.0,0.0,2.0,[64 66],0.0,0.0,0.0,0.0,0.0,0.0,0.0,0.0,0.0,0.0
65,13,2.0,0.0,2.0,[64 66],0.0,0.0,0.0,0.0,0.0,0.0,0.0,0.0,0.0,0.0
65,14,2.0,0.0,2.0,[64 66],0.0,0.0,0.0,0.0,0.0,0.0,0.0,0.0,0.0,0.0
65,15,2.0,0.0,2.0,[64 66],0.0,0.0,0.0,0.0,0.0,0.0,0.0,0.0,0.0,0.0
65,16,2.0,0.0,2.0,[64 66],0.0,0.0,0.0,0.0,0.0,0.0,0.0,0.0,0.0,0.0
65,17,2.0,0.0,2.0,[64 66],0.0,0.0,0.0,0.0,0.0,0.0,0.0,0.0,0.0,0.0
65,18,2.0,0.0,2.0,[64 66],0.0,0.0,0.0,0.0,0.0,0.0,0.0,0.0,0.0,0.0
65,19,2.0,0.0,2.0,[64 66],0.0,0.0,0.0,0.0,0.0,0.0,0.0,0.0,0.0,0.0
65,20,2.0,0.0,2.0,[64 66],0.0,0.0,0.0,0.0,0.0,0.0,0.0,0.0,0.0,0.0
65,21,2.0,0.0,2.0,[64 66],0.0,0.0,0.0,0.0,0.0,0.0,0.0,0.0,0.0,0.0
65,22,2.0,0.0,2.0,[64 66],0.0,0.0,0.0,0.0,0.0,0.0,0.0,0.0,0.0,0.0
65,23,2.0,0.0,2.0,[64 66],0.0,0.0,0.0,0.0,0.0,0.0,0.0,0.0,0.0,0.0
65,24,2.0,0.0,2.0,[64 66],0.0,0.0,0.0,0.0,0.0,0.0,0.0,0.0,0.0,0.0
65,25,2.0,0.0,2.0,[64 66],0.0,0.0,0.0,0.0,0.0,0.0,0.0,0.0,0.0,0.0
65,26,2.0,0.0,2.0,[64 66],0.0,0.0,0.0,0.0,0.0,0.0,0.0,0.0,0.0,0.0
65,27,2.0,0.0,2.0,[64 66],0.0,0.0,0.0,0.0,0.0,0.0,0.0,0.0,0.0,0.0
65,28,2.0,0.0,2.0,[64 66],0.0,0.0,0.0,0.0,0.0,0.0,0.0,0.0,0.0,0.0
65,29,2.0,0.0,2.0,[64 66],0.0,0.0,0.0,0.0,0.0,0.0,0.0,0.0,0.0,0.0
65,30,2.0,0.0,2.0,[64 66],0.0,0.0,0.0,0.0,0.0,0.0,0.0,0.0,0.0,0.0
65,31,2.0,0.0,2.0,[64 66],0.0,0.0,0.0,0.0,0.0,0.0,1.0,0.0,0.0,0.0
65,32,2.0,0.0,2.0,[64 66],0.0,0.0,0.0,0.0,0.0,0.0,14.0,0.0,1.0,0.0
65,33,2.0,0.0,2.0,[64 66],1.0,0.0,0.0,0.0,0.0,0.0,34.0,0.0,14.0,0.0
65,34,2.0,0.0,2.0,[64 66],14.0,0.0,0.0,0.0,1.0,0.0,23.0,0.0,34.0,0.0
65,35,2.0,0.0,2.0,[64 66],34.0,0.0,1.0,0.0,14.0,0.0,30.0,0.0,23.0,0.0
65,36,2.0,0.0,2.0,[64 66],23.0,0.0,14.0,0.0,34.0,0.0,62.0,4.0,30.0,0.0
65,37,2.0,0.0,2.0,[64 66],30.0,0.0,34.0,0.0,23.0,0.0,85.0,3.0,62.0,4.0
65,38,2.0,0.0,2.0,[64 66],62.0,4.0,23.0,0.0,30.0,0.0,94.0,8.0,85.0,3.0
65,39,2.0,0.0,2.0,[64 66],85.0,3.0,30.0,0.0,62.0,4.0,84.0,4.0,94.0,8.0
65,40,2.0,0.0,2.0,[64 66],94.0,8.0,62.0,4.0,85.0,3.0,194.0,21.0,84.0,4.0
65,41,2.0,0.0,2.0,[64 66],84.0,4.0,85.0,3.0,94.0,8.0,209.0,14.0,194.0,21.0
65,42,2.0,0.0,2.0,[64 66],194.0,21.0,94.0,8.0,84.0,4.0,318.0,21.0,209.0,14.0
65,43,2.0,0.0,2.0,[64 66],209.0,14.0,84.0,4.0,194.0,21.0,337.0,16.0,318.0,21.0
65,44,2.0,0.0,2.0,[64 66],318.0,21.0,194.0,21.0,209.0,14.0,270.0,30.0,337.0,16.0
65,45,2.0,0.0,2.0,[64 66],337.0,16.0,209.0,14.0,318.0,21.0,388.0,35.0,270.0,30.0
65,46,2.0,0.0,2.0,[64 66],270.0,30.0,318.0,21.0,337.0,16.0,315.0,51.0,388.0,35.0
65,47,2.0,0.0,2.0,[64 66],388.0,35.0,337.0,16.0,270.0,30.0,299.0,59.0,315.0,51.0
65,48,2.0,0.0,2.0,[64 66],315.0,51.0,270.0,30.0,388.0,35.0,252.0,54.0,299.0,59.0
65,49,2.0,0.0,2.0,[64 66],299.0,59.0,388.0,35.0,315.0,51.0,238.0,69.0,252.0,54.0
65,50,2.0,0.0,2.0,[64 66],252.0,54.0,315.0,51.0,299.0,59.0,214.0,90.0,238.0,69.0
65,51,2.0,0.0,2.0,[64 66],238.0,69.0,299.0,59.0,252.0,54.0,197.0,70.0,214.0,90.0
65,52,2.0,0.0,2.0,[64 66],214.0,90.0,252.0,54.0,238.0,69.0,165.0,79.0,197.0,70.0
65,53,2.0,0.0,2.0,[64 66],197.0,70.0,238.0,69.0,214.0,90.0,153.0,57.0,165.0,79.0
65,54,2.0,0.0,2.0,[64 66],165.0,79.0,214.0,90.0,197.0,70.0,150.0,51.0,153.0,57.0
65,55,2.0,0.0,2.0,[64 66],153.0,57.0,197.0,70.0,165.0,79.0,137.0,60.0,150.0,51.0
65,56,2.0,0.0,2.0,[64 66],150.0,51.0,165.0,79.0,153.0,57.0,120.0,52.0,137.0,60.0
65,57,2.0,0.0,2.0,[64 66],137.0,60.0,153.0,57.0,150.0,51.0,148.0,75.0,120.0,52.0
65,58,2.0,0.0,2.0,[64 66],120.0,52.0,150.0,51.0,137.0,60.0,114.0,80.0,148.0,75.0
65,59,2.0,0.0,2.0,[64 66],148.0,75.0,137.0,60.0,120.0,52.0,106.0,74.0,114.0,80.0
65,60,2.0,0.0,2.0,[64 66],114.0,80.0,120.0,52.0,148.0,75.0,113.0,58.0,106.0,74.0
65,61,2.0,0.0,2.0,[64 66],106.0,74.0,148.0,75.0,114.0,80.0,91.0,61.0,113.0,58.0
65,62,2.0,0.0,2.0,[64 66],113.0,58.0,114.0,80.0,106.0,74.0,78.0,83.0,91.0,61.0
65,63,2.0,0.0,2.0,[64 66],91.0,61.0,106.0,74.0,113.0,58.0,77.0,61.0,78.0,83.0
65,64,2.0,0.0,2.0,[64 66],78.0,83.0,113.0,58.0,91.0,61.0,89.0,92.0,77.0,61.0
65,65,2.0,0.0,2.0,[64 66],77.0,61.0,91.0,61.0,78.0,83.0,60.0,66.0,89.0,92.0
65,66,2.0,0.0,2.0,[64 66],89.0,92.0,78.0,83.0,77.0,61.0,90.0,71.0,60.0,66.0
65,67,2.0,0.0,2.0,[64 66],60.0,66.0,77.0,61.0,89.0,92.0,102.0,63.0,90.0,71.0
65,68,2.0,0.0,2.0,[64 66],90.0,71.0,89.0,92.0,60.0,66.0,65.0,77.0,102.0,63.0
65,69,2.0,0.0,2.0,[64 66],102.0,63.0,60.0,66.0,90.0,71.0,108.0,68.0,65.0,77.0
65,70,2.0,0.0,2.0,[64 66],65.0,77.0,90.0,71.0,102.0,63.0,73.0,76.0,108.0,68.0
65,71,2.0,0.0,2.0,[64 66],108.0,68.0,102.0,63.0,65.0,77.0,65.0,102.0,73.0,76.0
65,72,2.0,0.0,2.0,[64 66],73.0,76.0,65.0,77.0,108.0,68.0,105.0,78.0,65.0,102.0
65,73,2.0,0.0,2.0,[64 66],65.0,102.0,108.0,68.0,73.0,76.0,88.0,62.0,105.0,78.0
65,74,2.0,0.0,2.0,[64 66],105.0,78.0,73.0,76.0,65.0,102.0,91.0,99.0,88.0,62.0
65,75,2.0,0.0,2.0,[64 66],88.0,62.0,65.0,102.0,105.0,78.0,86.0,65.0,91.0,99.0
65,76,2.0,0.0,2.0,[64 66],91.0,99.0,105.0,78.0,88.0,62.0,70.0,82.0,86.0,65.0
65,77,2.0,0.0,2.0,[64 66],86.0,65.0,88.0,62.0,91.0,99.0,93.0,67.0,70.0,82.0
65,78,2.0,0.0,2.0,[64 66],70.0,82.0,91.0,99.0,86.0,65.0,89.0,69.0,93.0,67.0
65,79,2.0,0.0,2.0,[64 66],93.0,67.0,86.0,65.0,70.0,82.0,74.0,63.0,89.0,69.0
65,80,2.0,0.0,2.0,[64 66],89.0,69.0,70.0,82.0,93.0,67.0,107.0,56.0,74.0,63.0
65,81,2.0,0.0,2.0,[64 66],74.0,63.0,93.0,67.0,89.0,69.0,72.0,67.0,107.0,56.0
65,82,2.0,0.0,2.0,[64 66],107.0,56.0,89.0,69.0,74.0,63.0,68.0,47.0,72.0,67.0
65,83,2.0,0.0,2.0,[64 66],72.0,67.0,74.0,63.0,107.0,56.0,70.0,61.0,68.0,47.0
65,84,2.0,0.0,2.0,[64 66],68.0,47.0,107.0,56.0,72.0,67.0,67.0,89.0,70.0,61.0
65,85,2.0,0.0,2.0,[64 66],70.0,61.0,72.0,67.0,68.0,47.0,73.0,96.0,67.0,89.0
65,86,2.0,0.0,2.0,[64 66],67.0,89.0,68.0,47.0,70.0,61.0,44.0,106.0,73.0,96.0
65,87,2.0,0.0,2.0,[64 66],73.0,96.0,70.0,61.0,67.0,89.0,54.0,80.0,44.0,106.0
65,88,2.0,0.0,2.0,[64 66],44.0,106.0,67.0,89.0,73.0,96.0,54.0,98.0,54.0,80.0
65,89,2.0,0.0,2.0,[64 66],54.0,80.0,73.0,96.0,44.0,106.0,64.0,117.0,54.0,98.0
65,90,2.0,0.0,2.0,[64 66],54.0,98.0,44.0,106.0,54.0,80.0,39.0,113.0,64.0,117.0
65,91,2.0,0.0,2.0,[64 66],64.0,117.0,54.0,80.0,54.0,98.0,60.0,104.0,39.0,113.0
65,92,2.0,0.0,2.0,[64 66],39.0,113.0,54.0,98.0,64.0,117.0,59.0,95.0,60.0,104.0
65,93,2.0,0.0,2.0,[64 66],60.0,104.0,64.0,117.0,39.0,113.0,78.0,125.0,59.0,95.0
65,94,2.0,0.0,2.0,[64 66],59.0,95.0,39.0,113.0,60.0,104.0,48.0,113.0,78.0,125.0
65,95,2.0,0.0,2.0,[64 66],78.0,125.0,60.0,104.0,59.0,95.0,73.0,106.0,48.0,113.0
65,96,2.0,0.0,2.0,[64 66],48.0,113.0,59.0,95.0,78.0,125.0,79.0,118.0,73.0,106.0
65,97,2.0,0.0,2.0,[64 66],73.0,106.0,78.0,125.0,48.0,113.0,83.0,126.0,79.0,118.0
65,98,2.0,0.0,2.0,[64 66],79.0,118.0,48.0,113.0,73.0,106.0,61.0,134.0,83.0,126.0
65,99,2.0,0.0,2.0,[64 66],83.0,126.0,73.0,106.0,79.0,118.0,94.0,135.0,61.0,134.0
65,100,2.0,0.0,2.0,[64 66],61.0,134.0,79.0,118.0,83.0,126.0,77.0,168.0,94.0,135.0
65,101,2.0,0.0,2.0,[64 66],94.0,135.0,83.0,126.0,61.0,134.0,93.0,148.0,77.0,168.0
65,102,2.0,0.0,2.0,[64 66],77.0,168.0,61.0,134.0,94.0,135.0,80.0,216.0,93.0,148.0
65,103,2.0,0.0,2.0,[64 66],93.0,148.0,94.0,135.0,77.0,168.0,77.0,201.0,80.0,216.0
65,104,2.0,0.0,2.0,[64 66],80.0,216.0,77.0,168.0,93.0,148.0,87.0,185.0,77.0,201.0
65,105,2.0,0.0,2.0,[64 66],77.0,201.0,93.0,148.0,80.0,216.0,68.0,187.0,87.0,185.0
65,106,2.0,0.0,2.0,[64 66],87.0,185.0,80.0,216.0,77.0,201.0,78.0,232.0,68.0,187.0
65,107,2.0,0.0,2.0,[64 66],68.0,187.0,77.0,201.0,87.0,185.0,85.0,293.0,78.0,232.0
65,108,2.0,0.0,2.0,[64 66],78.0,232.0,87.0,185.0,68.0,187.0,66.0,283.0,85.0,293.0
65,109,2.0,0.0,2.0,[64 66],85.0,293.0,68.0,187.0,78.0,232.0,81.0,236.0,66.0,283.0
65,110,2.0,0.0,2.0,[64 66],66.0,283.0,78.0,232.0,85.0,293.0,55.0,206.0,81.0,236.0
65,111,2.0,0.0,2.0,[64 66],81.0,236.0,85.0,293.0,66.0,283.0,53.0,212.0,55.0,206.0
65,112,2.0,0.0,2.0,[64 66],55.0,206.0,66.0,283.0,81.0,236.0,57.0,195.0,53.0,212.0
65,113,2.0,0.0,2.0,[64 66],53.0,212.0,81.0,236.0,55.0,206.0,59.0,126.0,57.0,195.0
65,114,2.0,0.0,2.0,[64 66],57.0,195.0,55.0,206.0,53.0,212.0,42.0,122.0,59.0,126.0
65,115,2.0,0.0,2.0,[64 66],59.0,126.0,53.0,212.0,57.0,195.0,45.0,155.0,42.0,122.0
65,116,2.0,0.0,2.0,[64 66],42.0,122.0,57.0,195.0,59.0,126.0,38.0,107.0,45.0,155.0
65,117,2.0,0.0,2.0,[64 66],45.0,155.0,59.0,126.0,42.0,122.0,52.0,117.0,38.0,107.0
65,118,2.0,0.0,2.0,[64 66],38.0,107.0,42.0,122.0,45.0,155.0,41.0,122.0,52.0,117.0
65,119,2.0,0.0,2.0,[64 66],52.0,117.0,45.0,155.0,38.0,107.0,52.0,98.0,41.0,122.0
65,120,2.0,0.0,2.0,[64 66],41.0,122.0,38.0,107.0,52.0,117.0,55.0,128.0,52.0,98.0
65,121,2.0,0.0,2.0,[64 66],52.0,98.0,52.0,117.0,41.0,122.0,52.0,82.0,55.0,128.0
65,122,2.0,0.0,2.0,[64 66],55.0,128.0,41.0,122.0,52.0,98.0,82.0,82.0,52.0,82.0
65,123,2.0,0.0,2.0,[64 66],52.0,82.0,52.0,98.0,55.0,128.0,44.0,89.0,82.0,82.0
65,124,2.0,0.0,2.0,[64 66],82.0,82.0,55.0,128.0,52.0,82.0,56.0,90.0,44.0,89.0
65,125,2.0,0.0,2.0,[64 66],44.0,89.0,52.0,82.0,82.0,82.0,45.0,100.0,56.0,90.0
65,126,2.0,0.0,2.0,[64 66],56.0,90.0,82.0,82.0,44.0,89.0,38.0,84.0,45.0,100.0
65,127,2.0,0.0,2.0,[64 66],45.0,100.0,44.0,89.0,56.0,90.0,40.0,90.0,38.0,84.0
65,128,2.0,0.0,2.0,[64 66],38.0,84.0,56.0,90.0,45.0,100.0,27.0,79.0,40.0,90.0
65,129,2.0,0.0,2.0,[64 66],40.0,90.0,45.0,100.0,38.0,84.0,31.0,78.0,27.0,79.0
65,130,2.0,0.0,2.0,[64 66],27.0,79.0,38.0,84.0,40.0,90.0,37.0,69.0,31.0,78.0
65,131,2.0,0.0,2.0,[64 66],31.0,78.0,40.0,90.0,27.0,79.0,25.0,59.0,37.0,69.0
65,132,2.0,0.0,2.0,[64 66],37.0,69.0,27.0,79.0,31.0,78.0,12.0,66.0,25.0,59.0
65,133,2.0,0.0,2.0,[64 66],25.0,59.0,31.0,78.0,37.0,69.0,9.0,73.0,12.0,66.0
65,134,2.0,0.0,2.0,[64 66],12.0,66.0,37.0,69.0,25.0,59.0,9.0,35.0,9.0,73.0
65,135,2.0,0.0,2.0,[64 66],9.0,73.0,25.0,59.0,12.0,66.0,4.0,72.0,9.0,35.0
65,136,2.0,0.0,2.0,[64 66],9.0,35.0,12.0,66.0,9.0,73.0,2.0,21.0,4.0,72.0
65,137,2.0,0.0,2.0,[64 66],4.0,72.0,9.0,73.0,9.0,35.0,0.0,22.0,2.0,21.0
65,138,2.0,0.0,2.0,[64 66],2.0,21.0,9.0,35.0,4.0,72.0,0.0,24.0,0.0,22.0
65,139,2.0,0.0,2.0,[64 66],0.0,22.0,4.0,72.0,2.0,21.0,0.0,28.0,0.0,24.0
65,140,2.0,0.0,2.0,[64 66],0.0,24.0,2.0,21.0,0.0,22.0,0.0,10.0,0.0,28.0
65,141,2.0,0.0,2.0,[64 66],0.0,28.0,0.0,22.0,0.0,24.0,0.0,5.0,0.0,10.0
65,142,2.0,0.0,2.0,[64 66],0.0,10.0,0.0,24.0,0.0,28.0,0.0,0.0,0.0,5.0
65,143,2.0,0.0,2.0,[64 66],0.0,5.0,0.0,28.0,0.0,10.0,0.0,0.0,0.0,0.0
66,0,2.0,0.0,1.0,[65],0.0,7.0,0.0,0.0,0.0,0.0,0.0,0.0,0.0,2.0
66,1,2.0,0.0,1.0,[65],0.0,2.0,0.0,0.0,0.0,7.0,0.0,0.0,0.0,0.0
66,2,2.0,0.0,1.0,[65],0.0,0.0,0.0,7.0,0.0,2.0,0.0,0.0,0.0,0.0
66,3,2.0,0.0,1.0,[65],0.0,0.0,0.0,2.0,0.0,0.0,0.0,0.0,0.0,0.0
66,4,2.0,0.0,1.0,[65],0.0,0.0,0.0,0.0,0.0,0.0,0.0,0.0,0.0,0.0
66,5,2.0,0.0,1.0,[65],0.0,0.0,0.0,0.0,0.0,0.0,0.0,0.0,0.0,0.0
66,6,2.0,0.0,1.0,[65],0.0,0.0,0.0,0.0,0.0,0.0,0.0,0.0,0.0,0.0
66,7,2.0,0.0,1.0,[65],0.0,0.0,0.0,0.0,0.0,0.0,0.0,0.0,0.0,0.0
66,8,2.0,0.0,1.0,[65],0.0,0.0,0.0,0.0,0.0,0.0,0.0,0.0,0.0,0.0
66,9,2.0,0.0,1.0,[65],0.0,0.0,0.0,0.0,0.0,0.0,0.0,0.0,0.0,0.0
66,10,2.0,0.0,1.0,[65],0.0,0.0,0.0,0.0,0.0,0.0,0.0,0.0,0.0,0.0
66,11,2.0,0.0,1.0,[65],0.0,0.0,0.0,0.0,0.0,0.0,0.0,0.0,0.0,0.0
66,12,2.0,0.0,1.0,[65],0.0,0.0,0.0,0.0,0.0,0.0,0.0,0.0,0.0,0.0
66,13,2.0,0.0,1.0,[65],0.0,0.0,0.0,0.0,0.0,0.0,0.0,0.0,0.0,0.0
66,14,2.0,0.0,1.0,[65],0.0,0.0,0.0,0.0,0.0,0.0,0.0,0.0,0.0,0.0
66,15,2.0,0.0,1.0,[65],0.0,0.0,0.0,0.0,0.0,0.0,0.0,0.0,0.0,0.0
66,16,2.0,0.0,1.0,[65],0.0,0.0,0.0,0.0,0.0,0.0,0.0,0.0,0.0,0.0
66,17,2.0,0.0,1.0,[65],0.0,0.0,0.0,0.0,0.0,0.0,0.0,0.0,0.0,0.0
66,18,2.0,0.0,1.0,[65],0.0,0.0,0.0,0.0,0.0,0.0,0.0,0.0,0.0,0.0
66,19,2.0,0.0,1.0,[65],0.0,0.0,0.0,0.0,0.0,0.0,0.0,0.0,0.0,0.0
66,20,2.0,0.0,1.0,[65],0.0,0.0,0.0,0.0,0.0,0.0,0.0,0.0,0.0,0.0
66,21,2.0,0.0,1.0,[65],0.0,0.0,0.0,0.0,0.0,0.0,0.0,0.0,0.0,0.0
66,22,2.0,0.0,1.0,[65],0.0,0.0,0.0,0.0,0.0,0.0,0.0,0.0,0.0,0.0
66,23,2.0,0.0,1.0,[65],0.0,0.0,0.0,0.0,0.0,0.0,0.0,0.0,0.0,0.0
66,24,2.0,0.0,1.0,[65],0.0,0.0,0.0,0.0,0.0,0.0,0.0,0.0,0.0,0.0
66,25,2.0,0.0,1.0,[65],0.0,0.0,0.0,0.0,0.0,0.0,0.0,0.0,0.0,0.0
66,26,2.0,0.0,1.0,[65],0.0,0.0,0.0,0.0,0.0,0.0,0.0,0.0,0.0,0.0
66,27,2.0,0.0,1.0,[65],0.0,0.0,0.0,0.0,0.0,0.0,0.0,0.0,0.0,0.0
66,28,2.0,0.0,1.0,[65],0.0,0.0,0.0,0.0,0.0,0.0,0.0,0.0,0.0,0.0
66,29,2.0,0.0,1.0,[65],0.0,0.0,0.0,0.0,0.0,0.0,1.0,1.0,0.0,0.0
66,30,2.0,0.0,1.0,[65],0.0,0.0,0.0,0.0,0.0,0.0,0.0,0.0,1.0,1.0
66,31,2.0,0.0,1.0,[65],1.0,1.0,0.0,0.0,0.0,0.0,0.0,0.0,0.0,0.0
66,32,2.0,0.0,1.0,[65],0.0,0.0,0.0,0.0,1.0,1.0,17.0,0.0,0.0,0.0
66,33,2.0,0.0,1.0,[65],0.0,0.0,1.0,1.0,0.0,0.0,14.0,0.0,17.0,0.0
66,34,2.0,0.0,1.0,[65],17.0,0.0,0.0,0.0,0.0,0.0,48.0,0.0,14.0,0.0
66,35,2.0,0.0,1.0,[65],14.0,0.0,0.0,0.0,17.0,0.0,32.0,0.0,48.0,0.0
66,36,2.0,0.0,1.0,[65],48.0,0.0,17.0,0.0,14.0,0.0,46.0,5.0,32.0,0.0
66,37,2.0,0.0,1.0,[65],32.0,0.0,14.0,0.0,48.0,0.0,76.0,19.0,46.0,5.0
66,38,2.0,0.0,1.0,[65],46.0,5.0,48.0,0.0,32.0,0.0,80.0,9.0,76.0,19.0
66,39,2.0,0.0,1.0,[65],76.0,19.0,32.0,0.0,46.0,5.0,129.0,7.0,80.0,9.0
66,40,2.0,0.0,1.0,[65],80.0,9.0,46.0,5.0,76.0,19.0,189.0,9.0,129.0,7.0
66,41,2.0,0.0,1.0,[65],129.0,7.0,76.0,19.0,80.0,9.0,235.0,17.0,189.0,9.0
66,42,2.0,0.0,1.0,[65],189.0,9.0,80.0,9.0,129.0,7.0,233.0,11.0,235.0,17.0
66,43,2.0,0.0,1.0,[65],235.0,17.0,129.0,7.0,189.0,9.0,331.0,29.0,233.0,11.0
66,44,2.0,0.0,1.0,[65],233.0,11.0,189.0,9.0,235.0,17.0,348.0,12.0,331.0,29.0
66,45,2.0,0.0,1.0,[65],331.0,29.0,235.0,17.0,233.0,11.0,322.0,19.0,348.0,12.0
66,46,2.0,0.0,1.0,[65],348.0,12.0,233.0,11.0,331.0,29.0,178.0,25.0,322.0,19.0
66,47,2.0,0.0,1.0,[65],322.0,19.0,331.0,29.0,348.0,12.0,340.0,17.0,178.0,25.0
66,48,2.0,0.0,1.0,[65],178.0,25.0,348.0,12.0,322.0,19.0,245.0,51.0,340.0,17.0
66,49,2.0,0.0,1.0,[65],340.0,17.0,322.0,19.0,178.0,25.0,259.0,35.0,245.0,51.0
66,50,2.0,0.0,1.0,[65],245.0,51.0,178.0,25.0,340.0,17.0,170.0,65.0,259.0,35.0
66,51,2.0,0.0,1.0,[65],259.0,35.0,340.0,17.0,245.0,51.0,165.0,41.0,170.0,65.0
66,52,2.0,0.0,1.0,[65],170.0,65.0,245.0,51.0,259.0,35.0,174.0,48.0,165.0,41.0
66,53,2.0,0.0,1.0,[65],165.0,41.0,259.0,35.0,170.0,65.0,174.0,47.0,174.0,48.0
66,54,2.0,0.0,1.0,[65],174.0,48.0,170.0,65.0,165.0,41.0,135.0,50.0,174.0,47.0
66,55,2.0,0.0,1.0,[65],174.0,47.0,165.0,41.0,174.0,48.0,126.0,28.0,135.0,50.0
66,56,2.0,0.0,1.0,[65],135.0,50.0,174.0,48.0,174.0,47.0,92.0,60.0,126.0,28.0
66,57,2.0,0.0,1.0,[65],126.0,28.0,174.0,47.0,135.0,50.0,97.0,35.0,92.0,60.0
66,58,2.0,0.0,1.0,[65],92.0,60.0,135.0,50.0,126.0,28.0,76.0,48.0,97.0,35.0
66,59,2.0,0.0,1.0,[65],97.0,35.0,126.0,28.0,92.0,60.0,102.0,37.0,76.0,48.0
66,60,2.0,0.0,1.0,[65],76.0,48.0,92.0,60.0,97.0,35.0,64.0,47.0,102.0,37.0
66,61,2.0,0.0,1.0,[65],102.0,37.0,97.0,35.0,76.0,48.0,95.0,57.0,64.0,47.0
66,62,2.0,0.0,1.0,[65],64.0,47.0,76.0,48.0,102.0,37.0,60.0,58.0,95.0,57.0
66,63,2.0,0.0,1.0,[65],95.0,57.0,102.0,37.0,64.0,47.0,48.0,32.0,60.0,58.0
66,64,2.0,0.0,1.0,[65],60.0,58.0,64.0,47.0,95.0,57.0,58.0,46.0,48.0,32.0
66,65,2.0,0.0,1.0,[65],48.0,32.0,95.0,57.0,60.0,58.0,62.0,49.0,58.0,46.0
66,66,2.0,0.0,1.0,[65],58.0,46.0,60.0,58.0,48.0,32.0,65.0,44.0,62.0,49.0
66,67,2.0,0.0,1.0,[65],62.0,49.0,48.0,32.0,58.0,46.0,60.0,78.0,65.0,44.0
66,68,2.0,0.0,1.0,[65],65.0,44.0,58.0,46.0,62.0,49.0,31.0,48.0,60.0,78.0
66,69,2.0,0.0,1.0,[65],60.0,78.0,62.0,49.0,65.0,44.0,68.0,40.0,31.0,48.0
66,70,2.0,0.0,1.0,[65],31.0,48.0,65.0,44.0,60.0,78.0,58.0,42.0,68.0,40.0
66,71,2.0,0.0,1.0,[65],68.0,40.0,60.0,78.0,31.0,48.0,73.0,39.0,58.0,42.0
66,72,2.0,0.0,1.0,[65],58.0,42.0,31.0,48.0,68.0,40.0,26.0,46.0,73.0,39.0
66,73,2.0,0.0,1.0,[65],73.0,39.0,68.0,40.0,58.0,42.0,84.0,52.0,26.0,46.0
66,74,2.0,0.0,1.0,[65],26.0,46.0,58.0,42.0,73.0,39.0,74.0,60.0,84.0,52.0
66,75,2.0,0.0,1.0,[65],84.0,52.0,73.0,39.0,26.0,46.0,63.0,48.0,74.0,60.0
66,76,2.0,0.0,1.0,[65],74.0,60.0,26.0,46.0,84.0,52.0,55.0,46.0,63.0,48.0
66,77,2.0,0.0,1.0,[65],63.0,48.0,84.0,52.0,74.0,60.0,61.0,65.0,55.0,46.0
66,78,2.0,0.0,1.0,[65],55.0,46.0,74.0,60.0,63.0,48.0,45.0,53.0,61.0,65.0
66,79,2.0,0.0,1.0,[65],61.0,65.0,63.0,48.0,55.0,46.0,62.0,58.0,45.0,53.0
66,80,2.0,0.0,1.0,[65],45.0,53.0,55.0,46.0,61.0,65.0,37.0,58.0,62.0,58.0
66,81,2.0,0.0,1.0,[65],62.0,58.0,61.0,65.0,45.0,53.0,45.0,72.0,37.0,58.0
66,82,2.0,0.0,1.0,[65],37.0,58.0,45.0,53.0,62.0,58.0,41.0,39.0,45.0,72.0
66,83,2.0,0.0,1.0,[65],45.0,72.0,62.0,58.0,37.0,58.0,65.0,47.0,41.0,39.0
66,84,2.0,0.0,1.0,[65],41.0,39.0,37.0,58.0,45.0,72.0,46.0,58.0,65.0,47.0
66,85,2.0,0.0,1.0,[65],65.0,47.0,45.0,72.0,41.0,39.0,69.0,59.0,46.0,58.0
66,86,2.0,0.0,1.0,[65],46.0,58.0,41.0,39.0,65.0,47.0,35.0,56.0,69.0,59.0
66,87,2.0,0.0,1.0,[65],69.0,59.0,65.0,47.0,46.0,58.0,42.0,63.0,35.0,56.0
66,88,2.0,0.0,1.0,[65],35.0,56.0,46.0,58.0,69.0,59.0,37.0,63.0,42.0,63.0
66,89,2.0,0.0,1.0,[65],42.0,63.0,69.0,59.0,35.0,56.0,28.0,66.0,37.0,63.0
66,90,2.0,0.0,1.0,[65],37.0,63.0,35.0,56.0,42.0,63.0,58.0,46.0,28.0,66.0
66,91,2.0,0.0,1.0,[65],28.0,66.0,42.0,63.0,37.0,63.0,29.0,70.0,58.0,46.0
66,92,2.0,0.0,1.0,[65],58.0,46.0,37.0,63.0,28.0,66.0,57.0,67.0,29.0,70.0
66,93,2.0,0.0,1.0,[65],29.0,70.0,28.0,66.0,58.0,46.0,31.0,69.0,57.0,67.0
66,94,2.0,0.0,1.0,[65],57.0,67.0,58.0,46.0,29.0,70.0,56.0,95.0,31.0,69.0
66,95,2.0,0.0,1.0,[65],31.0,69.0,29.0,70.0,57.0,67.0,30.0,80.0,56.0,95.0
66,96,2.0,0.0,1.0,[65],56.0,95.0,57.0,67.0,31.0,69.0,53.0,80.0,30.0,80.0
66,97,2.0,0.0,1.0,[65],30.0,80.0,31.0,69.0,56.0,95.0,46.0,84.0,53.0,80.0
66,98,2.0,0.0,1.0,[65],53.0,80.0,56.0,95.0,30.0,80.0,40.0,81.0,46.0,84.0
66,99,2.0,0.0,1.0,[65],46.0,84.0,30.0,80.0,53.0,80.0,27.0,90.0,40.0,81.0
66,100,2.0,0.0,1.0,[65],40.0,81.0,53.0,80.0,46.0,84.0,59.0,104.0,27.0,90.0
66,101,2.0,0.0,1.0,[65],27.0,90.0,46.0,84.0,40.0,81.0,38.0,89.0,59.0,104.0
66,102,2.0,0.0,1.0,[65],59.0,104.0,40.0,81.0,27.0,90.0,45.0,101.0,38.0,89.0
66,103,2.0,0.0,1.0,[65],38.0,89.0,27.0,90.0,59.0,104.0,37.0,126.0,45.0,101.0
66,104,2.0,0.0,1.0,[65],45.0,101.0,59.0,104.0,38.0,89.0,54.0,136.0,37.0,126.0
66,105,2.0,0.0,1.0,[65],37.0,126.0,38.0,89.0,45.0,101.0,45.0,157.0,54.0,136.0
66,106,2.0,0.0,1.0,[65],54.0,136.0,45.0,101.0,37.0,126.0,33.0,166.0,45.0,157.0
66,107,2.0,0.0,1.0,[65],45.0,157.0,37.0,126.0,54.0,136.0,30.0,143.0,33.0,166.0
66,108,2.0,0.0,1.0,[65],33.0,166.0,54.0,136.0,45.0,157.0,44.0,174.0,30.0,143.0
66,109,2.0,0.0,1.0,[65],30.0,143.0,45.0,157.0,33.0,166.0,34.0,187.0,44.0,174.0
66,110,2.0,0.0,1.0,[65],44.0,174.0,33.0,166.0,30.0,143.0,10.0,168.0,34.0,187.0
66,111,2.0,0.0,1.0,[65],34.0,187.0,30.0,143.0,44.0,174.0,27.0,150.0,10.0,168.0
66,112,2.0,0.0,1.0,[65],10.0,168.0,44.0,174.0,34.0,187.0,31.0,99.0,27.0,150.0
66,113,2.0,0.0,1.0,[65],27.0,150.0,34.0,187.0,10.0,168.0,27.0,136.0,31.0,99.0
66,114,2.0,0.0,1.0,[65],31.0,99.0,10.0,168.0,27.0,150.0,29.0,99.0,27.0,136.0
66,115,2.0,0.0,1.0,[65],27.0,136.0,27.0,150.0,31.0,99.0,21.0,82.0,29.0,99.0
66,116,2.0,0.0,1.0,[65],29.0,99.0,31.0,99.0,27.0,136.0,12.0,71.0,21.0,82.0
66,117,2.0,0.0,1.0,[65],21.0,82.0,27.0,136.0,29.0,99.0,10.0,78.0,12.0,71.0
66,118,2.0,0.0,1.0,[65],12.0,71.0,29.0,99.0,21.0,82.0,18.0,87.0,10.0,78.0
66,119,2.0,0.0,1.0,[65],10.0,78.0,21.0,82.0,12.0,71.0,39.0,62.0,18.0,87.0
66,120,2.0,0.0,1.0,[65],18.0,87.0,12.0,71.0,10.0,78.0,17.0,54.0,39.0,62.0
66,121,2.0,0.0,1.0,[65],39.0,62.0,10.0,78.0,18.0,87.0,13.0,78.0,17.0,54.0
66,122,2.0,0.0,1.0,[65],17.0,54.0,18.0,87.0,39.0,62.0,19.0,83.0,13.0,78.0
66,123,2.0,0.0,1.0,[65],13.0,78.0,39.0,62.0,17.0,54.0,18.0,56.0,19.0,83.0
66,124,2.0,0.0,1.0,[65],19.0,83.0,17.0,54.0,13.0,78.0,17.0,64.0,18.0,56.0
66,125,2.0,0.0,1.0,[65],18.0,56.0,13.0,78.0,19.0,83.0,11.0,65.0,17.0,64.0
66,126,2.0,0.0,1.0,[65],17.0,64.0,19.0,83.0,18.0,56.0,8.0,64.0,11.0,65.0
66,127,2.0,0.0,1.0,[65],11.0,65.0,18.0,56.0,17.0,64.0,11.0,55.0,8.0,64.0
66,128,2.0,0.0,1.0,[65],8.0,64.0,17.0,64.0,11.0,65.0,3.0,50.0,11.0,55.0
66,129,2.0,0.0,1.0,[65],11.0,55.0,11.0,65.0,8.0,64.0,6.0,55.0,3.0,50.0
66,130,2.0,0.0,1.0,[65],3.0,50.0,8.0,64.0,11.0,55.0,7.0,50.0,6.0,55.0
66,131,2.0,0.0,1.0,[65],6.0,55.0,11.0,55.0,3.0,50.0,3.0,35.0,7.0,50.0
66,132,2.0,0.0,1.0,[65],7.0,50.0,3.0,50.0,6.0,55.0,13.0,44.0,3.0,35.0
66,133,2.0,0.0,1.0,[65],3.0,35.0,6.0,55.0,7.0,50.0,7.0,33.0,13.0,44.0
66,134,2.0,0.0,1.0,[65],13.0,44.0,7.0,50.0,3.0,35.0,5.0,26.0,7.0,33.0
66,135,2.0,0.0,1.0,[65],7.0,33.0,3.0,35.0,13.0,44.0,2.0,35.0,5.0,26.0
66,136,2.0,0.0,1.0,[65],5.0,26.0,13.0,44.0,7.0,33.0,0.0,22.0,2.0,35.0
66,137,2.0,0.0,1.0,[65],2.0,35.0,7.0,33.0,5.0,26.0,0.0,32.0,0.0,22.0
66,138,2.0,0.0,1.0,[65],0.0,22.0,5.0,26.0,2.0,35.0,0.0,20.0,0.0,32.0
66,139,2.0,0.0,1.0,[65],0.0,32.0,2.0,35.0,0.0,22.0,0.0,11.0,0.0,20.0
66,140,2.0,0.0,1.0,[65],0.0,20.0,0.0,22.0,0.0,32.0,0.0,8.0,0.0,11.0
66,141,2.0,0.0,1.0,[65],0.0,11.0,0.0,32.0,0.0,20.0,0.0,2.0,0.0,8.0
66,142,2.0,0.0,1.0,[65],0.0,8.0,0.0,20.0,0.0,11.0,0.0,0.0,0.0,2.0
66,143,2.0,0.0,1.0,[65],0.0,2.0,0.0,11.0,0.0,8.0,0.0,0.0,0.0,0.0
67,0,2.0,0.0,1.0,[68],0.0,0.0,0.0,0.0,0.0,0.0,0.0,0.0,0.0,0.0
67,1,2.0,0.0,1.0,[68],0.0,0.0,0.0,0.0,0.0,0.0,0.0,0.0,0.0,0.0
67,2,2.0,0.0,1.0,[68],0.0,0.0,0.0,0.0,0.0,0.0,0.0,0.0,0.0,0.0
67,3,2.0,0.0,1.0,[68],0.0,0.0,0.0,0.0,0.0,0.0,0.0,0.0,0.0,0.0
67,4,2.0,0.0,1.0,[68],0.0,0.0,0.0,0.0,0.0,0.0,0.0,0.0,0.0,0.0
67,5,2.0,0.0,1.0,[68],0.0,0.0,0.0,0.0,0.0,0.0,0.0,0.0,0.0,0.0
67,6,2.0,0.0,1.0,[68],0.0,0.0,0.0,0.0,0.0,0.0,0.0,0.0,0.0,0.0
67,7,2.0,0.0,1.0,[68],0.0,0.0,0.0,0.0,0.0,0.0,0.0,0.0,0.0,0.0
67,8,2.0,0.0,1.0,[68],0.0,0.0,0.0,0.0,0.0,0.0,0.0,0.0,0.0,0.0
67,9,2.0,0.0,1.0,[68],0.0,0.0,0.0,0.0,0.0,0.0,0.0,0.0,0.0,0.0
67,10,2.0,0.0,1.0,[68],0.0,0.0,0.0,0.0,0.0,0.0,0.0,0.0,0.0,0.0
67,11,2.0,0.0,1.0,[68],0.0,0.0,0.0,0.0,0.0,0.0,0.0,0.0,0.0,0.0
67,12,2.0,0.0,1.0,[68],0.0,0.0,0.0,0.0,0.0,0.0,0.0,0.0,0.0,0.0
67,13,2.0,0.0,1.0,[68],0.0,0.0,0.0,0.0,0.0,0.0,0.0,0.0,0.0,0.0
67,14,2.0,0.0,1.0,[68],0.0,0.0,0.0,0.0,0.0,0.0,0.0,0.0,0.0,0.0
67,15,2.0,0.0,1.0,[68],0.0,0.0,0.0,0.0,0.0,0.0,0.0,0.0,0.0,0.0
67,16,2.0,0.0,1.0,[68],0.0,0.0,0.0,0.0,0.0,0.0,0.0,0.0,0.0,0.0
67,17,2.0,0.0,1.0,[68],0.0,0.0,0.0,0.0,0.0,0.0,0.0,0.0,0.0,0.0
67,18,2.0,0.0,1.0,[68],0.0,0.0,0.0,0.0,0.0,0.0,0.0,0.0,0.0,0.0
67,19,2.0,0.0,1.0,[68],0.0,0.0,0.0,0.0,0.0,0.0,0.0,0.0,0.0,0.0
67,20,2.0,0.0,1.0,[68],0.0,0.0,0.0,0.0,0.0,0.0,0.0,0.0,0.0,0.0
67,21,2.0,0.0,1.0,[68],0.0,0.0,0.0,0.0,0.0,0.0,0.0,0.0,0.0,0.0
67,22,2.0,0.0,1.0,[68],0.0,0.0,0.0,0.0,0.0,0.0,0.0,0.0,0.0,0.0
67,23,2.0,0.0,1.0,[68],0.0,0.0,0.0,0.0,0.0,0.0,0.0,0.0,0.0,0.0
67,24,2.0,0.0,1.0,[68],0.0,0.0,0.0,0.0,0.0,0.0,0.0,0.0,0.0,0.0
67,25,2.0,0.0,1.0,[68],0.0,0.0,0.0,0.0,0.0,0.0,0.0,0.0,0.0,0.0
67,26,2.0,0.0,1.0,[68],0.0,0.0,0.0,0.0,0.0,0.0,0.0,0.0,0.0,0.0
67,27,2.0,0.0,1.0,[68],0.0,0.0,0.0,0.0,0.0,0.0,0.0,0.0,0.0,0.0
67,28,2.0,0.0,1.0,[68],0.0,0.0,0.0,0.0,0.0,0.0,0.0,0.0,0.0,0.0
67,29,2.0,0.0,1.0,[68],0.0,0.0,0.0,0.0,0.0,0.0,0.0,0.0,0.0,0.0
67,30,2.0,0.0,1.0,[68],0.0,0.0,0.0,0.0,0.0,0.0,0.0,0.0,0.0,0.0
67,31,2.0,0.0,1.0,[68],0.0,0.0,0.0,0.0,0.0,0.0,0.0,0.0,0.0,0.0
67,32,2.0,0.0,1.0,[68],0.0,0.0,0.0,0.0,0.0,0.0,22.0,3.0,0.0,0.0
67,33,2.0,0.0,1.0,[68],0.0,0.0,0.0,0.0,0.0,0.0,25.0,0.0,22.0,3.0
67,34,2.0,0.0,1.0,[68],22.0,3.0,0.0,0.0,0.0,0.0,27.0,0.0,25.0,0.0
67,35,2.0,0.0,1.0,[68],25.0,0.0,0.0,0.0,22.0,3.0,19.0,2.0,27.0,0.0
67,36,2.0,0.0,1.0,[68],27.0,0.0,22.0,3.0,25.0,0.0,37.0,4.0,19.0,2.0
67,37,2.0,0.0,1.0,[68],19.0,2.0,25.0,0.0,27.0,0.0,55.0,4.0,37.0,4.0
67,38,2.0,0.0,1.0,[68],37.0,4.0,27.0,0.0,19.0,2.0,59.0,11.0,55.0,4.0
67,39,2.0,0.0,1.0,[68],55.0,4.0,19.0,2.0,37.0,4.0,76.0,9.0,59.0,11.0
67,40,2.0,0.0,1.0,[68],59.0,11.0,37.0,4.0,55.0,4.0,79.0,17.0,76.0,9.0
67,41,2.0,0.0,1.0,[68],76.0,9.0,55.0,4.0,59.0,11.0,185.0,19.0,79.0,17.0
67,42,2.0,0.0,1.0,[68],79.0,17.0,59.0,11.0,76.0,9.0,206.0,10.0,185.0,19.0
67,43,2.0,0.0,1.0,[68],185.0,19.0,76.0,9.0,79.0,17.0,279.0,21.0,206.0,10.0
67,44,2.0,0.0,1.0,[68],206.0,10.0,79.0,17.0,185.0,19.0,351.0,23.0,279.0,21.0
67,45,2.0,0.0,1.0,[68],279.0,21.0,185.0,19.0,206.0,10.0,362.0,31.0,351.0,23.0
67,46,2.0,0.0,1.0,[68],351.0,23.0,206.0,10.0,279.0,21.0,435.0,41.0,362.0,31.0
67,47,2.0,0.0,1.0,[68],362.0,31.0,279.0,21.0,351.0,23.0,434.0,27.0,435.0,41.0
67,48,2.0,0.0,1.0,[68],435.0,41.0,351.0,23.0,362.0,31.0,332.0,53.0,434.0,27.0
67,49,2.0,0.0,1.0,[68],434.0,27.0,362.0,31.0,435.0,41.0,311.0,50.0,332.0,53.0
67,50,2.0,0.0,1.0,[68],332.0,53.0,435.0,41.0,434.0,27.0,240.0,44.0,311.0,50.0
67,51,2.0,0.0,1.0,[68],311.0,50.0,434.0,27.0,332.0,53.0,163.0,41.0,240.0,44.0
67,52,2.0,0.0,1.0,[68],240.0,44.0,332.0,53.0,311.0,50.0,127.0,51.0,163.0,41.0
67,53,2.0,0.0,1.0,[68],163.0,41.0,311.0,50.0,240.0,44.0,117.0,31.0,127.0,51.0
67,54,2.0,0.0,1.0,[68],127.0,51.0,240.0,44.0,163.0,41.0,81.0,26.0,117.0,31.0
67,55,2.0,0.0,1.0,[68],117.0,31.0,163.0,41.0,127.0,51.0,94.0,42.0,81.0,26.0
67,56,2.0,0.0,1.0,[68],81.0,26.0,127.0,51.0,117.0,31.0,67.0,33.0,94.0,42.0
67,57,2.0,0.0,1.0,[68],94.0,42.0,117.0,31.0,81.0,26.0,61.0,33.0,67.0,33.0
67,58,2.0,0.0,1.0,[68],67.0,33.0,81.0,26.0,94.0,42.0,56.0,25.0,61.0,33.0
67,59,2.0,0.0,1.0,[68],61.0,33.0,94.0,42.0,67.0,33.0,69.0,25.0,56.0,25.0
67,60,2.0,0.0,1.0,[68],56.0,25.0,67.0,33.0,61.0,33.0,53.0,35.0,69.0,25.0
67,61,2.0,0.0,1.0,[68],69.0,25.0,61.0,33.0,56.0,25.0,55.0,35.0,53.0,35.0
67,62,2.0,0.0,1.0,[68],53.0,35.0,56.0,25.0,69.0,25.0,56.0,44.0,55.0,35.0
67,63,2.0,0.0,1.0,[68],55.0,35.0,69.0,25.0,53.0,35.0,60.0,29.0,56.0,44.0
67,64,2.0,0.0,1.0,[68],56.0,44.0,53.0,35.0,55.0,35.0,58.0,30.0,60.0,29.0
67,65,2.0,0.0,1.0,[68],60.0,29.0,55.0,35.0,56.0,44.0,47.0,29.0,58.0,30.0
67,66,2.0,0.0,1.0,[68],58.0,30.0,56.0,44.0,60.0,29.0,37.0,26.0,47.0,29.0
67,67,2.0,0.0,1.0,[68],47.0,29.0,60.0,29.0,58.0,30.0,30.0,28.0,37.0,26.0
67,68,2.0,0.0,1.0,[68],37.0,26.0,58.0,30.0,47.0,29.0,43.0,24.0,30.0,28.0
67,69,2.0,0.0,1.0,[68],30.0,28.0,47.0,29.0,37.0,26.0,36.0,24.0,43.0,24.0
67,70,2.0,0.0,1.0,[68],43.0,24.0,37.0,26.0,30.0,28.0,54.0,23.0,36.0,24.0
67,71,2.0,0.0,1.0,[68],36.0,24.0,30.0,28.0,43.0,24.0,72.0,54.0,54.0,23.0
67,72,2.0,0.0,1.0,[68],54.0,23.0,43.0,24.0,36.0,24.0,47.0,20.0,72.0,54.0
67,73,2.0,0.0,1.0,[68],72.0,54.0,36.0,24.0,54.0,23.0,51.0,42.0,47.0,20.0
67,74,2.0,0.0,1.0,[68],47.0,20.0,54.0,23.0,72.0,54.0,52.0,27.0,51.0,42.0
67,75,2.0,0.0,1.0,[68],51.0,42.0,72.0,54.0,47.0,20.0,41.0,26.0,52.0,27.0
67,76,2.0,0.0,1.0,[68],52.0,27.0,47.0,20.0,51.0,42.0,58.0,29.0,41.0,26.0
67,77,2.0,0.0,1.0,[68],41.0,26.0,51.0,42.0,52.0,27.0,38.0,35.0,58.0,29.0
67,78,2.0,0.0,1.0,[68],58.0,29.0,52.0,27.0,41.0,26.0,51.0,38.0,38.0,35.0
67,79,2.0,0.0,1.0,[68],38.0,35.0,41.0,26.0,58.0,29.0,33.0,34.0,51.0,38.0
67,80,2.0,0.0,1.0,[68],51.0,38.0,58.0,29.0,38.0,35.0,49.0,46.0,33.0,34.0
67,81,2.0,0.0,1.0,[68],33.0,34.0,38.0,35.0,51.0,38.0,37.0,27.0,49.0,46.0
67,82,2.0,0.0,1.0,[68],49.0,46.0,51.0,38.0,33.0,34.0,37.0,53.0,37.0,27.0
67,83,2.0,0.0,1.0,[68],37.0,27.0,33.0,34.0,49.0,46.0,36.0,41.0,37.0,53.0
67,84,2.0,0.0,1.0,[68],37.0,53.0,49.0,46.0,37.0,27.0,34.0,53.0,36.0,41.0
67,85,2.0,0.0,1.0,[68],36.0,41.0,37.0,27.0,37.0,53.0,36.0,48.0,34.0,53.0
67,86,2.0,0.0,1.0,[68],34.0,53.0,37.0,53.0,36.0,41.0,28.0,39.0,36.0,48.0
67,87,2.0,0.0,1.0,[68],36.0,48.0,36.0,41.0,34.0,53.0,34.0,39.0,28.0,39.0
67,88,2.0,0.0,1.0,[68],28.0,39.0,34.0,53.0,36.0,48.0,28.0,43.0,34.0,39.0
67,89,2.0,0.0,1.0,[68],34.0,39.0,36.0,48.0,28.0,39.0,28.0,42.0,28.0,43.0
67,90,2.0,0.0,1.0,[68],28.0,43.0,28.0,39.0,34.0,39.0,28.0,54.0,28.0,42.0
67,91,2.0,0.0,1.0,[68],28.0,42.0,34.0,39.0,28.0,43.0,31.0,54.0,28.0,54.0
67,92,2.0,0.0,1.0,[68],28.0,54.0,28.0,43.0,28.0,42.0,23.0,54.0,31.0,54.0
67,93,2.0,0.0,1.0,[68],31.0,54.0,28.0,42.0,28.0,54.0,44.0,61.0,23.0,54.0
67,94,2.0,0.0,1.0,[68],23.0,54.0,28.0,54.0,31.0,54.0,34.0,58.0,44.0,61.0
67,95,2.0,0.0,1.0,[68],44.0,61.0,31.0,54.0,23.0,54.0,43.0,52.0,34.0,58.0
67,96,2.0,0.0,1.0,[68],34.0,58.0,23.0,54.0,44.0,61.0,28.0,74.0,43.0,52.0
67,97,2.0,0.0,1.0,[68],43.0,52.0,44.0,61.0,34.0,58.0,44.0,63.0,28.0,74.0
67,98,2.0,0.0,1.0,[68],28.0,74.0,34.0,58.0,43.0,52.0,55.0,68.0,44.0,63.0
67,99,2.0,0.0,1.0,[68],44.0,63.0,43.0,52.0,28.0,74.0,47.0,49.0,55.0,68.0
67,100,2.0,0.0,1.0,[68],55.0,68.0,28.0,74.0,44.0,63.0,47.0,96.0,47.0,49.0
67,101,2.0,0.0,1.0,[68],47.0,49.0,44.0,63.0,55.0,68.0,28.0,84.0,47.0,96.0
67,102,2.0,0.0,1.0,[68],47.0,96.0,55.0,68.0,47.0,49.0,52.0,114.0,28.0,84.0
67,103,2.0,0.0,1.0,[68],28.0,84.0,47.0,49.0,47.0,96.0,31.0,137.0,52.0,114.0
67,104,2.0,0.0,1.0,[68],52.0,114.0,47.0,96.0,28.0,84.0,60.0,136.0,31.0,137.0
67,105,2.0,0.0,1.0,[68],31.0,137.0,28.0,84.0,52.0,114.0,39.0,120.0,60.0,136.0
67,106,2.0,0.0,1.0,[68],60.0,136.0,52.0,114.0,31.0,137.0,39.0,195.0,39.0,120.0
67,107,2.0,0.0,1.0,[68],39.0,120.0,31.0,137.0,60.0,136.0,33.0,211.0,39.0,195.0
67,108,2.0,0.0,1.0,[68],39.0,195.0,60.0,136.0,39.0,120.0,45.0,201.0,33.0,211.0
67,109,2.0,0.0,1.0,[68],33.0,211.0,39.0,120.0,39.0,195.0,26.0,183.0,45.0,201.0
67,110,2.0,0.0,1.0,[68],45.0,201.0,39.0,195.0,33.0,211.0,41.0,196.0,26.0,183.0
67,111,2.0,0.0,1.0,[68],26.0,183.0,33.0,211.0,45.0,201.0,37.0,131.0,41.0,196.0
67,112,2.0,0.0,1.0,[68],41.0,196.0,45.0,201.0,26.0,183.0,39.0,138.0,37.0,131.0
67,113,2.0,0.0,1.0,[68],37.0,131.0,26.0,183.0,41.0,196.0,33.0,128.0,39.0,138.0
67,114,2.0,0.0,1.0,[68],39.0,138.0,41.0,196.0,37.0,131.0,33.0,110.0,33.0,128.0
67,115,2.0,0.0,1.0,[68],33.0,128.0,37.0,131.0,39.0,138.0,23.0,95.0,33.0,110.0
67,116,2.0,0.0,1.0,[68],33.0,110.0,39.0,138.0,33.0,128.0,29.0,84.0,23.0,95.0
67,117,2.0,0.0,1.0,[68],23.0,95.0,33.0,128.0,33.0,110.0,22.0,81.0,29.0,84.0
67,118,2.0,0.0,1.0,[68],29.0,84.0,33.0,110.0,23.0,95.0,30.0,96.0,22.0,81.0
67,119,2.0,0.0,1.0,[68],22.0,81.0,23.0,95.0,29.0,84.0,23.0,88.0,30.0,96.0
67,120,2.0,0.0,1.0,[68],30.0,96.0,29.0,84.0,22.0,81.0,34.0,84.0,23.0,88.0
67,121,2.0,0.0,1.0,[68],23.0,88.0,22.0,81.0,30.0,96.0,17.0,120.0,34.0,84.0
67,122,2.0,0.0,1.0,[68],34.0,84.0,30.0,96.0,23.0,88.0,15.0,107.0,17.0,120.0
67,123,2.0,0.0,1.0,[68],17.0,120.0,23.0,88.0,34.0,84.0,20.0,110.0,15.0,107.0
67,124,2.0,0.0,1.0,[68],15.0,107.0,34.0,84.0,17.0,120.0,22.0,85.0,20.0,110.0
67,125,2.0,0.0,1.0,[68],20.0,110.0,17.0,120.0,15.0,107.0,21.0,85.0,22.0,85.0
67,126,2.0,0.0,1.0,[68],22.0,85.0,15.0,107.0,20.0,110.0,19.0,91.0,21.0,85.0
67,127,2.0,0.0,1.0,[68],21.0,85.0,20.0,110.0,22.0,85.0,14.0,83.0,19.0,91.0
67,128,2.0,0.0,1.0,[68],19.0,91.0,22.0,85.0,21.0,85.0,29.0,78.0,14.0,83.0
67,129,2.0,0.0,1.0,[68],14.0,83.0,21.0,85.0,19.0,91.0,16.0,117.0,29.0,78.0
67,130,2.0,0.0,1.0,[68],29.0,78.0,19.0,91.0,14.0,83.0,11.0,62.0,16.0,117.0
67,131,2.0,0.0,1.0,[68],16.0,117.0,14.0,83.0,29.0,78.0,13.0,63.0,11.0,62.0
67,132,2.0,0.0,1.0,[68],11.0,62.0,29.0,78.0,16.0,117.0,9.0,69.0,13.0,63.0
67,133,2.0,0.0,1.0,[68],13.0,63.0,16.0,117.0,11.0,62.0,6.0,73.0,9.0,69.0
67,134,2.0,0.0,1.0,[68],9.0,69.0,11.0,62.0,13.0,63.0,2.0,36.0,6.0,73.0
67,135,2.0,0.0,1.0,[68],6.0,73.0,13.0,63.0,9.0,69.0,13.0,72.0,2.0,36.0
67,136,2.0,0.0,1.0,[68],2.0,36.0,9.0,69.0,6.0,73.0,3.0,22.0,13.0,72.0
67,137,2.0,0.0,1.0,[68],13.0,72.0,6.0,73.0,2.0,36.0,0.0,32.0,3.0,22.0
67,138,2.0,0.0,1.0,[68],3.0,22.0,2.0,36.0,13.0,72.0,0.0,22.0,0.0,32.0
67,139,2.0,0.0,1.0,[68],0.0,32.0,13.0,72.0,3.0,22.0,0.0,14.0,0.0,22.0
67,140,2.0,0.0,1.0,[68],0.0,22.0,3.0,22.0,0.0,32.0,0.0,4.0,0.0,14.0
67,141,2.0,0.0,1.0,[68],0.0,14.0,0.0,32.0,0.0,22.0,0.0,2.0,0.0,4.0
67,142,2.0,0.0,1.0,[68],0.0,4.0,0.0,22.0,0.0,14.0,0.0,0.0,0.0,2.0
67,143,2.0,0.0,1.0,[68],0.0,2.0,0.0,14.0,0.0,4.0,0.0,0.0,0.0,0.0
68,0,2.0,0.0,2.0,[67 69],0.0,0.0,0.0,0.0,0.0,0.0,0.0,0.0,1.0,1.0
68,1,2.0,0.0,2.0,[67 69],1.0,1.0,0.0,0.0,0.0,0.0,0.0,0.0,0.0,0.0
68,2,2.0,0.0,2.0,[67 69],0.0,0.0,0.0,0.0,1.0,1.0,2.0,0.0,0.0,0.0
68,3,2.0,0.0,2.0,[67 69],0.0,0.0,1.0,1.0,0.0,0.0,0.0,1.0,2.0,0.0
68,4,2.0,0.0,2.0,[67 69],2.0,0.0,0.0,0.0,0.0,0.0,0.0,0.0,0.0,1.0
68,5,2.0,0.0,2.0,[67 69],0.0,1.0,0.0,0.0,2.0,0.0,0.0,0.0,0.0,0.0
68,6,2.0,0.0,2.0,[67 69],0.0,0.0,2.0,0.0,0.0,1.0,1.0,0.0,0.0,0.0
68,7,2.0,0.0,2.0,[67 69],0.0,0.0,0.0,1.0,0.0,0.0,0.0,0.0,1.0,0.0
68,8,2.0,0.0,2.0,[67 69],1.0,0.0,0.0,0.0,0.0,0.0,0.0,0.0,0.0,0.0
68,9,2.0,0.0,2.0,[67 69],0.0,0.0,0.0,0.0,1.0,0.0,0.0,0.0,0.0,0.0
68,10,2.0,0.0,2.0,[67 69],0.0,0.0,1.0,0.0,0.0,0.0,0.0,0.0,0.0,0.0
68,11,2.0,0.0,2.0,[67 69],0.0,0.0,0.0,0.0,0.0,0.0,0.0,0.0,0.0,0.0
68,12,2.0,0.0,2.0,[67 69],0.0,0.0,0.0,0.0,0.0,0.0,0.0,0.0,0.0,0.0
68,13,2.0,0.0,2.0,[67 69],0.0,0.0,0.0,0.0,0.0,0.0,0.0,0.0,0.0,0.0
68,14,2.0,0.0,2.0,[67 69],0.0,0.0,0.0,0.0,0.0,0.0,0.0,0.0,0.0,0.0
68,15,2.0,0.0,2.0,[67 69],0.0,0.0,0.0,0.0,0.0,0.0,0.0,0.0,0.0,0.0
68,16,2.0,0.0,2.0,[67 69],0.0,0.0,0.0,0.0,0.0,0.0,0.0,0.0,0.0,0.0
68,17,2.0,0.0,2.0,[67 69],0.0,0.0,0.0,0.0,0.0,0.0,0.0,0.0,0.0,0.0
68,18,2.0,0.0,2.0,[67 69],0.0,0.0,0.0,0.0,0.0,0.0,0.0,0.0,0.0,0.0
68,19,2.0,0.0,2.0,[67 69],0.0,0.0,0.0,0.0,0.0,0.0,0.0,0.0,0.0,0.0
68,20,2.0,0.0,2.0,[67 69],0.0,0.0,0.0,0.0,0.0,0.0,0.0,0.0,0.0,0.0
68,21,2.0,0.0,2.0,[67 69],0.0,0.0,0.0,0.0,0.0,0.0,0.0,0.0,0.0,0.0
68,22,2.0,0.0,2.0,[67 69],0.0,0.0,0.0,0.0,0.0,0.0,0.0,0.0,0.0,0.0
68,23,2.0,0.0,2.0,[67 69],0.0,0.0,0.0,0.0,0.0,0.0,0.0,0.0,0.0,0.0
68,24,2.0,0.0,2.0,[67 69],0.0,0.0,0.0,0.0,0.0,0.0,0.0,0.0,0.0,0.0
68,25,2.0,0.0,2.0,[67 69],0.0,0.0,0.0,0.0,0.0,0.0,0.0,0.0,0.0,0.0
68,26,2.0,0.0,2.0,[67 69],0.0,0.0,0.0,0.0,0.0,0.0,0.0,0.0,0.0,0.0
68,27,2.0,0.0,2.0,[67 69],0.0,0.0,0.0,0.0,0.0,0.0,0.0,0.0,0.0,0.0
68,28,2.0,0.0,2.0,[67 69],0.0,0.0,0.0,0.0,0.0,0.0,0.0,0.0,0.0,0.0
68,29,2.0,0.0,2.0,[67 69],0.0,0.0,0.0,0.0,0.0,0.0,0.0,0.0,0.0,0.0
68,30,2.0,0.0,2.0,[67 69],0.0,0.0,0.0,0.0,0.0,0.0,0.0,0.0,0.0,0.0
68,31,2.0,0.0,2.0,[67 69],0.0,0.0,0.0,0.0,0.0,0.0,5.0,0.0,0.0,0.0
68,32,2.0,0.0,2.0,[67 69],0.0,0.0,0.0,0.0,0.0,0.0,4.0,0.0,5.0,0.0
68,33,2.0,0.0,2.0,[67 69],5.0,0.0,0.0,0.0,0.0,0.0,12.0,0.0,4.0,0.0
68,34,2.0,0.0,2.0,[67 69],4.0,0.0,0.0,0.0,5.0,0.0,25.0,1.0,12.0,0.0
68,35,2.0,0.0,2.0,[67 69],12.0,0.0,5.0,0.0,4.0,0.0,27.0,3.0,25.0,1.0
68,36,2.0,0.0,2.0,[67 69],25.0,1.0,4.0,0.0,12.0,0.0,75.0,1.0,27.0,3.0
68,37,2.0,0.0,2.0,[67 69],27.0,3.0,12.0,0.0,25.0,1.0,67.0,2.0,75.0,1.0
68,38,2.0,0.0,2.0,[67 69],75.0,1.0,25.0,1.0,27.0,3.0,62.0,11.0,67.0,2.0
68,39,2.0,0.0,2.0,[67 69],67.0,2.0,27.0,3.0,75.0,1.0,127.0,6.0,62.0,11.0
68,40,2.0,0.0,2.0,[67 69],62.0,11.0,75.0,1.0,67.0,2.0,116.0,4.0,127.0,6.0
68,41,2.0,0.0,2.0,[67 69],127.0,6.0,67.0,2.0,62.0,11.0,147.0,4.0,116.0,4.0
68,42,2.0,0.0,2.0,[67 69],116.0,4.0,62.0,11.0,127.0,6.0,152.0,8.0,147.0,4.0
68,43,2.0,0.0,2.0,[67 69],147.0,4.0,127.0,6.0,116.0,4.0,155.0,8.0,152.0,8.0
68,44,2.0,0.0,2.0,[67 69],152.0,8.0,116.0,4.0,147.0,4.0,189.0,15.0,155.0,8.0
68,45,2.0,0.0,2.0,[67 69],155.0,8.0,147.0,4.0,152.0,8.0,207.0,7.0,189.0,15.0
68,46,2.0,0.0,2.0,[67 69],189.0,15.0,152.0,8.0,155.0,8.0,248.0,22.0,207.0,7.0
68,47,2.0,0.0,2.0,[67 69],207.0,7.0,155.0,8.0,189.0,15.0,229.0,18.0,248.0,22.0
68,48,2.0,0.0,2.0,[67 69],248.0,22.0,189.0,15.0,207.0,7.0,215.0,28.0,229.0,18.0
68,49,2.0,0.0,2.0,[67 69],229.0,18.0,207.0,7.0,248.0,22.0,197.0,20.0,215.0,28.0
68,50,2.0,0.0,2.0,[67 69],215.0,28.0,248.0,22.0,229.0,18.0,167.0,37.0,197.0,20.0
68,51,2.0,0.0,2.0,[67 69],197.0,20.0,229.0,18.0,215.0,28.0,112.0,29.0,167.0,37.0
68,52,2.0,0.0,2.0,[67 69],167.0,37.0,215.0,28.0,197.0,20.0,107.0,18.0,112.0,29.0
68,53,2.0,0.0,2.0,[67 69],112.0,29.0,197.0,20.0,167.0,37.0,76.0,17.0,107.0,18.0
68,54,2.0,0.0,2.0,[67 69],107.0,18.0,167.0,37.0,112.0,29.0,76.0,26.0,76.0,17.0
68,55,2.0,0.0,2.0,[67 69],76.0,17.0,112.0,29.0,107.0,18.0,62.0,15.0,76.0,26.0
68,56,2.0,0.0,2.0,[67 69],76.0,26.0,107.0,18.0,76.0,17.0,42.0,25.0,62.0,15.0
68,57,2.0,0.0,2.0,[67 69],62.0,15.0,76.0,17.0,76.0,26.0,67.0,12.0,42.0,25.0
68,58,2.0,0.0,2.0,[67 69],42.0,25.0,76.0,26.0,62.0,15.0,50.0,14.0,67.0,12.0
68,59,2.0,0.0,2.0,[67 69],67.0,12.0,62.0,15.0,42.0,25.0,50.0,21.0,50.0,14.0
68,60,2.0,0.0,2.0,[67 69],50.0,14.0,42.0,25.0,67.0,12.0,45.0,12.0,50.0,21.0
68,61,2.0,0.0,2.0,[67 69],50.0,21.0,67.0,12.0,50.0,14.0,43.0,17.0,45.0,12.0
68,62,2.0,0.0,2.0,[67 69],45.0,12.0,50.0,14.0,50.0,21.0,38.0,22.0,43.0,17.0
68,63,2.0,0.0,2.0,[67 69],43.0,17.0,50.0,21.0,45.0,12.0,40.0,23.0,38.0,22.0
68,64,2.0,0.0,2.0,[67 69],38.0,22.0,45.0,12.0,43.0,17.0,41.0,25.0,40.0,23.0
68,65,2.0,0.0,2.0,[67 69],40.0,23.0,43.0,17.0,38.0,22.0,34.0,20.0,41.0,25.0
68,66,2.0,0.0,2.0,[67 69],41.0,25.0,38.0,22.0,40.0,23.0,31.0,19.0,34.0,20.0
68,67,2.0,0.0,2.0,[67 69],34.0,20.0,40.0,23.0,41.0,25.0,40.0,32.0,31.0,19.0
68,68,2.0,0.0,2.0,[67 69],31.0,19.0,41.0,25.0,34.0,20.0,31.0,23.0,40.0,32.0
68,69,2.0,0.0,2.0,[67 69],40.0,32.0,34.0,20.0,31.0,19.0,38.0,26.0,31.0,23.0
68,70,2.0,0.0,2.0,[67 69],31.0,23.0,31.0,19.0,40.0,32.0,39.0,17.0,38.0,26.0
68,71,2.0,0.0,2.0,[67 69],38.0,26.0,40.0,32.0,31.0,23.0,39.0,27.0,39.0,17.0
68,72,2.0,0.0,2.0,[67 69],39.0,17.0,31.0,23.0,38.0,26.0,28.0,22.0,39.0,27.0
68,73,2.0,0.0,2.0,[67 69],39.0,27.0,38.0,26.0,39.0,17.0,47.0,24.0,28.0,22.0
68,74,2.0,0.0,2.0,[67 69],28.0,22.0,39.0,17.0,39.0,27.0,43.0,27.0,47.0,24.0
68,75,2.0,0.0,2.0,[67 69],47.0,24.0,39.0,27.0,28.0,22.0,47.0,29.0,43.0,27.0
68,76,2.0,0.0,2.0,[67 69],43.0,27.0,28.0,22.0,47.0,24.0,43.0,31.0,47.0,29.0
68,77,2.0,0.0,2.0,[67 69],47.0,29.0,47.0,24.0,43.0,27.0,73.0,22.0,43.0,31.0
68,78,2.0,0.0,2.0,[67 69],43.0,31.0,43.0,27.0,47.0,29.0,33.0,25.0,73.0,22.0
68,79,2.0,0.0,2.0,[67 69],73.0,22.0,47.0,29.0,43.0,31.0,57.0,26.0,33.0,25.0
68,80,2.0,0.0,2.0,[67 69],33.0,25.0,43.0,31.0,73.0,22.0,36.0,18.0,57.0,26.0
68,81,2.0,0.0,2.0,[67 69],57.0,26.0,73.0,22.0,33.0,25.0,31.0,36.0,36.0,18.0
68,82,2.0,0.0,2.0,[67 69],36.0,18.0,33.0,25.0,57.0,26.0,30.0,20.0,31.0,36.0
68,83,2.0,0.0,2.0,[67 69],31.0,36.0,57.0,26.0,36.0,18.0,41.0,23.0,30.0,20.0
68,84,2.0,0.0,2.0,[67 69],30.0,20.0,36.0,18.0,31.0,36.0,16.0,32.0,41.0,23.0
68,85,2.0,0.0,2.0,[67 69],41.0,23.0,31.0,36.0,30.0,20.0,34.0,16.0,16.0,32.0
68,86,2.0,0.0,2.0,[67 69],16.0,32.0,30.0,20.0,41.0,23.0,37.0,36.0,34.0,16.0
68,87,2.0,0.0,2.0,[67 69],34.0,16.0,41.0,23.0,16.0,32.0,30.0,29.0,37.0,36.0
68,88,2.0,0.0,2.0,[67 69],37.0,36.0,16.0,32.0,34.0,16.0,31.0,27.0,30.0,29.0
68,89,2.0,0.0,2.0,[67 69],30.0,29.0,34.0,16.0,37.0,36.0,26.0,17.0,31.0,27.0
68,90,2.0,0.0,2.0,[67 69],31.0,27.0,37.0,36.0,30.0,29.0,40.0,33.0,26.0,17.0
68,91,2.0,0.0,2.0,[67 69],26.0,17.0,30.0,29.0,31.0,27.0,50.0,31.0,40.0,33.0
68,92,2.0,0.0,2.0,[67 69],40.0,33.0,31.0,27.0,26.0,17.0,19.0,50.0,50.0,31.0
68,93,2.0,0.0,2.0,[67 69],50.0,31.0,26.0,17.0,40.0,33.0,35.0,31.0,19.0,50.0
68,94,2.0,0.0,2.0,[67 69],19.0,50.0,40.0,33.0,50.0,31.0,26.0,40.0,35.0,31.0
68,95,2.0,0.0,2.0,[67 69],35.0,31.0,50.0,31.0,19.0,50.0,25.0,63.0,26.0,40.0
68,96,2.0,0.0,2.0,[67 69],26.0,40.0,19.0,50.0,35.0,31.0,27.0,56.0,25.0,63.0
68,97,2.0,0.0,2.0,[67 69],25.0,63.0,35.0,31.0,26.0,40.0,51.0,51.0,27.0,56.0
68,98,2.0,0.0,2.0,[67 69],27.0,56.0,26.0,40.0,25.0,63.0,32.0,60.0,51.0,51.0
68,99,2.0,0.0,2.0,[67 69],51.0,51.0,25.0,63.0,27.0,56.0,28.0,60.0,32.0,60.0
68,100,2.0,0.0,2.0,[67 69],32.0,60.0,27.0,56.0,51.0,51.0,30.0,73.0,28.0,60.0
68,101,2.0,0.0,2.0,[67 69],28.0,60.0,51.0,51.0,32.0,60.0,42.0,96.0,30.0,73.0
68,102,2.0,0.0,2.0,[67 69],30.0,73.0,32.0,60.0,28.0,60.0,27.0,88.0,42.0,96.0
68,103,2.0,0.0,2.0,[67 69],42.0,96.0,28.0,60.0,30.0,73.0,41.0,106.0,27.0,88.0
68,104,2.0,0.0,2.0,[67 69],27.0,88.0,30.0,73.0,42.0,96.0,36.0,148.0,41.0,106.0
68,105,2.0,0.0,2.0,[67 69],41.0,106.0,42.0,96.0,27.0,88.0,33.0,188.0,36.0,148.0
68,106,2.0,0.0,2.0,[67 69],36.0,148.0,27.0,88.0,41.0,106.0,44.0,129.0,33.0,188.0
68,107,2.0,0.0,2.0,[67 69],33.0,188.0,41.0,106.0,36.0,148.0,40.0,176.0,44.0,129.0
68,108,2.0,0.0,2.0,[67 69],44.0,129.0,36.0,148.0,33.0,188.0,32.0,205.0,40.0,176.0
68,109,2.0,0.0,2.0,[67 69],40.0,176.0,33.0,188.0,44.0,129.0,50.0,167.0,32.0,205.0
68,110,2.0,0.0,2.0,[67 69],32.0,205.0,44.0,129.0,40.0,176.0,51.0,129.0,50.0,167.0
68,111,2.0,0.0,2.0,[67 69],50.0,167.0,40.0,176.0,32.0,205.0,48.0,146.0,51.0,129.0
68,112,2.0,0.0,2.0,[67 69],51.0,129.0,32.0,205.0,50.0,167.0,48.0,101.0,48.0,146.0
68,113,2.0,0.0,2.0,[67 69],48.0,146.0,50.0,167.0,51.0,129.0,48.0,109.0,48.0,101.0
68,114,2.0,0.0,2.0,[67 69],48.0,101.0,51.0,129.0,48.0,146.0,21.0,109.0,48.0,109.0
68,115,2.0,0.0,2.0,[67 69],48.0,109.0,48.0,146.0,48.0,101.0,40.0,67.0,21.0,109.0
68,116,2.0,0.0,2.0,[67 69],21.0,109.0,48.0,101.0,48.0,109.0,41.0,98.0,40.0,67.0
68,117,2.0,0.0,2.0,[67 69],40.0,67.0,48.0,109.0,21.0,109.0,29.0,97.0,41.0,98.0
68,118,2.0,0.0,2.0,[67 69],41.0,98.0,21.0,109.0,40.0,67.0,34.0,49.0,29.0,97.0
68,119,2.0,0.0,2.0,[67 69],29.0,97.0,40.0,67.0,41.0,98.0,49.0,91.0,34.0,49.0
68,120,2.0,0.0,2.0,[67 69],34.0,49.0,41.0,98.0,29.0,97.0,60.0,55.0,49.0,91.0
68,121,2.0,0.0,2.0,[67 69],49.0,91.0,29.0,97.0,34.0,49.0,41.0,60.0,60.0,55.0
68,122,2.0,0.0,2.0,[67 69],60.0,55.0,34.0,49.0,49.0,91.0,55.0,67.0,41.0,60.0
68,123,2.0,0.0,2.0,[67 69],41.0,60.0,49.0,91.0,60.0,55.0,26.0,76.0,55.0,67.0
68,124,2.0,0.0,2.0,[67 69],55.0,67.0,60.0,55.0,41.0,60.0,34.0,68.0,26.0,76.0
68,125,2.0,0.0,2.0,[67 69],26.0,76.0,41.0,60.0,55.0,67.0,45.0,70.0,34.0,68.0
68,126,2.0,0.0,2.0,[67 69],34.0,68.0,55.0,67.0,26.0,76.0,29.0,67.0,45.0,70.0
68,127,2.0,0.0,2.0,[67 69],45.0,70.0,26.0,76.0,34.0,68.0,24.0,66.0,29.0,67.0
68,128,2.0,0.0,2.0,[67 69],29.0,67.0,34.0,68.0,45.0,70.0,31.0,58.0,24.0,66.0
68,129,2.0,0.0,2.0,[67 69],24.0,66.0,45.0,70.0,29.0,67.0,23.0,46.0,31.0,58.0
68,130,2.0,0.0,2.0,[67 69],31.0,58.0,29.0,67.0,24.0,66.0,23.0,49.0,23.0,46.0
68,131,2.0,0.0,2.0,[67 69],23.0,46.0,24.0,66.0,31.0,58.0,19.0,54.0,23.0,49.0
68,132,2.0,0.0,2.0,[67 69],23.0,49.0,31.0,58.0,23.0,46.0,14.0,42.0,19.0,54.0
68,133,2.0,0.0,2.0,[67 69],19.0,54.0,23.0,46.0,23.0,49.0,14.0,16.0,14.0,42.0
68,134,2.0,0.0,2.0,[67 69],14.0,42.0,23.0,49.0,19.0,54.0,11.0,39.0,14.0,16.0
68,135,2.0,0.0,2.0,[67 69],14.0,16.0,19.0,54.0,14.0,42.0,4.0,18.0,11.0,39.0
68,136,2.0,0.0,2.0,[67 69],11.0,39.0,14.0,42.0,14.0,16.0,9.0,37.0,4.0,18.0
68,137,2.0,0.0,2.0,[67 69],4.0,18.0,14.0,16.0,11.0,39.0,0.0,16.0,9.0,37.0
68,138,2.0,0.0,2.0,[67 69],9.0,37.0,11.0,39.0,4.0,18.0,0.0,11.0,0.0,16.0
68,139,2.0,0.0,2.0,[67 69],0.0,16.0,4.0,18.0,9.0,37.0,1.0,6.0,0.0,11.0
68,140,2.0,0.0,2.0,[67 69],0.0,11.0,9.0,37.0,0.0,16.0,0.0,3.0,1.0,6.0
68,141,2.0,0.0,2.0,[67 69],1.0,6.0,0.0,16.0,0.0,11.0,0.0,0.0,0.0,3.0
68,142,2.0,0.0,2.0,[67 69],0.0,3.0,0.0,11.0,1.0,6.0,0.0,0.0,0.0,0.0
68,143,2.0,0.0,2.0,[67 69],0.0,0.0,1.0,6.0,0.0,3.0,0.0,0.0,0.0,0.0
69,0,2.0,0.0,2.0,[68 70],0.0,0.0,0.0,0.0,0.0,0.0,0.0,0.0,0.0,0.0
69,1,2.0,0.0,2.0,[68 70],0.0,0.0,0.0,0.0,0.0,0.0,1.0,0.0,0.0,0.0
69,2,2.0,0.0,2.0,[68 70],0.0,0.0,0.0,0.0,0.0,0.0,1.0,2.0,1.0,0.0
69,3,2.0,0.0,2.0,[68 70],1.0,0.0,0.0,0.0,0.0,0.0,0.0,0.0,1.0,2.0
69,4,2.0,0.0,2.0,[68 70],1.0,2.0,0.0,0.0,1.0,0.0,0.0,0.0,0.0,0.0
69,5,2.0,0.0,2.0,[68 70],0.0,0.0,1.0,0.0,1.0,2.0,0.0,0.0,0.0,0.0
69,6,2.0,0.0,2.0,[68 70],0.0,0.0,1.0,2.0,0.0,0.0,0.0,0.0,0.0,0.0
69,7,2.0,0.0,2.0,[68 70],0.0,0.0,0.0,0.0,0.0,0.0,0.0,0.0,0.0,0.0
69,8,2.0,0.0,2.0,[68 70],0.0,0.0,0.0,0.0,0.0,0.0,0.0,0.0,0.0,0.0
69,9,2.0,0.0,2.0,[68 70],0.0,0.0,0.0,0.0,0.0,0.0,0.0,0.0,0.0,0.0
69,10,2.0,0.0,2.0,[68 70],0.0,0.0,0.0,0.0,0.0,0.0,0.0,0.0,0.0,0.0
69,11,2.0,0.0,2.0,[68 70],0.0,0.0,0.0,0.0,0.0,0.0,0.0,0.0,0.0,0.0
69,12,2.0,0.0,2.0,[68 70],0.0,0.0,0.0,0.0,0.0,0.0,0.0,0.0,0.0,0.0
69,13,2.0,0.0,2.0,[68 70],0.0,0.0,0.0,0.0,0.0,0.0,0.0,0.0,0.0,0.0
69,14,2.0,0.0,2.0,[68 70],0.0,0.0,0.0,0.0,0.0,0.0,0.0,0.0,0.0,0.0
69,15,2.0,0.0,2.0,[68 70],0.0,0.0,0.0,0.0,0.0,0.0,0.0,0.0,0.0,0.0
69,16,2.0,0.0,2.0,[68 70],0.0,0.0,0.0,0.0,0.0,0.0,0.0,0.0,0.0,0.0
69,17,2.0,0.0,2.0,[68 70],0.0,0.0,0.0,0.0,0.0,0.0,0.0,0.0,0.0,0.0
69,18,2.0,0.0,2.0,[68 70],0.0,0.0,0.0,0.0,0.0,0.0,0.0,0.0,0.0,0.0
69,19,2.0,0.0,2.0,[68 70],0.0,0.0,0.0,0.0,0.0,0.0,0.0,0.0,0.0,0.0
69,20,2.0,0.0,2.0,[68 70],0.0,0.0,0.0,0.0,0.0,0.0,0.0,0.0,0.0,0.0
69,21,2.0,0.0,2.0,[68 70],0.0,0.0,0.0,0.0,0.0,0.0,0.0,0.0,0.0,0.0
69,22,2.0,0.0,2.0,[68 70],0.0,0.0,0.0,0.0,0.0,0.0,0.0,0.0,0.0,0.0
69,23,2.0,0.0,2.0,[68 70],0.0,0.0,0.0,0.0,0.0,0.0,0.0,0.0,0.0,0.0
69,24,2.0,0.0,2.0,[68 70],0.0,0.0,0.0,0.0,0.0,0.0,2.0,0.0,0.0,0.0
69,25,2.0,0.0,2.0,[68 70],0.0,0.0,0.0,0.0,0.0,0.0,0.0,0.0,2.0,0.0
69,26,2.0,0.0,2.0,[68 70],2.0,0.0,0.0,0.0,0.0,0.0,0.0,2.0,0.0,0.0
69,27,2.0,0.0,2.0,[68 70],0.0,0.0,0.0,0.0,2.0,0.0,0.0,0.0,0.0,2.0
69,28,2.0,0.0,2.0,[68 70],0.0,2.0,2.0,0.0,0.0,0.0,0.0,0.0,0.0,0.0
69,29,2.0,0.0,2.0,[68 70],0.0,0.0,0.0,0.0,0.0,2.0,0.0,0.0,0.0,0.0
69,30,2.0,0.0,2.0,[68 70],0.0,0.0,0.0,2.0,0.0,0.0,1.0,0.0,0.0,0.0
69,31,2.0,0.0,2.0,[68 70],0.0,0.0,0.0,0.0,0.0,0.0,2.0,1.0,1.0,0.0
69,32,2.0,0.0,2.0,[68 70],1.0,0.0,0.0,0.0,0.0,0.0,6.0,1.0,2.0,1.0
69,33,2.0,0.0,2.0,[68 70],2.0,1.0,0.0,0.0,1.0,0.0,18.0,0.0,6.0,1.0
69,34,2.0,0.0,2.0,[68 70],6.0,1.0,1.0,0.0,2.0,1.0,22.0,1.0,18.0,0.0
69,35,2.0,0.0,2.0,[68 70],18.0,0.0,2.0,1.0,6.0,1.0,22.0,1.0,22.0,1.0
69,36,2.0,0.0,2.0,[68 70],22.0,1.0,6.0,1.0,18.0,0.0,46.0,2.0,22.0,1.0
69,37,2.0,0.0,2.0,[68 70],22.0,1.0,18.0,0.0,22.0,1.0,77.0,2.0,46.0,2.0
69,38,2.0,0.0,2.0,[68 70],46.0,2.0,22.0,1.0,22.0,1.0,104.0,3.0,77.0,2.0
69,39,2.0,0.0,2.0,[68 70],77.0,2.0,22.0,1.0,46.0,2.0,138.0,13.0,104.0,3.0
69,40,2.0,0.0,2.0,[68 70],104.0,3.0,46.0,2.0,77.0,2.0,230.0,12.0,138.0,13.0
69,41,2.0,0.0,2.0,[68 70],138.0,13.0,77.0,2.0,104.0,3.0,243.0,42.0,230.0,12.0
69,42,2.0,0.0,2.0,[68 70],230.0,12.0,104.0,3.0,138.0,13.0,224.0,49.0,243.0,42.0
69,43,2.0,0.0,2.0,[68 70],243.0,42.0,138.0,13.0,230.0,12.0,215.0,77.0,224.0,49.0
69,44,2.0,0.0,2.0,[68 70],224.0,49.0,230.0,12.0,243.0,42.0,269.0,88.0,215.0,77.0
69,45,2.0,0.0,2.0,[68 70],215.0,77.0,243.0,42.0,224.0,49.0,289.0,120.0,269.0,88.0
69,46,2.0,0.0,2.0,[68 70],269.0,88.0,224.0,49.0,215.0,77.0,316.0,228.0,289.0,120.0
69,47,2.0,0.0,2.0,[68 70],289.0,120.0,215.0,77.0,269.0,88.0,292.0,227.0,316.0,228.0
69,48,2.0,0.0,2.0,[68 70],316.0,228.0,269.0,88.0,289.0,120.0,293.0,226.0,292.0,227.0
69,49,2.0,0.0,2.0,[68 70],292.0,227.0,289.0,120.0,316.0,228.0,210.0,246.0,293.0,226.0
69,50,2.0,0.0,2.0,[68 70],293.0,226.0,316.0,228.0,292.0,227.0,206.0,305.0,210.0,246.0
69,51,2.0,0.0,2.0,[68 70],210.0,246.0,292.0,227.0,293.0,226.0,147.0,271.0,206.0,305.0
69,52,2.0,0.0,2.0,[68 70],206.0,305.0,293.0,226.0,210.0,246.0,120.0,180.0,147.0,271.0
69,53,2.0,0.0,2.0,[68 70],147.0,271.0,210.0,246.0,206.0,305.0,126.0,147.0,120.0,180.0
69,54,2.0,0.0,2.0,[68 70],120.0,180.0,206.0,305.0,147.0,271.0,91.0,120.0,126.0,147.0
69,55,2.0,0.0,2.0,[68 70],126.0,147.0,147.0,271.0,120.0,180.0,110.0,63.0,91.0,120.0
69,56,2.0,0.0,2.0,[68 70],91.0,120.0,120.0,180.0,126.0,147.0,83.0,71.0,110.0,63.0
69,57,2.0,0.0,2.0,[68 70],110.0,63.0,126.0,147.0,91.0,120.0,64.0,54.0,83.0,71.0
69,58,2.0,0.0,2.0,[68 70],83.0,71.0,91.0,120.0,110.0,63.0,77.0,34.0,64.0,54.0
69,59,2.0,0.0,2.0,[68 70],64.0,54.0,110.0,63.0,83.0,71.0,66.0,40.0,77.0,34.0
69,60,2.0,0.0,2.0,[68 70],77.0,34.0,83.0,71.0,64.0,54.0,51.0,37.0,66.0,40.0
69,61,2.0,0.0,2.0,[68 70],66.0,40.0,64.0,54.0,77.0,34.0,65.0,53.0,51.0,37.0
69,62,2.0,0.0,2.0,[68 70],51.0,37.0,77.0,34.0,66.0,40.0,59.0,38.0,65.0,53.0
69,63,2.0,0.0,2.0,[68 70],65.0,53.0,66.0,40.0,51.0,37.0,59.0,43.0,59.0,38.0
69,64,2.0,0.0,2.0,[68 70],59.0,38.0,51.0,37.0,65.0,53.0,57.0,52.0,59.0,43.0
69,65,2.0,0.0,2.0,[68 70],59.0,43.0,65.0,53.0,59.0,38.0,62.0,42.0,57.0,52.0
69,66,2.0,0.0,2.0,[68 70],57.0,52.0,59.0,38.0,59.0,43.0,55.0,46.0,62.0,42.0
69,67,2.0,0.0,2.0,[68 70],62.0,42.0,59.0,43.0,57.0,52.0,80.0,49.0,55.0,46.0
69,68,2.0,0.0,2.0,[68 70],55.0,46.0,57.0,52.0,62.0,42.0,57.0,56.0,80.0,49.0
69,69,2.0,0.0,2.0,[68 70],80.0,49.0,62.0,42.0,55.0,46.0,56.0,43.0,57.0,56.0
69,70,2.0,0.0,2.0,[68 70],57.0,56.0,55.0,46.0,80.0,49.0,64.0,38.0,56.0,43.0
69,71,2.0,0.0,2.0,[68 70],56.0,43.0,80.0,49.0,57.0,56.0,65.0,30.0,64.0,38.0
69,72,2.0,0.0,2.0,[68 70],64.0,38.0,57.0,56.0,56.0,43.0,91.0,36.0,65.0,30.0
69,73,2.0,0.0,2.0,[68 70],65.0,30.0,56.0,43.0,64.0,38.0,62.0,37.0,91.0,36.0
69,74,2.0,0.0,2.0,[68 70],91.0,36.0,64.0,38.0,65.0,30.0,61.0,49.0,62.0,37.0
69,75,2.0,0.0,2.0,[68 70],62.0,37.0,65.0,30.0,91.0,36.0,62.0,56.0,61.0,49.0
69,76,2.0,0.0,2.0,[68 70],61.0,49.0,91.0,36.0,62.0,37.0,84.0,34.0,62.0,56.0
69,77,2.0,0.0,2.0,[68 70],62.0,56.0,62.0,37.0,61.0,49.0,45.0,48.0,84.0,34.0
69,78,2.0,0.0,2.0,[68 70],84.0,34.0,61.0,49.0,62.0,56.0,86.0,52.0,45.0,48.0
69,79,2.0,0.0,2.0,[68 70],45.0,48.0,62.0,56.0,84.0,34.0,67.0,48.0,86.0,52.0
69,80,2.0,0.0,2.0,[68 70],86.0,52.0,84.0,34.0,45.0,48.0,71.0,78.0,67.0,48.0
69,81,2.0,0.0,2.0,[68 70],67.0,48.0,45.0,48.0,86.0,52.0,56.0,63.0,71.0,78.0
69,82,2.0,0.0,2.0,[68 70],71.0,78.0,86.0,52.0,67.0,48.0,53.0,57.0,56.0,63.0
69,83,2.0,0.0,2.0,[68 70],56.0,63.0,67.0,48.0,71.0,78.0,60.0,49.0,53.0,57.0
69,84,2.0,0.0,2.0,[68 70],53.0,57.0,71.0,78.0,56.0,63.0,61.0,53.0,60.0,49.0
69,85,2.0,0.0,2.0,[68 70],60.0,49.0,56.0,63.0,53.0,57.0,37.0,53.0,61.0,53.0
69,86,2.0,0.0,2.0,[68 70],61.0,53.0,53.0,57.0,60.0,49.0,59.0,48.0,37.0,53.0
69,87,2.0,0.0,2.0,[68 70],37.0,53.0,60.0,49.0,61.0,53.0,47.0,65.0,59.0,48.0
69,88,2.0,0.0,2.0,[68 70],59.0,48.0,61.0,53.0,37.0,53.0,60.0,43.0,47.0,65.0
69,89,2.0,0.0,2.0,[68 70],47.0,65.0,37.0,53.0,59.0,48.0,74.0,75.0,60.0,43.0
69,90,2.0,0.0,2.0,[68 70],60.0,43.0,59.0,48.0,47.0,65.0,58.0,45.0,74.0,75.0
69,91,2.0,0.0,2.0,[68 70],74.0,75.0,47.0,65.0,60.0,43.0,58.0,74.0,58.0,45.0
69,92,2.0,0.0,2.0,[68 70],58.0,45.0,60.0,43.0,74.0,75.0,57.0,62.0,58.0,74.0
69,93,2.0,0.0,2.0,[68 70],58.0,74.0,74.0,75.0,58.0,45.0,61.0,59.0,57.0,62.0
69,94,2.0,0.0,2.0,[68 70],57.0,62.0,58.0,45.0,58.0,74.0,74.0,61.0,61.0,59.0
69,95,2.0,0.0,2.0,[68 70],61.0,59.0,58.0,74.0,57.0,62.0,73.0,77.0,74.0,61.0
69,96,2.0,0.0,2.0,[68 70],74.0,61.0,57.0,62.0,61.0,59.0,82.0,83.0,73.0,77.0
69,97,2.0,0.0,2.0,[68 70],73.0,77.0,61.0,59.0,74.0,61.0,69.0,76.0,82.0,83.0
69,98,2.0,0.0,2.0,[68 70],82.0,83.0,74.0,61.0,73.0,77.0,70.0,86.0,69.0,76.0
69,99,2.0,0.0,2.0,[68 70],69.0,76.0,73.0,77.0,82.0,83.0,92.0,81.0,70.0,86.0
69,100,2.0,0.0,2.0,[68 70],70.0,86.0,82.0,83.0,69.0,76.0,114.0,88.0,92.0,81.0
69,101,2.0,0.0,2.0,[68 70],92.0,81.0,69.0,76.0,70.0,86.0,193.0,114.0,114.0,88.0
69,102,2.0,0.0,2.0,[68 70],114.0,88.0,70.0,86.0,92.0,81.0,152.0,152.0,193.0,114.0
69,103,2.0,0.0,2.0,[68 70],193.0,114.0,92.0,81.0,114.0,88.0,151.0,160.0,152.0,152.0
69,104,2.0,0.0,2.0,[68 70],152.0,152.0,114.0,88.0,193.0,114.0,201.0,214.0,151.0,160.0
69,105,2.0,0.0,2.0,[68 70],151.0,160.0,193.0,114.0,152.0,152.0,208.0,236.0,201.0,214.0
69,106,2.0,0.0,2.0,[68 70],201.0,214.0,152.0,152.0,151.0,160.0,157.0,251.0,208.0,236.0
69,107,2.0,0.0,2.0,[68 70],208.0,236.0,151.0,160.0,201.0,214.0,144.0,229.0,157.0,251.0
69,108,2.0,0.0,2.0,[68 70],157.0,251.0,201.0,214.0,208.0,236.0,164.0,194.0,144.0,229.0
69,109,2.0,0.0,2.0,[68 70],144.0,229.0,208.0,236.0,157.0,251.0,106.0,181.0,164.0,194.0
69,110,2.0,0.0,2.0,[68 70],164.0,194.0,157.0,251.0,144.0,229.0,118.0,185.0,106.0,181.0
69,111,2.0,0.0,2.0,[68 70],106.0,181.0,144.0,229.0,164.0,194.0,85.0,148.0,118.0,185.0
69,112,2.0,0.0,2.0,[68 70],118.0,185.0,164.0,194.0,106.0,181.0,94.0,133.0,85.0,148.0
69,113,2.0,0.0,2.0,[68 70],85.0,148.0,106.0,181.0,118.0,185.0,82.0,125.0,94.0,133.0
69,114,2.0,0.0,2.0,[68 70],94.0,133.0,118.0,185.0,85.0,148.0,97.0,138.0,82.0,125.0
69,115,2.0,0.0,2.0,[68 70],82.0,125.0,85.0,148.0,94.0,133.0,63.0,114.0,97.0,138.0
69,116,2.0,0.0,2.0,[68 70],97.0,138.0,94.0,133.0,82.0,125.0,58.0,97.0,63.0,114.0
69,117,2.0,0.0,2.0,[68 70],63.0,114.0,82.0,125.0,97.0,138.0,58.0,98.0,58.0,97.0
69,118,2.0,0.0,2.0,[68 70],58.0,97.0,97.0,138.0,63.0,114.0,67.0,85.0,58.0,98.0
69,119,2.0,0.0,2.0,[68 70],58.0,98.0,63.0,114.0,58.0,97.0,108.0,95.0,67.0,85.0
69,120,2.0,0.0,2.0,[68 70],67.0,85.0,58.0,97.0,58.0,98.0,73.0,86.0,108.0,95.0
69,121,2.0,0.0,2.0,[68 70],108.0,95.0,58.0,98.0,67.0,85.0,68.0,116.0,73.0,86.0
69,122,2.0,0.0,2.0,[68 70],73.0,86.0,67.0,85.0,108.0,95.0,85.0,90.0,68.0,116.0
69,123,2.0,0.0,2.0,[68 70],68.0,116.0,108.0,95.0,73.0,86.0,54.0,98.0,85.0,90.0
69,124,2.0,0.0,2.0,[68 70],85.0,90.0,73.0,86.0,68.0,116.0,43.0,111.0,54.0,98.0
69,125,2.0,0.0,2.0,[68 70],54.0,98.0,68.0,116.0,85.0,90.0,83.0,111.0,43.0,111.0
69,126,2.0,0.0,2.0,[68 70],43.0,111.0,85.0,90.0,54.0,98.0,63.0,104.0,83.0,111.0
69,127,2.0,0.0,2.0,[68 70],83.0,111.0,54.0,98.0,43.0,111.0,44.0,97.0,63.0,104.0
69,128,2.0,0.0,2.0,[68 70],63.0,104.0,43.0,111.0,83.0,111.0,47.0,82.0,44.0,97.0
69,129,2.0,0.0,2.0,[68 70],44.0,97.0,83.0,111.0,63.0,104.0,55.0,85.0,47.0,82.0
69,130,2.0,0.0,2.0,[68 70],47.0,82.0,63.0,104.0,44.0,97.0,34.0,65.0,55.0,85.0
69,131,2.0,0.0,2.0,[68 70],55.0,85.0,44.0,97.0,47.0,82.0,32.0,88.0,34.0,65.0
69,132,2.0,0.0,2.0,[68 70],34.0,65.0,47.0,82.0,55.0,85.0,28.0,58.0,32.0,88.0
69,133,2.0,0.0,2.0,[68 70],32.0,88.0,55.0,85.0,34.0,65.0,15.0,78.0,28.0,58.0
69,134,2.0,0.0,2.0,[68 70],28.0,58.0,34.0,65.0,32.0,88.0,12.0,45.0,15.0,78.0
69,135,2.0,0.0,2.0,[68 70],15.0,78.0,32.0,88.0,28.0,58.0,5.0,45.0,12.0,45.0
69,136,2.0,0.0,2.0,[68 70],12.0,45.0,28.0,58.0,15.0,78.0,1.0,46.0,5.0,45.0
69,137,2.0,0.0,2.0,[68 70],5.0,45.0,15.0,78.0,12.0,45.0,1.0,31.0,1.0,46.0
69,138,2.0,0.0,2.0,[68 70],1.0,46.0,12.0,45.0,5.0,45.0,1.0,25.0,1.0,31.0
69,139,2.0,0.0,2.0,[68 70],1.0,31.0,5.0,45.0,1.0,46.0,0.0,9.0,1.0,25.0
69,140,2.0,0.0,2.0,[68 70],1.0,25.0,1.0,46.0,1.0,31.0,0.0,9.0,0.0,9.0
69,141,2.0,0.0,2.0,[68 70],0.0,9.0,1.0,31.0,1.0,25.0,0.0,6.0,0.0,9.0
69,142,2.0,0.0,2.0,[68 70],0.0,9.0,1.0,25.0,0.0,9.0,0.0,0.0,0.0,6.0
69,143,2.0,0.0,2.0,[68 70],0.0,6.0,0.0,9.0,0.0,9.0,0.0,0.0,0.0,0.0
70,0,2.0,0.0,2.0,[69 71],0.0,0.0,0.0,0.0,0.0,0.0,0.0,0.0,0.0,0.0
70,1,2.0,0.0,2.0,[69 71],0.0,0.0,0.0,0.0,0.0,0.0,0.0,0.0,0.0,0.0
70,2,2.0,0.0,2.0,[69 71],0.0,0.0,0.0,0.0,0.0,0.0,0.0,0.0,0.0,0.0
70,3,2.0,0.0,2.0,[69 71],0.0,0.0,0.0,0.0,0.0,0.0,0.0,0.0,0.0,0.0
70,4,2.0,0.0,2.0,[69 71],0.0,0.0,0.0,0.0,0.0,0.0,0.0,0.0,0.0,0.0
70,5,2.0,0.0,2.0,[69 71],0.0,0.0,0.0,0.0,0.0,0.0,0.0,0.0,0.0,0.0
70,6,2.0,0.0,2.0,[69 71],0.0,0.0,0.0,0.0,0.0,0.0,0.0,0.0,0.0,0.0
70,7,2.0,0.0,2.0,[69 71],0.0,0.0,0.0,0.0,0.0,0.0,0.0,0.0,0.0,0.0
70,8,2.0,0.0,2.0,[69 71],0.0,0.0,0.0,0.0,0.0,0.0,0.0,0.0,0.0,0.0
70,9,2.0,0.0,2.0,[69 71],0.0,0.0,0.0,0.0,0.0,0.0,0.0,0.0,0.0,0.0
70,10,2.0,0.0,2.0,[69 71],0.0,0.0,0.0,0.0,0.0,0.0,0.0,0.0,0.0,0.0
70,11,2.0,0.0,2.0,[69 71],0.0,0.0,0.0,0.0,0.0,0.0,0.0,0.0,0.0,0.0
70,12,2.0,0.0,2.0,[69 71],0.0,0.0,0.0,0.0,0.0,0.0,0.0,0.0,0.0,0.0
70,13,2.0,0.0,2.0,[69 71],0.0,0.0,0.0,0.0,0.0,0.0,0.0,0.0,0.0,0.0
70,14,2.0,0.0,2.0,[69 71],0.0,0.0,0.0,0.0,0.0,0.0,0.0,0.0,0.0,0.0
70,15,2.0,0.0,2.0,[69 71],0.0,0.0,0.0,0.0,0.0,0.0,0.0,0.0,0.0,0.0
70,16,2.0,0.0,2.0,[69 71],0.0,0.0,0.0,0.0,0.0,0.0,0.0,0.0,0.0,0.0
70,17,2.0,0.0,2.0,[69 71],0.0,0.0,0.0,0.0,0.0,0.0,0.0,0.0,0.0,0.0
70,18,2.0,0.0,2.0,[69 71],0.0,0.0,0.0,0.0,0.0,0.0,0.0,0.0,0.0,0.0
70,19,2.0,0.0,2.0,[69 71],0.0,0.0,0.0,0.0,0.0,0.0,0.0,0.0,0.0,0.0
70,20,2.0,0.0,2.0,[69 71],0.0,0.0,0.0,0.0,0.0,0.0,0.0,0.0,0.0,0.0
70,21,2.0,0.0,2.0,[69 71],0.0,0.0,0.0,0.0,0.0,0.0,0.0,0.0,0.0,0.0
70,22,2.0,0.0,2.0,[69 71],0.0,0.0,0.0,0.0,0.0,0.0,0.0,0.0,0.0,0.0
70,23,2.0,0.0,2.0,[69 71],0.0,0.0,0.0,0.0,0.0,0.0,0.0,0.0,0.0,0.0
70,24,2.0,0.0,2.0,[69 71],0.0,0.0,0.0,0.0,0.0,0.0,0.0,0.0,0.0,0.0
70,25,2.0,0.0,2.0,[69 71],0.0,0.0,0.0,0.0,0.0,0.0,0.0,0.0,0.0,0.0
70,26,2.0,0.0,2.0,[69 71],0.0,0.0,0.0,0.0,0.0,0.0,0.0,0.0,0.0,0.0
70,27,2.0,0.0,2.0,[69 71],0.0,0.0,0.0,0.0,0.0,0.0,0.0,0.0,0.0,0.0
70,28,2.0,0.0,2.0,[69 71],0.0,0.0,0.0,0.0,0.0,0.0,0.0,0.0,0.0,0.0
70,29,2.0,0.0,2.0,[69 71],0.0,0.0,0.0,0.0,0.0,0.0,0.0,0.0,0.0,0.0
70,30,2.0,0.0,2.0,[69 71],0.0,0.0,0.0,0.0,0.0,0.0,0.0,0.0,0.0,0.0
70,31,2.0,0.0,2.0,[69 71],0.0,0.0,0.0,0.0,0.0,0.0,0.0,0.0,0.0,0.0
70,32,2.0,0.0,2.0,[69 71],0.0,0.0,0.0,0.0,0.0,0.0,4.0,1.0,0.0,0.0
70,33,2.0,0.0,2.0,[69 71],0.0,0.0,0.0,0.0,0.0,0.0,14.0,0.0,4.0,1.0
70,34,2.0,0.0,2.0,[69 71],4.0,1.0,0.0,0.0,0.0,0.0,21.0,1.0,14.0,0.0
70,35,2.0,0.0,2.0,[69 71],14.0,0.0,0.0,0.0,4.0,1.0,22.0,1.0,21.0,1.0
70,36,2.0,0.0,2.0,[69 71],21.0,1.0,4.0,1.0,14.0,0.0,34.0,1.0,22.0,1.0
70,37,2.0,0.0,2.0,[69 71],22.0,1.0,14.0,0.0,21.0,1.0,41.0,4.0,34.0,1.0
70,38,2.0,0.0,2.0,[69 71],34.0,1.0,21.0,1.0,22.0,1.0,42.0,12.0,41.0,4.0
70,39,2.0,0.0,2.0,[69 71],41.0,4.0,22.0,1.0,34.0,1.0,57.0,12.0,42.0,12.0
70,40,2.0,0.0,2.0,[69 71],42.0,12.0,34.0,1.0,41.0,4.0,80.0,11.0,57.0,12.0
70,41,2.0,0.0,2.0,[69 71],57.0,12.0,41.0,4.0,42.0,12.0,100.0,21.0,80.0,11.0
70,42,2.0,0.0,2.0,[69 71],80.0,11.0,42.0,12.0,57.0,12.0,145.0,34.0,100.0,21.0
70,43,2.0,0.0,2.0,[69 71],100.0,21.0,57.0,12.0,80.0,11.0,183.0,63.0,145.0,34.0
70,44,2.0,0.0,2.0,[69 71],145.0,34.0,80.0,11.0,100.0,21.0,221.0,98.0,183.0,63.0
70,45,2.0,0.0,2.0,[69 71],183.0,63.0,100.0,21.0,145.0,34.0,277.0,186.0,221.0,98.0
70,46,2.0,0.0,2.0,[69 71],221.0,98.0,145.0,34.0,183.0,63.0,299.0,250.0,277.0,186.0
70,47,2.0,0.0,2.0,[69 71],277.0,186.0,183.0,63.0,221.0,98.0,286.0,267.0,299.0,250.0
70,48,2.0,0.0,2.0,[69 71],299.0,250.0,221.0,98.0,277.0,186.0,294.0,254.0,286.0,267.0
70,49,2.0,0.0,2.0,[69 71],286.0,267.0,277.0,186.0,299.0,250.0,272.0,449.0,294.0,254.0
70,50,2.0,0.0,2.0,[69 71],294.0,254.0,299.0,250.0,286.0,267.0,231.0,374.0,272.0,449.0
70,51,2.0,0.0,2.0,[69 71],272.0,449.0,286.0,267.0,294.0,254.0,170.0,233.0,231.0,374.0
70,52,2.0,0.0,2.0,[69 71],231.0,374.0,294.0,254.0,272.0,449.0,187.0,188.0,170.0,233.0
70,53,2.0,0.0,2.0,[69 71],170.0,233.0,272.0,449.0,231.0,374.0,123.0,149.0,187.0,188.0
70,54,2.0,0.0,2.0,[69 71],187.0,188.0,231.0,374.0,170.0,233.0,104.0,95.0,123.0,149.0
70,55,2.0,0.0,2.0,[69 71],123.0,149.0,170.0,233.0,187.0,188.0,97.0,102.0,104.0,95.0
70,56,2.0,0.0,2.0,[69 71],104.0,95.0,187.0,188.0,123.0,149.0,95.0,87.0,97.0,102.0
70,57,2.0,0.0,2.0,[69 71],97.0,102.0,123.0,149.0,104.0,95.0,72.0,96.0,95.0,87.0
70,58,2.0,0.0,2.0,[69 71],95.0,87.0,104.0,95.0,97.0,102.0,60.0,81.0,72.0,96.0
70,59,2.0,0.0,2.0,[69 71],72.0,96.0,97.0,102.0,95.0,87.0,57.0,67.0,60.0,81.0
70,60,2.0,0.0,2.0,[69 71],60.0,81.0,95.0,87.0,72.0,96.0,67.0,69.0,57.0,67.0
70,61,2.0,0.0,2.0,[69 71],57.0,67.0,72.0,96.0,60.0,81.0,53.0,77.0,67.0,69.0
70,62,2.0,0.0,2.0,[69 71],67.0,69.0,60.0,81.0,57.0,67.0,77.0,51.0,53.0,77.0
70,63,2.0,0.0,2.0,[69 71],53.0,77.0,57.0,67.0,67.0,69.0,66.0,61.0,77.0,51.0
70,64,2.0,0.0,2.0,[69 71],77.0,51.0,67.0,69.0,53.0,77.0,53.0,48.0,66.0,61.0
70,65,2.0,0.0,2.0,[69 71],66.0,61.0,53.0,77.0,77.0,51.0,57.0,70.0,53.0,48.0
70,66,2.0,0.0,2.0,[69 71],53.0,48.0,77.0,51.0,66.0,61.0,56.0,67.0,57.0,70.0
70,67,2.0,0.0,2.0,[69 71],57.0,70.0,66.0,61.0,53.0,48.0,44.0,37.0,56.0,67.0
70,68,2.0,0.0,2.0,[69 71],56.0,67.0,53.0,48.0,57.0,70.0,64.0,57.0,44.0,37.0
70,69,2.0,0.0,2.0,[69 71],44.0,37.0,57.0,70.0,56.0,67.0,51.0,67.0,64.0,57.0
70,70,2.0,0.0,2.0,[69 71],64.0,57.0,56.0,67.0,44.0,37.0,65.0,57.0,51.0,67.0
70,71,2.0,0.0,2.0,[69 71],51.0,67.0,44.0,37.0,64.0,57.0,59.0,57.0,65.0,57.0
70,72,2.0,0.0,2.0,[69 71],65.0,57.0,64.0,57.0,51.0,67.0,67.0,79.0,59.0,57.0
70,73,2.0,0.0,2.0,[69 71],59.0,57.0,51.0,67.0,65.0,57.0,69.0,80.0,67.0,79.0
70,74,2.0,0.0,2.0,[69 71],67.0,79.0,65.0,57.0,59.0,57.0,79.0,75.0,69.0,80.0
70,75,2.0,0.0,2.0,[69 71],69.0,80.0,59.0,57.0,67.0,79.0,44.0,39.0,79.0,75.0
70,76,2.0,0.0,2.0,[69 71],79.0,75.0,67.0,79.0,69.0,80.0,83.0,62.0,44.0,39.0
70,77,2.0,0.0,2.0,[69 71],44.0,39.0,69.0,80.0,79.0,75.0,71.0,58.0,83.0,62.0
70,78,2.0,0.0,2.0,[69 71],83.0,62.0,79.0,75.0,44.0,39.0,55.0,65.0,71.0,58.0
70,79,2.0,0.0,2.0,[69 71],71.0,58.0,44.0,39.0,83.0,62.0,51.0,48.0,55.0,65.0
70,80,2.0,0.0,2.0,[69 71],55.0,65.0,83.0,62.0,71.0,58.0,53.0,61.0,51.0,48.0
70,81,2.0,0.0,2.0,[69 71],51.0,48.0,71.0,58.0,55.0,65.0,72.0,63.0,53.0,61.0
70,82,2.0,0.0,2.0,[69 71],53.0,61.0,55.0,65.0,51.0,48.0,60.0,72.0,72.0,63.0
70,83,2.0,0.0,2.0,[69 71],72.0,63.0,51.0,48.0,53.0,61.0,39.0,62.0,60.0,72.0
70,84,2.0,0.0,2.0,[69 71],60.0,72.0,53.0,61.0,72.0,63.0,56.0,46.0,39.0,62.0
70,85,2.0,0.0,2.0,[69 71],39.0,62.0,72.0,63.0,60.0,72.0,66.0,59.0,56.0,46.0
70,86,2.0,0.0,2.0,[69 71],56.0,46.0,60.0,72.0,39.0,62.0,59.0,54.0,66.0,59.0
70,87,2.0,0.0,2.0,[69 71],66.0,59.0,39.0,62.0,56.0,46.0,59.0,50.0,59.0,54.0
70,88,2.0,0.0,2.0,[69 71],59.0,54.0,56.0,46.0,66.0,59.0,43.0,58.0,59.0,50.0
70,89,2.0,0.0,2.0,[69 71],59.0,50.0,66.0,59.0,59.0,54.0,69.0,55.0,43.0,58.0
70,90,2.0,0.0,2.0,[69 71],43.0,58.0,59.0,54.0,59.0,50.0,61.0,63.0,69.0,55.0
70,91,2.0,0.0,2.0,[69 71],69.0,55.0,59.0,50.0,43.0,58.0,47.0,68.0,61.0,63.0
70,92,2.0,0.0,2.0,[69 71],61.0,63.0,43.0,58.0,69.0,55.0,54.0,89.0,47.0,68.0
70,93,2.0,0.0,2.0,[69 71],47.0,68.0,69.0,55.0,61.0,63.0,54.0,70.0,54.0,89.0
70,94,2.0,0.0,2.0,[69 71],54.0,89.0,61.0,63.0,47.0,68.0,52.0,73.0,54.0,70.0
70,95,2.0,0.0,2.0,[69 71],54.0,70.0,47.0,68.0,54.0,89.0,65.0,66.0,52.0,73.0
70,96,2.0,0.0,2.0,[69 71],52.0,73.0,54.0,89.0,54.0,70.0,70.0,104.0,65.0,66.0
70,97,2.0,0.0,2.0,[69 71],65.0,66.0,54.0,70.0,52.0,73.0,79.0,68.0,70.0,104.0
70,98,2.0,0.0,2.0,[69 71],70.0,104.0,52.0,73.0,65.0,66.0,81.0,95.0,79.0,68.0
70,99,2.0,0.0,2.0,[69 71],79.0,68.0,65.0,66.0,70.0,104.0,80.0,121.0,81.0,95.0
70,100,2.0,0.0,2.0,[69 71],81.0,95.0,70.0,104.0,79.0,68.0,95.0,112.0,80.0,121.0
70,101,2.0,0.0,2.0,[69 71],80.0,121.0,79.0,68.0,81.0,95.0,128.0,106.0,95.0,112.0
70,102,2.0,0.0,2.0,[69 71],95.0,112.0,81.0,95.0,80.0,121.0,166.0,116.0,128.0,106.0
70,103,2.0,0.0,2.0,[69 71],128.0,106.0,80.0,121.0,95.0,112.0,167.0,186.0,166.0,116.0
70,104,2.0,0.0,2.0,[69 71],166.0,116.0,95.0,112.0,128.0,106.0,169.0,175.0,167.0,186.0
70,105,2.0,0.0,2.0,[69 71],167.0,186.0,128.0,106.0,166.0,116.0,225.0,149.0,169.0,175.0
70,106,2.0,0.0,2.0,[69 71],169.0,175.0,166.0,116.0,167.0,186.0,220.0,206.0,225.0,149.0
70,107,2.0,0.0,2.0,[69 71],225.0,149.0,167.0,186.0,169.0,175.0,230.0,220.0,220.0,206.0
70,108,2.0,0.0,2.0,[69 71],220.0,206.0,169.0,175.0,225.0,149.0,264.0,232.0,230.0,220.0
70,109,2.0,0.0,2.0,[69 71],230.0,220.0,225.0,149.0,220.0,206.0,199.0,224.0,264.0,232.0
70,110,2.0,0.0,2.0,[69 71],264.0,232.0,220.0,206.0,230.0,220.0,143.0,176.0,199.0,224.0
70,111,2.0,0.0,2.0,[69 71],199.0,224.0,230.0,220.0,264.0,232.0,138.0,157.0,143.0,176.0
70,112,2.0,0.0,2.0,[69 71],143.0,176.0,264.0,232.0,199.0,224.0,95.0,140.0,138.0,157.0
70,113,2.0,0.0,2.0,[69 71],138.0,157.0,199.0,224.0,143.0,176.0,81.0,140.0,95.0,140.0
70,114,2.0,0.0,2.0,[69 71],95.0,140.0,143.0,176.0,138.0,157.0,101.0,129.0,81.0,140.0
70,115,2.0,0.0,2.0,[69 71],81.0,140.0,138.0,157.0,95.0,140.0,106.0,90.0,101.0,129.0
70,116,2.0,0.0,2.0,[69 71],101.0,129.0,95.0,140.0,81.0,140.0,74.0,130.0,106.0,90.0
70,117,2.0,0.0,2.0,[69 71],106.0,90.0,81.0,140.0,101.0,129.0,95.0,98.0,74.0,130.0
70,118,2.0,0.0,2.0,[69 71],74.0,130.0,101.0,129.0,106.0,90.0,62.0,53.0,95.0,98.0
70,119,2.0,0.0,2.0,[69 71],95.0,98.0,106.0,90.0,74.0,130.0,96.0,118.0,62.0,53.0
70,120,2.0,0.0,2.0,[69 71],62.0,53.0,74.0,130.0,95.0,98.0,102.0,77.0,96.0,118.0
70,121,2.0,0.0,2.0,[69 71],96.0,118.0,95.0,98.0,62.0,53.0,109.0,149.0,102.0,77.0
70,122,2.0,0.0,2.0,[69 71],102.0,77.0,62.0,53.0,96.0,118.0,66.0,63.0,109.0,149.0
70,123,2.0,0.0,2.0,[69 71],109.0,149.0,96.0,118.0,102.0,77.0,84.0,118.0,66.0,63.0
70,124,2.0,0.0,2.0,[69 71],66.0,63.0,102.0,77.0,109.0,149.0,73.0,127.0,84.0,118.0
70,125,2.0,0.0,2.0,[69 71],84.0,118.0,109.0,149.0,66.0,63.0,87.0,92.0,73.0,127.0
70,126,2.0,0.0,2.0,[69 71],73.0,127.0,66.0,63.0,84.0,118.0,79.0,110.0,87.0,92.0
70,127,2.0,0.0,2.0,[69 71],87.0,92.0,84.0,118.0,73.0,127.0,72.0,111.0,79.0,110.0
70,128,2.0,0.0,2.0,[69 71],79.0,110.0,73.0,127.0,87.0,92.0,71.0,86.0,72.0,111.0
70,129,2.0,0.0,2.0,[69 71],72.0,111.0,87.0,92.0,79.0,110.0,49.0,108.0,71.0,86.0
70,130,2.0,0.0,2.0,[69 71],71.0,86.0,79.0,110.0,72.0,111.0,50.0,82.0,49.0,108.0
70,131,2.0,0.0,2.0,[69 71],49.0,108.0,72.0,111.0,71.0,86.0,59.0,72.0,50.0,82.0
70,132,2.0,0.0,2.0,[69 71],50.0,82.0,71.0,86.0,49.0,108.0,36.0,40.0,59.0,72.0
70,133,2.0,0.0,2.0,[69 71],59.0,72.0,49.0,108.0,50.0,82.0,19.0,103.0,36.0,40.0
70,134,2.0,0.0,2.0,[69 71],36.0,40.0,50.0,82.0,59.0,72.0,20.0,42.0,19.0,103.0
70,135,2.0,0.0,2.0,[69 71],19.0,103.0,59.0,72.0,36.0,40.0,17.0,65.0,20.0,42.0
70,136,2.0,0.0,2.0,[69 71],20.0,42.0,36.0,40.0,19.0,103.0,9.0,40.0,17.0,65.0
70,137,2.0,0.0,2.0,[69 71],17.0,65.0,19.0,103.0,20.0,42.0,5.0,46.0,9.0,40.0
70,138,2.0,0.0,2.0,[69 71],9.0,40.0,20.0,42.0,17.0,65.0,0.0,10.0,5.0,46.0
70,139,2.0,0.0,2.0,[69 71],5.0,46.0,17.0,65.0,9.0,40.0,0.0,15.0,0.0,10.0
70,140,2.0,0.0,2.0,[69 71],0.0,10.0,9.0,40.0,5.0,46.0,1.0,13.0,0.0,15.0
70,141,2.0,0.0,2.0,[69 71],0.0,15.0,5.0,46.0,0.0,10.0,0.0,3.0,1.0,13.0
70,142,2.0,0.0,2.0,[69 71],1.0,13.0,0.0,10.0,0.0,15.0,0.0,0.0,0.0,3.0
70,143,2.0,0.0,2.0,[69 71],0.0,3.0,0.0,15.0,1.0,13.0,0.0,0.0,0.0,0.0
71,0,2.0,0.0,2.0,[70 72],0.0,0.0,0.0,0.0,0.0,0.0,0.0,0.0,0.0,0.0
71,1,2.0,0.0,2.0,[70 72],0.0,0.0,0.0,0.0,0.0,0.0,0.0,0.0,0.0,0.0
71,2,2.0,0.0,2.0,[70 72],0.0,0.0,0.0,0.0,0.0,0.0,0.0,0.0,0.0,0.0
71,3,2.0,0.0,2.0,[70 72],0.0,0.0,0.0,0.0,0.0,0.0,0.0,0.0,0.0,0.0
71,4,2.0,0.0,2.0,[70 72],0.0,0.0,0.0,0.0,0.0,0.0,0.0,0.0,0.0,0.0
71,5,2.0,0.0,2.0,[70 72],0.0,0.0,0.0,0.0,0.0,0.0,0.0,0.0,0.0,0.0
71,6,2.0,0.0,2.0,[70 72],0.0,0.0,0.0,0.0,0.0,0.0,0.0,0.0,0.0,0.0
71,7,2.0,0.0,2.0,[70 72],0.0,0.0,0.0,0.0,0.0,0.0,0.0,0.0,0.0,0.0
71,8,2.0,0.0,2.0,[70 72],0.0,0.0,0.0,0.0,0.0,0.0,0.0,0.0,0.0,0.0
71,9,2.0,0.0,2.0,[70 72],0.0,0.0,0.0,0.0,0.0,0.0,0.0,0.0,0.0,0.0
71,10,2.0,0.0,2.0,[70 72],0.0,0.0,0.0,0.0,0.0,0.0,0.0,0.0,0.0,0.0
71,11,2.0,0.0,2.0,[70 72],0.0,0.0,0.0,0.0,0.0,0.0,0.0,0.0,0.0,0.0
71,12,2.0,0.0,2.0,[70 72],0.0,0.0,0.0,0.0,0.0,0.0,0.0,0.0,0.0,0.0
71,13,2.0,0.0,2.0,[70 72],0.0,0.0,0.0,0.0,0.0,0.0,0.0,0.0,0.0,0.0
71,14,2.0,0.0,2.0,[70 72],0.0,0.0,0.0,0.0,0.0,0.0,0.0,0.0,0.0,0.0
71,15,2.0,0.0,2.0,[70 72],0.0,0.0,0.0,0.0,0.0,0.0,0.0,0.0,0.0,0.0
71,16,2.0,0.0,2.0,[70 72],0.0,0.0,0.0,0.0,0.0,0.0,0.0,0.0,0.0,0.0
71,17,2.0,0.0,2.0,[70 72],0.0,0.0,0.0,0.0,0.0,0.0,0.0,0.0,0.0,0.0
71,18,2.0,0.0,2.0,[70 72],0.0,0.0,0.0,0.0,0.0,0.0,0.0,0.0,0.0,0.0
71,19,2.0,0.0,2.0,[70 72],0.0,0.0,0.0,0.0,0.0,0.0,0.0,0.0,0.0,0.0
71,20,2.0,0.0,2.0,[70 72],0.0,0.0,0.0,0.0,0.0,0.0,0.0,0.0,0.0,0.0
71,21,2.0,0.0,2.0,[70 72],0.0,0.0,0.0,0.0,0.0,0.0,0.0,0.0,0.0,0.0
71,22,2.0,0.0,2.0,[70 72],0.0,0.0,0.0,0.0,0.0,0.0,0.0,0.0,0.0,0.0
71,23,2.0,0.0,2.0,[70 72],0.0,0.0,0.0,0.0,0.0,0.0,0.0,0.0,0.0,0.0
71,24,2.0,0.0,2.0,[70 72],0.0,0.0,0.0,0.0,0.0,0.0,0.0,0.0,0.0,0.0
71,25,2.0,0.0,2.0,[70 72],0.0,0.0,0.0,0.0,0.0,0.0,0.0,0.0,0.0,0.0
71,26,2.0,0.0,2.0,[70 72],0.0,0.0,0.0,0.0,0.0,0.0,0.0,0.0,0.0,0.0
71,27,2.0,0.0,2.0,[70 72],0.0,0.0,0.0,0.0,0.0,0.0,0.0,0.0,0.0,0.0
71,28,2.0,0.0,2.0,[70 72],0.0,0.0,0.0,0.0,0.0,0.0,0.0,0.0,0.0,0.0
71,29,2.0,0.0,2.0,[70 72],0.0,0.0,0.0,0.0,0.0,0.0,0.0,0.0,0.0,0.0
71,30,2.0,0.0,2.0,[70 72],0.0,0.0,0.0,0.0,0.0,0.0,0.0,0.0,0.0,0.0
71,31,2.0,0.0,2.0,[70 72],0.0,0.0,0.0,0.0,0.0,0.0,0.0,0.0,0.0,0.0
71,32,2.0,0.0,2.0,[70 72],0.0,0.0,0.0,0.0,0.0,0.0,0.0,0.0,0.0,0.0
71,33,2.0,0.0,2.0,[70 72],0.0,0.0,0.0,0.0,0.0,0.0,9.0,0.0,0.0,0.0
71,34,2.0,0.0,2.0,[70 72],0.0,0.0,0.0,0.0,0.0,0.0,12.0,0.0,9.0,0.0
71,35,2.0,0.0,2.0,[70 72],9.0,0.0,0.0,0.0,0.0,0.0,7.0,4.0,12.0,0.0
71,36,2.0,0.0,2.0,[70 72],12.0,0.0,0.0,0.0,9.0,0.0,15.0,3.0,7.0,4.0
71,37,2.0,0.0,2.0,[70 72],7.0,4.0,9.0,0.0,12.0,0.0,23.0,11.0,15.0,3.0
71,38,2.0,0.0,2.0,[70 72],15.0,3.0,12.0,0.0,7.0,4.0,43.0,7.0,23.0,11.0
71,39,2.0,0.0,2.0,[70 72],23.0,11.0,7.0,4.0,15.0,3.0,45.0,12.0,43.0,7.0
71,40,2.0,0.0,2.0,[70 72],43.0,7.0,15.0,3.0,23.0,11.0,55.0,22.0,45.0,12.0
71,41,2.0,0.0,2.0,[70 72],45.0,12.0,23.0,11.0,43.0,7.0,76.0,21.0,55.0,22.0
71,42,2.0,0.0,2.0,[70 72],55.0,22.0,43.0,7.0,45.0,12.0,118.0,27.0,76.0,21.0
71,43,2.0,0.0,2.0,[70 72],76.0,21.0,45.0,12.0,55.0,22.0,125.0,46.0,118.0,27.0
71,44,2.0,0.0,2.0,[70 72],118.0,27.0,55.0,22.0,76.0,21.0,175.0,42.0,125.0,46.0
71,45,2.0,0.0,2.0,[70 72],125.0,46.0,76.0,21.0,118.0,27.0,194.0,92.0,175.0,42.0
71,46,2.0,0.0,2.0,[70 72],175.0,42.0,118.0,27.0,125.0,46.0,200.0,119.0,194.0,92.0
71,47,2.0,0.0,2.0,[70 72],194.0,92.0,125.0,46.0,175.0,42.0,185.0,214.0,200.0,119.0
71,48,2.0,0.0,2.0,[70 72],200.0,119.0,175.0,42.0,194.0,92.0,197.0,236.0,185.0,214.0
71,49,2.0,0.0,2.0,[70 72],185.0,214.0,194.0,92.0,200.0,119.0,184.0,181.0,197.0,236.0
71,50,2.0,0.0,2.0,[70 72],197.0,236.0,200.0,119.0,185.0,214.0,142.0,198.0,184.0,181.0
71,51,2.0,0.0,2.0,[70 72],184.0,181.0,185.0,214.0,197.0,236.0,113.0,158.0,142.0,198.0
71,52,2.0,0.0,2.0,[70 72],142.0,198.0,197.0,236.0,184.0,181.0,87.0,159.0,113.0,158.0
71,53,2.0,0.0,2.0,[70 72],113.0,158.0,184.0,181.0,142.0,198.0,80.0,84.0,87.0,159.0
71,54,2.0,0.0,2.0,[70 72],87.0,159.0,142.0,198.0,113.0,158.0,85.0,112.0,80.0,84.0
71,55,2.0,0.0,2.0,[70 72],80.0,84.0,113.0,158.0,87.0,159.0,58.0,65.0,85.0,112.0
71,56,2.0,0.0,2.0,[70 72],85.0,112.0,87.0,159.0,80.0,84.0,68.0,82.0,58.0,65.0
71,57,2.0,0.0,2.0,[70 72],58.0,65.0,80.0,84.0,85.0,112.0,47.0,74.0,68.0,82.0
71,58,2.0,0.0,2.0,[70 72],68.0,82.0,85.0,112.0,58.0,65.0,66.0,71.0,47.0,74.0
71,59,2.0,0.0,2.0,[70 72],47.0,74.0,58.0,65.0,68.0,82.0,34.0,47.0,66.0,71.0
71,60,2.0,0.0,2.0,[70 72],66.0,71.0,68.0,82.0,47.0,74.0,62.0,49.0,34.0,47.0
71,61,2.0,0.0,2.0,[70 72],34.0,47.0,47.0,74.0,66.0,71.0,80.0,51.0,62.0,49.0
71,62,2.0,0.0,2.0,[70 72],62.0,49.0,66.0,71.0,34.0,47.0,34.0,39.0,80.0,51.0
71,63,2.0,0.0,2.0,[70 72],80.0,51.0,34.0,47.0,62.0,49.0,51.0,44.0,34.0,39.0
71,64,2.0,0.0,2.0,[70 72],34.0,39.0,62.0,49.0,80.0,51.0,41.0,44.0,51.0,44.0
71,65,2.0,0.0,2.0,[70 72],51.0,44.0,80.0,51.0,34.0,39.0,37.0,48.0,41.0,44.0
71,66,2.0,0.0,2.0,[70 72],41.0,44.0,34.0,39.0,51.0,44.0,50.0,40.0,37.0,48.0
71,67,2.0,0.0,2.0,[70 72],37.0,48.0,51.0,44.0,41.0,44.0,38.0,32.0,50.0,40.0
71,68,2.0,0.0,2.0,[70 72],50.0,40.0,41.0,44.0,37.0,48.0,42.0,54.0,38.0,32.0
71,69,2.0,0.0,2.0,[70 72],38.0,32.0,37.0,48.0,50.0,40.0,44.0,23.0,42.0,54.0
71,70,2.0,0.0,2.0,[70 72],42.0,54.0,50.0,40.0,38.0,32.0,58.0,46.0,44.0,23.0
71,71,2.0,0.0,2.0,[70 72],44.0,23.0,38.0,32.0,42.0,54.0,77.0,50.0,58.0,46.0
71,72,2.0,0.0,2.0,[70 72],58.0,46.0,42.0,54.0,44.0,23.0,42.0,40.0,77.0,50.0
71,73,2.0,0.0,2.0,[70 72],77.0,50.0,44.0,23.0,58.0,46.0,46.0,38.0,42.0,40.0
71,74,2.0,0.0,2.0,[70 72],42.0,40.0,58.0,46.0,77.0,50.0,44.0,45.0,46.0,38.0
71,75,2.0,0.0,2.0,[70 72],46.0,38.0,77.0,50.0,42.0,40.0,40.0,53.0,44.0,45.0
71,76,2.0,0.0,2.0,[70 72],44.0,45.0,42.0,40.0,46.0,38.0,45.0,49.0,40.0,53.0
71,77,2.0,0.0,2.0,[70 72],40.0,53.0,46.0,38.0,44.0,45.0,41.0,55.0,45.0,49.0
71,78,2.0,0.0,2.0,[70 72],45.0,49.0,44.0,45.0,40.0,53.0,50.0,48.0,41.0,55.0
71,79,2.0,0.0,2.0,[70 72],41.0,55.0,40.0,53.0,45.0,49.0,45.0,58.0,50.0,48.0
71,80,2.0,0.0,2.0,[70 72],50.0,48.0,45.0,49.0,41.0,55.0,49.0,53.0,45.0,58.0
71,81,2.0,0.0,2.0,[70 72],45.0,58.0,41.0,55.0,50.0,48.0,43.0,47.0,49.0,53.0
71,82,2.0,0.0,2.0,[70 72],49.0,53.0,50.0,48.0,45.0,58.0,36.0,63.0,43.0,47.0
71,83,2.0,0.0,2.0,[70 72],43.0,47.0,45.0,58.0,49.0,53.0,45.0,53.0,36.0,63.0
71,84,2.0,0.0,2.0,[70 72],36.0,63.0,49.0,53.0,43.0,47.0,51.0,55.0,45.0,53.0
71,85,2.0,0.0,2.0,[70 72],45.0,53.0,43.0,47.0,36.0,63.0,35.0,59.0,51.0,55.0
71,86,2.0,0.0,2.0,[70 72],51.0,55.0,36.0,63.0,45.0,53.0,51.0,56.0,35.0,59.0
71,87,2.0,0.0,2.0,[70 72],35.0,59.0,45.0,53.0,51.0,55.0,49.0,42.0,51.0,56.0
71,88,2.0,0.0,2.0,[70 72],51.0,56.0,51.0,55.0,35.0,59.0,45.0,38.0,49.0,42.0
71,89,2.0,0.0,2.0,[70 72],49.0,42.0,35.0,59.0,51.0,56.0,62.0,54.0,45.0,38.0
71,90,2.0,0.0,2.0,[70 72],45.0,38.0,51.0,56.0,49.0,42.0,54.0,36.0,62.0,54.0
71,91,2.0,0.0,2.0,[70 72],62.0,54.0,49.0,42.0,45.0,38.0,42.0,43.0,54.0,36.0
71,92,2.0,0.0,2.0,[70 72],54.0,36.0,45.0,38.0,62.0,54.0,37.0,52.0,42.0,43.0
71,93,2.0,0.0,2.0,[70 72],42.0,43.0,62.0,54.0,54.0,36.0,57.0,61.0,37.0,52.0
71,94,2.0,0.0,2.0,[70 72],37.0,52.0,54.0,36.0,42.0,43.0,57.0,56.0,57.0,61.0
71,95,2.0,0.0,2.0,[70 72],57.0,61.0,42.0,43.0,37.0,52.0,43.0,62.0,57.0,56.0
71,96,2.0,0.0,2.0,[70 72],57.0,56.0,37.0,52.0,57.0,61.0,63.0,60.0,43.0,62.0
71,97,2.0,0.0,2.0,[70 72],43.0,62.0,57.0,61.0,57.0,56.0,46.0,60.0,63.0,60.0
71,98,2.0,0.0,2.0,[70 72],63.0,60.0,57.0,56.0,43.0,62.0,83.0,42.0,46.0,60.0
71,99,2.0,0.0,2.0,[70 72],46.0,60.0,43.0,62.0,63.0,60.0,75.0,73.0,83.0,42.0
71,100,2.0,0.0,2.0,[70 72],83.0,42.0,63.0,60.0,46.0,60.0,108.0,66.0,75.0,73.0
71,101,2.0,0.0,2.0,[70 72],75.0,73.0,46.0,60.0,83.0,42.0,212.0,79.0,108.0,66.0
71,102,2.0,0.0,2.0,[70 72],108.0,66.0,83.0,42.0,75.0,73.0,171.0,116.0,212.0,79.0
71,103,2.0,0.0,2.0,[70 72],212.0,79.0,75.0,73.0,108.0,66.0,138.0,102.0,171.0,116.0
71,104,2.0,0.0,2.0,[70 72],171.0,116.0,108.0,66.0,212.0,79.0,207.0,115.0,138.0,102.0
71,105,2.0,0.0,2.0,[70 72],138.0,102.0,212.0,79.0,171.0,116.0,175.0,152.0,207.0,115.0
71,106,2.0,0.0,2.0,[70 72],207.0,115.0,171.0,116.0,138.0,102.0,103.0,175.0,175.0,152.0
71,107,2.0,0.0,2.0,[70 72],175.0,152.0,138.0,102.0,207.0,115.0,142.0,139.0,103.0,175.0
71,108,2.0,0.0,2.0,[70 72],103.0,175.0,207.0,115.0,175.0,152.0,116.0,129.0,142.0,139.0
71,109,2.0,0.0,2.0,[70 72],142.0,139.0,175.0,152.0,103.0,175.0,102.0,118.0,116.0,129.0
71,110,2.0,0.0,2.0,[70 72],116.0,129.0,103.0,175.0,142.0,139.0,88.0,88.0,102.0,118.0
71,111,2.0,0.0,2.0,[70 72],102.0,118.0,142.0,139.0,116.0,129.0,85.0,68.0,88.0,88.0
71,112,2.0,0.0,2.0,[70 72],88.0,88.0,116.0,129.0,102.0,118.0,56.0,66.0,85.0,68.0
71,113,2.0,0.0,2.0,[70 72],85.0,68.0,102.0,118.0,88.0,88.0,77.0,54.0,56.0,66.0
71,114,2.0,0.0,2.0,[70 72],56.0,66.0,88.0,88.0,85.0,68.0,38.0,49.0,77.0,54.0
71,115,2.0,0.0,2.0,[70 72],77.0,54.0,85.0,68.0,56.0,66.0,35.0,58.0,38.0,49.0
71,116,2.0,0.0,2.0,[70 72],38.0,49.0,56.0,66.0,77.0,54.0,54.0,73.0,35.0,58.0
71,117,2.0,0.0,2.0,[70 72],35.0,58.0,77.0,54.0,38.0,49.0,41.0,60.0,54.0,73.0
71,118,2.0,0.0,2.0,[70 72],54.0,73.0,38.0,49.0,35.0,58.0,36.0,78.0,41.0,60.0
71,119,2.0,0.0,2.0,[70 72],41.0,60.0,35.0,58.0,54.0,73.0,42.0,41.0,36.0,78.0
71,120,2.0,0.0,2.0,[70 72],36.0,78.0,54.0,73.0,41.0,60.0,36.0,52.0,42.0,41.0
71,121,2.0,0.0,2.0,[70 72],42.0,41.0,41.0,60.0,36.0,78.0,34.0,66.0,36.0,52.0
71,122,2.0,0.0,2.0,[70 72],36.0,52.0,36.0,78.0,42.0,41.0,43.0,68.0,34.0,66.0
71,123,2.0,0.0,2.0,[70 72],34.0,66.0,42.0,41.0,36.0,52.0,62.0,56.0,43.0,68.0
71,124,2.0,0.0,2.0,[70 72],43.0,68.0,36.0,52.0,34.0,66.0,33.0,62.0,62.0,56.0
71,125,2.0,0.0,2.0,[70 72],62.0,56.0,34.0,66.0,43.0,68.0,27.0,67.0,33.0,62.0
71,126,2.0,0.0,2.0,[70 72],33.0,62.0,43.0,68.0,62.0,56.0,23.0,62.0,27.0,67.0
71,127,2.0,0.0,2.0,[70 72],27.0,67.0,62.0,56.0,33.0,62.0,23.0,62.0,23.0,62.0
71,128,2.0,0.0,2.0,[70 72],23.0,62.0,33.0,62.0,27.0,67.0,16.0,58.0,23.0,62.0
71,129,2.0,0.0,2.0,[70 72],23.0,62.0,27.0,67.0,23.0,62.0,15.0,46.0,16.0,58.0
71,130,2.0,0.0,2.0,[70 72],16.0,58.0,23.0,62.0,23.0,62.0,9.0,52.0,15.0,46.0
71,131,2.0,0.0,2.0,[70 72],15.0,46.0,23.0,62.0,16.0,58.0,9.0,37.0,9.0,52.0
71,132,2.0,0.0,2.0,[70 72],9.0,52.0,16.0,58.0,15.0,46.0,11.0,37.0,9.0,37.0
71,133,2.0,0.0,2.0,[70 72],9.0,37.0,15.0,46.0,9.0,52.0,6.0,20.0,11.0,37.0
71,134,2.0,0.0,2.0,[70 72],11.0,37.0,9.0,52.0,9.0,37.0,8.0,36.0,6.0,20.0
71,135,2.0,0.0,2.0,[70 72],6.0,20.0,9.0,37.0,11.0,37.0,4.0,9.0,8.0,36.0
71,136,2.0,0.0,2.0,[70 72],8.0,36.0,11.0,37.0,6.0,20.0,6.0,18.0,4.0,9.0
71,137,2.0,0.0,2.0,[70 72],4.0,9.0,6.0,20.0,8.0,36.0,0.0,9.0,6.0,18.0
71,138,2.0,0.0,2.0,[70 72],6.0,18.0,8.0,36.0,4.0,9.0,0.0,18.0,0.0,9.0
71,139,2.0,0.0,2.0,[70 72],0.0,9.0,4.0,9.0,6.0,18.0,0.0,2.0,0.0,18.0
71,140,2.0,0.0,2.0,[70 72],0.0,18.0,6.0,18.0,0.0,9.0,0.0,2.0,0.0,2.0
71,141,2.0,0.0,2.0,[70 72],0.0,2.0,0.0,9.0,0.0,18.0,0.0,0.0,0.0,2.0
71,142,2.0,0.0,2.0,[70 72],0.0,2.0,0.0,18.0,0.0,2.0,0.0,0.0,0.0,0.0
71,143,2.0,0.0,2.0,[70 72],0.0,0.0,0.0,2.0,0.0,2.0,0.0,0.0,0.0,0.0
72,0,2.0,0.0,2.0,[71 73],0.0,0.0,0.0,0.0,0.0,0.0,0.0,0.0,0.0,0.0
72,1,2.0,0.0,2.0,[71 73],0.0,0.0,0.0,0.0,0.0,0.0,0.0,0.0,0.0,0.0
72,2,2.0,0.0,2.0,[71 73],0.0,0.0,0.0,0.0,0.0,0.0,0.0,0.0,0.0,0.0
72,3,2.0,0.0,2.0,[71 73],0.0,0.0,0.0,0.0,0.0,0.0,0.0,0.0,0.0,0.0
72,4,2.0,0.0,2.0,[71 73],0.0,0.0,0.0,0.0,0.0,0.0,0.0,0.0,0.0,0.0
72,5,2.0,0.0,2.0,[71 73],0.0,0.0,0.0,0.0,0.0,0.0,0.0,0.0,0.0,0.0
72,6,2.0,0.0,2.0,[71 73],0.0,0.0,0.0,0.0,0.0,0.0,0.0,0.0,0.0,0.0
72,7,2.0,0.0,2.0,[71 73],0.0,0.0,0.0,0.0,0.0,0.0,0.0,0.0,0.0,0.0
72,8,2.0,0.0,2.0,[71 73],0.0,0.0,0.0,0.0,0.0,0.0,0.0,0.0,0.0,0.0
72,9,2.0,0.0,2.0,[71 73],0.0,0.0,0.0,0.0,0.0,0.0,0.0,0.0,0.0,0.0
72,10,2.0,0.0,2.0,[71 73],0.0,0.0,0.0,0.0,0.0,0.0,0.0,0.0,0.0,0.0
72,11,2.0,0.0,2.0,[71 73],0.0,0.0,0.0,0.0,0.0,0.0,0.0,0.0,0.0,0.0
72,12,2.0,0.0,2.0,[71 73],0.0,0.0,0.0,0.0,0.0,0.0,0.0,0.0,0.0,0.0
72,13,2.0,0.0,2.0,[71 73],0.0,0.0,0.0,0.0,0.0,0.0,0.0,0.0,0.0,0.0
72,14,2.0,0.0,2.0,[71 73],0.0,0.0,0.0,0.0,0.0,0.0,0.0,0.0,0.0,0.0
72,15,2.0,0.0,2.0,[71 73],0.0,0.0,0.0,0.0,0.0,0.0,0.0,0.0,0.0,0.0
72,16,2.0,0.0,2.0,[71 73],0.0,0.0,0.0,0.0,0.0,0.0,0.0,0.0,0.0,0.0
72,17,2.0,0.0,2.0,[71 73],0.0,0.0,0.0,0.0,0.0,0.0,0.0,0.0,0.0,0.0
72,18,2.0,0.0,2.0,[71 73],0.0,0.0,0.0,0.0,0.0,0.0,0.0,0.0,0.0,0.0
72,19,2.0,0.0,2.0,[71 73],0.0,0.0,0.0,0.0,0.0,0.0,0.0,0.0,0.0,0.0
72,20,2.0,0.0,2.0,[71 73],0.0,0.0,0.0,0.0,0.0,0.0,0.0,0.0,0.0,0.0
72,21,2.0,0.0,2.0,[71 73],0.0,0.0,0.0,0.0,0.0,0.0,0.0,0.0,0.0,0.0
72,22,2.0,0.0,2.0,[71 73],0.0,0.0,0.0,0.0,0.0,0.0,0.0,0.0,0.0,0.0
72,23,2.0,0.0,2.0,[71 73],0.0,0.0,0.0,0.0,0.0,0.0,0.0,0.0,0.0,0.0
72,24,2.0,0.0,2.0,[71 73],0.0,0.0,0.0,0.0,0.0,0.0,0.0,0.0,0.0,0.0
72,25,2.0,0.0,2.0,[71 73],0.0,0.0,0.0,0.0,0.0,0.0,0.0,0.0,0.0,0.0
72,26,2.0,0.0,2.0,[71 73],0.0,0.0,0.0,0.0,0.0,0.0,0.0,0.0,0.0,0.0
72,27,2.0,0.0,2.0,[71 73],0.0,0.0,0.0,0.0,0.0,0.0,0.0,0.0,0.0,0.0
72,28,2.0,0.0,2.0,[71 73],0.0,0.0,0.0,0.0,0.0,0.0,0.0,0.0,0.0,0.0
72,29,2.0,0.0,2.0,[71 73],0.0,0.0,0.0,0.0,0.0,0.0,0.0,0.0,0.0,0.0
72,30,2.0,0.0,2.0,[71 73],0.0,0.0,0.0,0.0,0.0,0.0,0.0,0.0,0.0,0.0
72,31,2.0,0.0,2.0,[71 73],0.0,0.0,0.0,0.0,0.0,0.0,0.0,0.0,0.0,0.0
72,32,2.0,0.0,2.0,[71 73],0.0,0.0,0.0,0.0,0.0,0.0,0.0,1.0,0.0,0.0
72,33,2.0,0.0,2.0,[71 73],0.0,0.0,0.0,0.0,0.0,0.0,7.0,0.0,0.0,1.0
72,34,2.0,0.0,2.0,[71 73],0.0,1.0,0.0,0.0,0.0,0.0,14.0,0.0,7.0,0.0
72,35,2.0,0.0,2.0,[71 73],7.0,0.0,0.0,0.0,0.0,1.0,16.0,3.0,14.0,0.0
72,36,2.0,0.0,2.0,[71 73],14.0,0.0,0.0,1.0,7.0,0.0,13.0,4.0,16.0,3.0
72,37,2.0,0.0,2.0,[71 73],16.0,3.0,7.0,0.0,14.0,0.0,15.0,2.0,13.0,4.0
72,38,2.0,0.0,2.0,[71 73],13.0,4.0,14.0,0.0,16.0,3.0,37.0,6.0,15.0,2.0
72,39,2.0,0.0,2.0,[71 73],15.0,2.0,16.0,3.0,13.0,4.0,39.0,15.0,37.0,6.0
72,40,2.0,0.0,2.0,[71 73],37.0,6.0,13.0,4.0,15.0,2.0,60.0,17.0,39.0,15.0
72,41,2.0,0.0,2.0,[71 73],39.0,15.0,15.0,2.0,37.0,6.0,65.0,33.0,60.0,17.0
72,42,2.0,0.0,2.0,[71 73],60.0,17.0,37.0,6.0,39.0,15.0,120.0,19.0,65.0,33.0
72,43,2.0,0.0,2.0,[71 73],65.0,33.0,39.0,15.0,60.0,17.0,108.0,48.0,120.0,19.0
72,44,2.0,0.0,2.0,[71 73],120.0,19.0,60.0,17.0,65.0,33.0,138.0,36.0,108.0,48.0
72,45,2.0,0.0,2.0,[71 73],108.0,48.0,65.0,33.0,120.0,19.0,178.0,36.0,138.0,36.0
72,46,2.0,0.0,2.0,[71 73],138.0,36.0,120.0,19.0,108.0,48.0,154.0,36.0,178.0,36.0
72,47,2.0,0.0,2.0,[71 73],178.0,36.0,108.0,48.0,138.0,36.0,169.0,54.0,154.0,36.0
72,48,2.0,0.0,2.0,[71 73],154.0,36.0,138.0,36.0,178.0,36.0,166.0,44.0,169.0,54.0
72,49,2.0,0.0,2.0,[71 73],169.0,54.0,178.0,36.0,154.0,36.0,135.0,67.0,166.0,44.0
72,50,2.0,0.0,2.0,[71 73],166.0,44.0,154.0,36.0,169.0,54.0,110.0,45.0,135.0,67.0
72,51,2.0,0.0,2.0,[71 73],135.0,67.0,169.0,54.0,166.0,44.0,111.0,47.0,110.0,45.0
72,52,2.0,0.0,2.0,[71 73],110.0,45.0,166.0,44.0,135.0,67.0,95.0,28.0,111.0,47.0
72,53,2.0,0.0,2.0,[71 73],111.0,47.0,135.0,67.0,110.0,45.0,74.0,36.0,95.0,28.0
72,54,2.0,0.0,2.0,[71 73],95.0,28.0,110.0,45.0,111.0,47.0,52.0,22.0,74.0,36.0
72,55,2.0,0.0,2.0,[71 73],74.0,36.0,111.0,47.0,95.0,28.0,45.0,30.0,52.0,22.0
72,56,2.0,0.0,2.0,[71 73],52.0,22.0,95.0,28.0,74.0,36.0,51.0,30.0,45.0,30.0
72,57,2.0,0.0,2.0,[71 73],45.0,30.0,74.0,36.0,52.0,22.0,33.0,21.0,51.0,30.0
72,58,2.0,0.0,2.0,[71 73],51.0,30.0,52.0,22.0,45.0,30.0,36.0,51.0,33.0,21.0
72,59,2.0,0.0,2.0,[71 73],33.0,21.0,45.0,30.0,51.0,30.0,34.0,34.0,36.0,51.0
72,60,2.0,0.0,2.0,[71 73],36.0,51.0,51.0,30.0,33.0,21.0,28.0,33.0,34.0,34.0
72,61,2.0,0.0,2.0,[71 73],34.0,34.0,33.0,21.0,36.0,51.0,36.0,24.0,28.0,33.0
72,62,2.0,0.0,2.0,[71 73],28.0,33.0,36.0,51.0,34.0,34.0,32.0,24.0,36.0,24.0
72,63,2.0,0.0,2.0,[71 73],36.0,24.0,34.0,34.0,28.0,33.0,23.0,14.0,32.0,24.0
72,64,2.0,0.0,2.0,[71 73],32.0,24.0,28.0,33.0,36.0,24.0,21.0,24.0,23.0,14.0
72,65,2.0,0.0,2.0,[71 73],23.0,14.0,36.0,24.0,32.0,24.0,21.0,22.0,21.0,24.0
72,66,2.0,0.0,2.0,[71 73],21.0,24.0,32.0,24.0,23.0,14.0,21.0,20.0,21.0,22.0
72,67,2.0,0.0,2.0,[71 73],21.0,22.0,23.0,14.0,21.0,24.0,26.0,34.0,21.0,20.0
72,68,2.0,0.0,2.0,[71 73],21.0,20.0,21.0,24.0,21.0,22.0,16.0,33.0,26.0,34.0
72,69,2.0,0.0,2.0,[71 73],26.0,34.0,21.0,22.0,21.0,20.0,21.0,12.0,16.0,33.0
72,70,2.0,0.0,2.0,[71 73],16.0,33.0,21.0,20.0,26.0,34.0,26.0,20.0,21.0,12.0
72,71,2.0,0.0,2.0,[71 73],21.0,12.0,26.0,34.0,16.0,33.0,20.0,20.0,26.0,20.0
72,72,2.0,0.0,2.0,[71 73],26.0,20.0,16.0,33.0,21.0,12.0,38.0,28.0,20.0,20.0
72,73,2.0,0.0,2.0,[71 73],20.0,20.0,21.0,12.0,26.0,20.0,33.0,18.0,38.0,28.0
72,74,2.0,0.0,2.0,[71 73],38.0,28.0,26.0,20.0,20.0,20.0,33.0,19.0,33.0,18.0
72,75,2.0,0.0,2.0,[71 73],33.0,18.0,20.0,20.0,38.0,28.0,29.0,16.0,33.0,19.0
72,76,2.0,0.0,2.0,[71 73],33.0,19.0,38.0,28.0,33.0,18.0,31.0,21.0,29.0,16.0
72,77,2.0,0.0,2.0,[71 73],29.0,16.0,33.0,18.0,33.0,19.0,30.0,21.0,31.0,21.0
72,78,2.0,0.0,2.0,[71 73],31.0,21.0,33.0,19.0,29.0,16.0,30.0,21.0,30.0,21.0
72,79,2.0,0.0,2.0,[71 73],30.0,21.0,29.0,16.0,31.0,21.0,40.0,28.0,30.0,21.0
72,80,2.0,0.0,2.0,[71 73],30.0,21.0,31.0,21.0,30.0,21.0,36.0,22.0,40.0,28.0
72,81,2.0,0.0,2.0,[71 73],40.0,28.0,30.0,21.0,30.0,21.0,32.0,31.0,36.0,22.0
72,82,2.0,0.0,2.0,[71 73],36.0,22.0,30.0,21.0,40.0,28.0,16.0,23.0,32.0,31.0
72,83,2.0,0.0,2.0,[71 73],32.0,31.0,40.0,28.0,36.0,22.0,32.0,25.0,16.0,23.0
72,84,2.0,0.0,2.0,[71 73],16.0,23.0,36.0,22.0,32.0,31.0,25.0,9.0,32.0,25.0
72,85,2.0,0.0,2.0,[71 73],32.0,25.0,32.0,31.0,16.0,23.0,20.0,24.0,25.0,9.0
72,86,2.0,0.0,2.0,[71 73],25.0,9.0,16.0,23.0,32.0,25.0,13.0,26.0,20.0,24.0
72,87,2.0,0.0,2.0,[71 73],20.0,24.0,32.0,25.0,25.0,9.0,29.0,26.0,13.0,26.0
72,88,2.0,0.0,2.0,[71 73],13.0,26.0,25.0,9.0,20.0,24.0,33.0,33.0,29.0,26.0
72,89,2.0,0.0,2.0,[71 73],29.0,26.0,20.0,24.0,13.0,26.0,35.0,38.0,33.0,33.0
72,90,2.0,0.0,2.0,[71 73],33.0,33.0,13.0,26.0,29.0,26.0,40.0,30.0,35.0,38.0
72,91,2.0,0.0,2.0,[71 73],35.0,38.0,29.0,26.0,33.0,33.0,35.0,32.0,40.0,30.0
72,92,2.0,0.0,2.0,[71 73],40.0,30.0,33.0,33.0,35.0,38.0,52.0,41.0,35.0,32.0
72,93,2.0,0.0,2.0,[71 73],35.0,32.0,35.0,38.0,40.0,30.0,40.0,24.0,52.0,41.0
72,94,2.0,0.0,2.0,[71 73],52.0,41.0,40.0,30.0,35.0,32.0,32.0,41.0,40.0,24.0
72,95,2.0,0.0,2.0,[71 73],40.0,24.0,35.0,32.0,52.0,41.0,39.0,22.0,32.0,41.0
72,96,2.0,0.0,2.0,[71 73],32.0,41.0,52.0,41.0,40.0,24.0,32.0,39.0,39.0,22.0
72,97,2.0,0.0,2.0,[71 73],39.0,22.0,40.0,24.0,32.0,41.0,41.0,46.0,32.0,39.0
72,98,2.0,0.0,2.0,[71 73],32.0,39.0,32.0,41.0,39.0,22.0,41.0,44.0,41.0,46.0
72,99,2.0,0.0,2.0,[71 73],41.0,46.0,39.0,22.0,32.0,39.0,56.0,33.0,41.0,44.0
72,100,2.0,0.0,2.0,[71 73],41.0,44.0,32.0,39.0,41.0,46.0,66.0,54.0,56.0,33.0
72,101,2.0,0.0,2.0,[71 73],56.0,33.0,41.0,46.0,41.0,44.0,103.0,67.0,66.0,54.0
72,102,2.0,0.0,2.0,[71 73],66.0,54.0,41.0,44.0,56.0,33.0,69.0,80.0,103.0,67.0
72,103,2.0,0.0,2.0,[71 73],103.0,67.0,56.0,33.0,66.0,54.0,65.0,90.0,69.0,80.0
72,104,2.0,0.0,2.0,[71 73],69.0,80.0,66.0,54.0,103.0,67.0,76.0,103.0,65.0,90.0
72,105,2.0,0.0,2.0,[71 73],65.0,90.0,103.0,67.0,69.0,80.0,46.0,115.0,76.0,103.0
72,106,2.0,0.0,2.0,[71 73],76.0,103.0,69.0,80.0,65.0,90.0,29.0,111.0,46.0,115.0
72,107,2.0,0.0,2.0,[71 73],46.0,115.0,65.0,90.0,76.0,103.0,49.0,126.0,29.0,111.0
72,108,2.0,0.0,2.0,[71 73],29.0,111.0,76.0,103.0,46.0,115.0,26.0,116.0,49.0,126.0
72,109,2.0,0.0,2.0,[71 73],49.0,126.0,46.0,115.0,29.0,111.0,33.0,94.0,26.0,116.0
72,110,2.0,0.0,2.0,[71 73],26.0,116.0,29.0,111.0,49.0,126.0,24.0,106.0,33.0,94.0
72,111,2.0,0.0,2.0,[71 73],33.0,94.0,49.0,126.0,26.0,116.0,26.0,58.0,24.0,106.0
72,112,2.0,0.0,2.0,[71 73],24.0,106.0,26.0,116.0,33.0,94.0,15.0,54.0,26.0,58.0
72,113,2.0,0.0,2.0,[71 73],26.0,58.0,33.0,94.0,24.0,106.0,24.0,56.0,15.0,54.0
72,114,2.0,0.0,2.0,[71 73],15.0,54.0,24.0,106.0,26.0,58.0,16.0,43.0,24.0,56.0
72,115,2.0,0.0,2.0,[71 73],24.0,56.0,26.0,58.0,15.0,54.0,29.0,57.0,16.0,43.0
72,116,2.0,0.0,2.0,[71 73],16.0,43.0,15.0,54.0,24.0,56.0,33.0,61.0,29.0,57.0
72,117,2.0,0.0,2.0,[71 73],29.0,57.0,24.0,56.0,16.0,43.0,18.0,42.0,33.0,61.0
72,118,2.0,0.0,2.0,[71 73],33.0,61.0,16.0,43.0,29.0,57.0,24.0,56.0,18.0,42.0
72,119,2.0,0.0,2.0,[71 73],18.0,42.0,29.0,57.0,33.0,61.0,18.0,33.0,24.0,56.0
72,120,2.0,0.0,2.0,[71 73],24.0,56.0,33.0,61.0,18.0,42.0,15.0,58.0,18.0,33.0
72,121,2.0,0.0,2.0,[71 73],18.0,33.0,18.0,42.0,24.0,56.0,22.0,59.0,15.0,58.0
72,122,2.0,0.0,2.0,[71 73],15.0,58.0,24.0,56.0,18.0,33.0,32.0,53.0,22.0,59.0
72,123,2.0,0.0,2.0,[71 73],22.0,59.0,18.0,33.0,15.0,58.0,29.0,53.0,32.0,53.0
72,124,2.0,0.0,2.0,[71 73],32.0,53.0,15.0,58.0,22.0,59.0,20.0,65.0,29.0,53.0
72,125,2.0,0.0,2.0,[71 73],29.0,53.0,22.0,59.0,32.0,53.0,17.0,63.0,20.0,65.0
72,126,2.0,0.0,2.0,[71 73],20.0,65.0,32.0,53.0,29.0,53.0,7.0,59.0,17.0,63.0
72,127,2.0,0.0,2.0,[71 73],17.0,63.0,29.0,53.0,20.0,65.0,26.0,57.0,7.0,59.0
72,128,2.0,0.0,2.0,[71 73],7.0,59.0,20.0,65.0,17.0,63.0,10.0,35.0,26.0,57.0
72,129,2.0,0.0,2.0,[71 73],26.0,57.0,17.0,63.0,7.0,59.0,13.0,54.0,10.0,35.0
72,130,2.0,0.0,2.0,[71 73],10.0,35.0,7.0,59.0,26.0,57.0,5.0,46.0,13.0,54.0
72,131,2.0,0.0,2.0,[71 73],13.0,54.0,26.0,57.0,10.0,35.0,31.0,38.0,5.0,46.0
72,132,2.0,0.0,2.0,[71 73],5.0,46.0,10.0,35.0,13.0,54.0,8.0,19.0,31.0,38.0
72,133,2.0,0.0,2.0,[71 73],31.0,38.0,13.0,54.0,5.0,46.0,5.0,35.0,8.0,19.0
72,134,2.0,0.0,2.0,[71 73],8.0,19.0,5.0,46.0,31.0,38.0,5.0,22.0,5.0,35.0
72,135,2.0,0.0,2.0,[71 73],5.0,35.0,31.0,38.0,8.0,19.0,4.0,20.0,5.0,22.0
72,136,2.0,0.0,2.0,[71 73],5.0,22.0,8.0,19.0,5.0,35.0,2.0,17.0,4.0,20.0
72,137,2.0,0.0,2.0,[71 73],4.0,20.0,5.0,35.0,5.0,22.0,0.0,11.0,2.0,17.0
72,138,2.0,0.0,2.0,[71 73],2.0,17.0,5.0,22.0,4.0,20.0,0.0,4.0,0.0,11.0
72,139,2.0,0.0,2.0,[71 73],0.0,11.0,4.0,20.0,2.0,17.0,0.0,2.0,0.0,4.0
72,140,2.0,0.0,2.0,[71 73],0.0,4.0,2.0,17.0,0.0,11.0,0.0,6.0,0.0,2.0
72,141,2.0,0.0,2.0,[71 73],0.0,2.0,0.0,11.0,0.0,4.0,0.0,0.0,0.0,6.0
72,142,2.0,0.0,2.0,[71 73],0.0,6.0,0.0,4.0,0.0,2.0,0.0,0.0,0.0,0.0
72,143,2.0,0.0,2.0,[71 73],0.0,0.0,0.0,2.0,0.0,6.0,0.0,0.0,0.0,0.0
73,0,2.0,0.0,2.0,[72 74],0.0,0.0,0.0,0.0,0.0,0.0,0.0,0.0,0.0,0.0
73,1,2.0,0.0,2.0,[72 74],0.0,0.0,0.0,0.0,0.0,0.0,0.0,0.0,0.0,0.0
73,2,2.0,0.0,2.0,[72 74],0.0,0.0,0.0,0.0,0.0,0.0,0.0,0.0,0.0,0.0
73,3,2.0,0.0,2.0,[72 74],0.0,0.0,0.0,0.0,0.0,0.0,1.0,1.0,0.0,0.0
73,4,2.0,0.0,2.0,[72 74],0.0,0.0,0.0,0.0,0.0,0.0,0.0,0.0,1.0,1.0
73,5,2.0,0.0,2.0,[72 74],1.0,1.0,0.0,0.0,0.0,0.0,0.0,0.0,0.0,0.0
73,6,2.0,0.0,2.0,[72 74],0.0,0.0,0.0,0.0,1.0,1.0,0.0,0.0,0.0,0.0
73,7,2.0,0.0,2.0,[72 74],0.0,0.0,1.0,1.0,0.0,0.0,0.0,0.0,0.0,0.0
73,8,2.0,0.0,2.0,[72 74],0.0,0.0,0.0,0.0,0.0,0.0,0.0,0.0,0.0,0.0
73,9,2.0,0.0,2.0,[72 74],0.0,0.0,0.0,0.0,0.0,0.0,0.0,0.0,0.0,0.0
73,10,2.0,0.0,2.0,[72 74],0.0,0.0,0.0,0.0,0.0,0.0,0.0,0.0,0.0,0.0
73,11,2.0,0.0,2.0,[72 74],0.0,0.0,0.0,0.0,0.0,0.0,0.0,0.0,0.0,0.0
73,12,2.0,0.0,2.0,[72 74],0.0,0.0,0.0,0.0,0.0,0.0,0.0,0.0,0.0,0.0
73,13,2.0,0.0,2.0,[72 74],0.0,0.0,0.0,0.0,0.0,0.0,0.0,0.0,0.0,0.0
73,14,2.0,0.0,2.0,[72 74],0.0,0.0,0.0,0.0,0.0,0.0,0.0,0.0,0.0,0.0
73,15,2.0,0.0,2.0,[72 74],0.0,0.0,0.0,0.0,0.0,0.0,0.0,0.0,0.0,0.0
73,16,2.0,0.0,2.0,[72 74],0.0,0.0,0.0,0.0,0.0,0.0,0.0,0.0,0.0,0.0
73,17,2.0,0.0,2.0,[72 74],0.0,0.0,0.0,0.0,0.0,0.0,0.0,0.0,0.0,0.0
73,18,2.0,0.0,2.0,[72 74],0.0,0.0,0.0,0.0,0.0,0.0,0.0,0.0,0.0,0.0
73,19,2.0,0.0,2.0,[72 74],0.0,0.0,0.0,0.0,0.0,0.0,0.0,0.0,0.0,0.0
73,20,2.0,0.0,2.0,[72 74],0.0,0.0,0.0,0.0,0.0,0.0,1.0,1.0,0.0,0.0
73,21,2.0,0.0,2.0,[72 74],0.0,0.0,0.0,0.0,0.0,0.0,0.0,0.0,1.0,1.0
73,22,2.0,0.0,2.0,[72 74],1.0,1.0,0.0,0.0,0.0,0.0,1.0,1.0,0.0,0.0
73,23,2.0,0.0,2.0,[72 74],0.0,0.0,0.0,0.0,1.0,1.0,0.0,0.0,1.0,1.0
73,24,2.0,0.0,2.0,[72 74],1.0,1.0,1.0,1.0,0.0,0.0,0.0,0.0,0.0,0.0
73,25,2.0,0.0,2.0,[72 74],0.0,0.0,0.0,0.0,1.0,1.0,0.0,0.0,0.0,0.0
73,26,2.0,0.0,2.0,[72 74],0.0,0.0,1.0,1.0,0.0,0.0,0.0,0.0,0.0,0.0
73,27,2.0,0.0,2.0,[72 74],0.0,0.0,0.0,0.0,0.0,0.0,0.0,0.0,0.0,0.0
73,28,2.0,0.0,2.0,[72 74],0.0,0.0,0.0,0.0,0.0,0.0,0.0,0.0,0.0,0.0
73,29,2.0,0.0,2.0,[72 74],0.0,0.0,0.0,0.0,0.0,0.0,0.0,0.0,0.0,0.0
73,30,2.0,0.0,2.0,[72 74],0.0,0.0,0.0,0.0,0.0,0.0,0.0,0.0,0.0,0.0
73,31,2.0,0.0,2.0,[72 74],0.0,0.0,0.0,0.0,0.0,0.0,1.0,0.0,0.0,0.0
73,32,2.0,0.0,2.0,[72 74],0.0,0.0,0.0,0.0,0.0,0.0,1.0,1.0,1.0,0.0
73,33,2.0,0.0,2.0,[72 74],1.0,0.0,0.0,0.0,0.0,0.0,14.0,0.0,1.0,1.0
73,34,2.0,0.0,2.0,[72 74],1.0,1.0,0.0,0.0,1.0,0.0,11.0,1.0,14.0,0.0
73,35,2.0,0.0,2.0,[72 74],14.0,0.0,1.0,0.0,1.0,1.0,21.0,5.0,11.0,1.0
73,36,2.0,0.0,2.0,[72 74],11.0,1.0,1.0,1.0,14.0,0.0,24.0,7.0,21.0,5.0
73,37,2.0,0.0,2.0,[72 74],21.0,5.0,14.0,0.0,11.0,1.0,29.0,12.0,24.0,7.0
73,38,2.0,0.0,2.0,[72 74],24.0,7.0,11.0,1.0,21.0,5.0,34.0,11.0,29.0,12.0
73,39,2.0,0.0,2.0,[72 74],29.0,12.0,21.0,5.0,24.0,7.0,54.0,20.0,34.0,11.0
73,40,2.0,0.0,2.0,[72 74],34.0,11.0,24.0,7.0,29.0,12.0,82.0,41.0,54.0,20.0
73,41,2.0,0.0,2.0,[72 74],54.0,20.0,29.0,12.0,34.0,11.0,96.0,46.0,82.0,41.0
73,42,2.0,0.0,2.0,[72 74],82.0,41.0,34.0,11.0,54.0,20.0,133.0,88.0,96.0,46.0
73,43,2.0,0.0,2.0,[72 74],96.0,46.0,54.0,20.0,82.0,41.0,147.0,131.0,133.0,88.0
73,44,2.0,0.0,2.0,[72 74],133.0,88.0,82.0,41.0,96.0,46.0,183.0,101.0,147.0,131.0
73,45,2.0,0.0,2.0,[72 74],147.0,131.0,96.0,46.0,133.0,88.0,234.0,297.0,183.0,101.0
73,46,2.0,0.0,2.0,[72 74],183.0,101.0,133.0,88.0,147.0,131.0,269.0,349.0,234.0,297.0
73,47,2.0,0.0,2.0,[72 74],234.0,297.0,147.0,131.0,183.0,101.0,256.0,463.0,269.0,349.0
73,48,2.0,0.0,2.0,[72 74],269.0,349.0,183.0,101.0,234.0,297.0,267.0,485.0,256.0,463.0
73,49,2.0,0.0,2.0,[72 74],256.0,463.0,234.0,297.0,269.0,349.0,235.0,565.0,267.0,485.0
73,50,2.0,0.0,2.0,[72 74],267.0,485.0,269.0,349.0,256.0,463.0,177.0,628.0,235.0,565.0
73,51,2.0,0.0,2.0,[72 74],235.0,565.0,256.0,463.0,267.0,485.0,130.0,575.0,177.0,628.0
73,52,2.0,0.0,2.0,[72 74],177.0,628.0,267.0,485.0,235.0,565.0,171.0,377.0,130.0,575.0
73,53,2.0,0.0,2.0,[72 74],130.0,575.0,235.0,565.0,177.0,628.0,112.0,299.0,171.0,377.0
73,54,2.0,0.0,2.0,[72 74],171.0,377.0,177.0,628.0,130.0,575.0,86.0,193.0,112.0,299.0
73,55,2.0,0.0,2.0,[72 74],112.0,299.0,130.0,575.0,171.0,377.0,113.0,159.0,86.0,193.0
73,56,2.0,0.0,2.0,[72 74],86.0,193.0,171.0,377.0,112.0,299.0,88.0,137.0,113.0,159.0
73,57,2.0,0.0,2.0,[72 74],113.0,159.0,112.0,299.0,86.0,193.0,78.0,102.0,88.0,137.0
73,58,2.0,0.0,2.0,[72 74],88.0,137.0,86.0,193.0,113.0,159.0,85.0,100.0,78.0,102.0
73,59,2.0,0.0,2.0,[72 74],78.0,102.0,113.0,159.0,88.0,137.0,84.0,83.0,85.0,100.0
73,60,2.0,0.0,2.0,[72 74],85.0,100.0,88.0,137.0,78.0,102.0,70.0,102.0,84.0,83.0
73,61,2.0,0.0,2.0,[72 74],84.0,83.0,78.0,102.0,85.0,100.0,71.0,78.0,70.0,102.0
73,62,2.0,0.0,2.0,[72 74],70.0,102.0,85.0,100.0,84.0,83.0,52.0,69.0,71.0,78.0
73,63,2.0,0.0,2.0,[72 74],71.0,78.0,84.0,83.0,70.0,102.0,70.0,81.0,52.0,69.0
73,64,2.0,0.0,2.0,[72 74],52.0,69.0,70.0,102.0,71.0,78.0,66.0,69.0,70.0,81.0
73,65,2.0,0.0,2.0,[72 74],70.0,81.0,71.0,78.0,52.0,69.0,59.0,86.0,66.0,69.0
73,66,2.0,0.0,2.0,[72 74],66.0,69.0,52.0,69.0,70.0,81.0,60.0,75.0,59.0,86.0
73,67,2.0,0.0,2.0,[72 74],59.0,86.0,70.0,81.0,66.0,69.0,98.0,62.0,60.0,75.0
73,68,2.0,0.0,2.0,[72 74],60.0,75.0,66.0,69.0,59.0,86.0,56.0,60.0,98.0,62.0
73,69,2.0,0.0,2.0,[72 74],98.0,62.0,59.0,86.0,60.0,75.0,62.0,53.0,56.0,60.0
73,70,2.0,0.0,2.0,[72 74],56.0,60.0,60.0,75.0,98.0,62.0,69.0,77.0,62.0,53.0
73,71,2.0,0.0,2.0,[72 74],62.0,53.0,98.0,62.0,56.0,60.0,60.0,62.0,69.0,77.0
73,72,2.0,0.0,2.0,[72 74],69.0,77.0,56.0,60.0,62.0,53.0,58.0,68.0,60.0,62.0
73,73,2.0,0.0,2.0,[72 74],60.0,62.0,62.0,53.0,69.0,77.0,54.0,74.0,58.0,68.0
73,74,2.0,0.0,2.0,[72 74],58.0,68.0,69.0,77.0,60.0,62.0,55.0,79.0,54.0,74.0
73,75,2.0,0.0,2.0,[72 74],54.0,74.0,60.0,62.0,58.0,68.0,65.0,79.0,55.0,79.0
73,76,2.0,0.0,2.0,[72 74],55.0,79.0,58.0,68.0,54.0,74.0,73.0,72.0,65.0,79.0
73,77,2.0,0.0,2.0,[72 74],65.0,79.0,54.0,74.0,55.0,79.0,64.0,80.0,73.0,72.0
73,78,2.0,0.0,2.0,[72 74],73.0,72.0,55.0,79.0,65.0,79.0,55.0,68.0,64.0,80.0
73,79,2.0,0.0,2.0,[72 74],64.0,80.0,65.0,79.0,73.0,72.0,82.0,83.0,55.0,68.0
73,80,2.0,0.0,2.0,[72 74],55.0,68.0,73.0,72.0,64.0,80.0,72.0,92.0,82.0,83.0
73,81,2.0,0.0,2.0,[72 74],82.0,83.0,64.0,80.0,55.0,68.0,93.0,69.0,72.0,92.0
73,82,2.0,0.0,2.0,[72 74],72.0,92.0,55.0,68.0,82.0,83.0,58.0,65.0,93.0,69.0
73,83,2.0,0.0,2.0,[72 74],93.0,69.0,82.0,83.0,72.0,92.0,63.0,74.0,58.0,65.0
73,84,2.0,0.0,2.0,[72 74],58.0,65.0,72.0,92.0,93.0,69.0,75.0,87.0,63.0,74.0
73,85,2.0,0.0,2.0,[72 74],63.0,74.0,93.0,69.0,58.0,65.0,70.0,55.0,75.0,87.0
73,86,2.0,0.0,2.0,[72 74],75.0,87.0,58.0,65.0,63.0,74.0,84.0,47.0,70.0,55.0
73,87,2.0,0.0,2.0,[72 74],70.0,55.0,63.0,74.0,75.0,87.0,85.0,68.0,84.0,47.0
73,88,2.0,0.0,2.0,[72 74],84.0,47.0,75.0,87.0,70.0,55.0,60.0,71.0,85.0,68.0
73,89,2.0,0.0,2.0,[72 74],85.0,68.0,70.0,55.0,84.0,47.0,81.0,92.0,60.0,71.0
73,90,2.0,0.0,2.0,[72 74],60.0,71.0,84.0,47.0,85.0,68.0,68.0,64.0,81.0,92.0
73,91,2.0,0.0,2.0,[72 74],81.0,92.0,85.0,68.0,60.0,71.0,75.0,98.0,68.0,64.0
73,92,2.0,0.0,2.0,[72 74],68.0,64.0,60.0,71.0,81.0,92.0,94.0,103.0,75.0,98.0
73,93,2.0,0.0,2.0,[72 74],75.0,98.0,81.0,92.0,68.0,64.0,69.0,92.0,94.0,103.0
73,94,2.0,0.0,2.0,[72 74],94.0,103.0,68.0,64.0,75.0,98.0,92.0,80.0,69.0,92.0
73,95,2.0,0.0,2.0,[72 74],69.0,92.0,75.0,98.0,94.0,103.0,79.0,89.0,92.0,80.0
73,96,2.0,0.0,2.0,[72 74],92.0,80.0,94.0,103.0,69.0,92.0,127.0,92.0,79.0,89.0
73,97,2.0,0.0,2.0,[72 74],79.0,89.0,69.0,92.0,92.0,80.0,135.0,83.0,127.0,92.0
73,98,2.0,0.0,2.0,[72 74],127.0,92.0,92.0,80.0,79.0,89.0,164.0,91.0,135.0,83.0
73,99,2.0,0.0,2.0,[72 74],135.0,83.0,79.0,89.0,127.0,92.0,120.0,108.0,164.0,91.0
73,100,2.0,0.0,2.0,[72 74],164.0,91.0,127.0,92.0,135.0,83.0,145.0,99.0,120.0,108.0
73,101,2.0,0.0,2.0,[72 74],120.0,108.0,135.0,83.0,164.0,91.0,261.0,111.0,145.0,99.0
73,102,2.0,0.0,2.0,[72 74],145.0,99.0,164.0,91.0,120.0,108.0,248.0,156.0,261.0,111.0
73,103,2.0,0.0,2.0,[72 74],261.0,111.0,120.0,108.0,145.0,99.0,275.0,149.0,248.0,156.0
73,104,2.0,0.0,2.0,[72 74],248.0,156.0,145.0,99.0,261.0,111.0,523.0,161.0,275.0,149.0
73,105,2.0,0.0,2.0,[72 74],275.0,149.0,261.0,111.0,248.0,156.0,382.0,230.0,523.0,161.0
73,106,2.0,0.0,2.0,[72 74],523.0,161.0,248.0,156.0,275.0,149.0,361.0,200.0,382.0,230.0
73,107,2.0,0.0,2.0,[72 74],382.0,230.0,275.0,149.0,523.0,161.0,358.0,217.0,361.0,200.0
73,108,2.0,0.0,2.0,[72 74],361.0,200.0,523.0,161.0,382.0,230.0,301.0,201.0,358.0,217.0
73,109,2.0,0.0,2.0,[72 74],358.0,217.0,382.0,230.0,361.0,200.0,238.0,168.0,301.0,201.0
73,110,2.0,0.0,2.0,[72 74],301.0,201.0,361.0,200.0,358.0,217.0,206.0,141.0,238.0,168.0
73,111,2.0,0.0,2.0,[72 74],238.0,168.0,358.0,217.0,301.0,201.0,191.0,94.0,206.0,141.0
73,112,2.0,0.0,2.0,[72 74],206.0,141.0,301.0,201.0,238.0,168.0,155.0,98.0,191.0,94.0
73,113,2.0,0.0,2.0,[72 74],191.0,94.0,238.0,168.0,206.0,141.0,121.0,112.0,155.0,98.0
73,114,2.0,0.0,2.0,[72 74],155.0,98.0,206.0,141.0,191.0,94.0,132.0,117.0,121.0,112.0
73,115,2.0,0.0,2.0,[72 74],121.0,112.0,191.0,94.0,155.0,98.0,87.0,77.0,132.0,117.0
73,116,2.0,0.0,2.0,[72 74],132.0,117.0,155.0,98.0,121.0,112.0,102.0,97.0,87.0,77.0
73,117,2.0,0.0,2.0,[72 74],87.0,77.0,121.0,112.0,132.0,117.0,105.0,84.0,102.0,97.0
73,118,2.0,0.0,2.0,[72 74],102.0,97.0,132.0,117.0,87.0,77.0,111.0,100.0,105.0,84.0
73,119,2.0,0.0,2.0,[72 74],105.0,84.0,87.0,77.0,102.0,97.0,85.0,91.0,111.0,100.0
73,120,2.0,0.0,2.0,[72 74],111.0,100.0,102.0,97.0,105.0,84.0,91.0,81.0,85.0,91.0
73,121,2.0,0.0,2.0,[72 74],85.0,91.0,105.0,84.0,111.0,100.0,100.0,85.0,91.0,81.0
73,122,2.0,0.0,2.0,[72 74],91.0,81.0,111.0,100.0,85.0,91.0,90.0,91.0,100.0,85.0
73,123,2.0,0.0,2.0,[72 74],100.0,85.0,85.0,91.0,91.0,81.0,127.0,79.0,90.0,91.0
73,124,2.0,0.0,2.0,[72 74],90.0,91.0,91.0,81.0,100.0,85.0,86.0,95.0,127.0,79.0
73,125,2.0,0.0,2.0,[72 74],127.0,79.0,100.0,85.0,90.0,91.0,86.0,95.0,86.0,95.0
73,126,2.0,0.0,2.0,[72 74],86.0,95.0,90.0,91.0,127.0,79.0,42.0,81.0,86.0,95.0
73,127,2.0,0.0,2.0,[72 74],86.0,95.0,127.0,79.0,86.0,95.0,48.0,87.0,42.0,81.0
73,128,2.0,0.0,2.0,[72 74],42.0,81.0,86.0,95.0,86.0,95.0,78.0,72.0,48.0,87.0
73,129,2.0,0.0,2.0,[72 74],48.0,87.0,86.0,95.0,42.0,81.0,17.0,77.0,78.0,72.0
73,130,2.0,0.0,2.0,[72 74],78.0,72.0,42.0,81.0,48.0,87.0,50.0,46.0,17.0,77.0
73,131,2.0,0.0,2.0,[72 74],17.0,77.0,48.0,87.0,78.0,72.0,28.0,62.0,50.0,46.0
73,132,2.0,0.0,2.0,[72 74],50.0,46.0,78.0,72.0,17.0,77.0,34.0,64.0,28.0,62.0
73,133,2.0,0.0,2.0,[72 74],28.0,62.0,17.0,77.0,50.0,46.0,20.0,32.0,34.0,64.0
73,134,2.0,0.0,2.0,[72 74],34.0,64.0,50.0,46.0,28.0,62.0,25.0,40.0,20.0,32.0
73,135,2.0,0.0,2.0,[72 74],20.0,32.0,28.0,62.0,34.0,64.0,16.0,29.0,25.0,40.0
73,136,2.0,0.0,2.0,[72 74],25.0,40.0,34.0,64.0,20.0,32.0,4.0,39.0,16.0,29.0
73,137,2.0,0.0,2.0,[72 74],16.0,29.0,20.0,32.0,25.0,40.0,0.0,9.0,4.0,39.0
73,138,2.0,0.0,2.0,[72 74],4.0,39.0,25.0,40.0,16.0,29.0,0.0,6.0,0.0,9.0
73,139,2.0,0.0,2.0,[72 74],0.0,9.0,16.0,29.0,4.0,39.0,0.0,6.0,0.0,6.0
73,140,2.0,0.0,2.0,[72 74],0.0,6.0,4.0,39.0,0.0,9.0,0.0,0.0,0.0,6.0
73,141,2.0,0.0,2.0,[72 74],0.0,6.0,0.0,9.0,0.0,6.0,0.0,0.0,0.0,0.0
73,142,2.0,0.0,2.0,[72 74],0.0,0.0,0.0,6.0,0.0,6.0,0.0,0.0,0.0,0.0
73,143,2.0,0.0,2.0,[72 74],0.0,0.0,0.0,6.0,0.0,0.0,0.0,0.0,0.0,0.0
74,0,2.0,0.0,2.0,[ 5 73],0.0,1.0,0.0,0.0,0.0,0.0,0.0,0.0,0.0,0.0
74,1,2.0,0.0,2.0,[ 5 73],0.0,0.0,0.0,0.0,0.0,1.0,3.0,0.0,0.0,0.0
74,2,2.0,0.0,2.0,[ 5 73],0.0,0.0,0.0,1.0,0.0,0.0,2.0,5.0,3.0,0.0
74,3,2.0,0.0,2.0,[ 5 73],3.0,0.0,0.0,0.0,0.0,0.0,0.0,1.0,2.0,5.0
74,4,2.0,0.0,2.0,[ 5 73],2.0,5.0,0.0,0.0,3.0,0.0,4.0,1.0,0.0,1.0
74,5,2.0,0.0,2.0,[ 5 73],0.0,1.0,3.0,0.0,2.0,5.0,0.0,0.0,4.0,1.0
74,6,2.0,0.0,2.0,[ 5 73],4.0,1.0,2.0,5.0,0.0,1.0,0.0,0.0,0.0,0.0
74,7,2.0,0.0,2.0,[ 5 73],0.0,0.0,0.0,1.0,4.0,1.0,0.0,0.0,0.0,0.0
74,8,2.0,0.0,2.0,[ 5 73],0.0,0.0,4.0,1.0,0.0,0.0,0.0,0.0,0.0,0.0
74,9,2.0,0.0,2.0,[ 5 73],0.0,0.0,0.0,0.0,0.0,0.0,0.0,0.0,0.0,0.0
74,10,2.0,0.0,2.0,[ 5 73],0.0,0.0,0.0,0.0,0.0,0.0,0.0,0.0,0.0,0.0
74,11,2.0,0.0,2.0,[ 5 73],0.0,0.0,0.0,0.0,0.0,0.0,0.0,3.0,0.0,0.0
74,12,2.0,0.0,2.0,[ 5 73],0.0,0.0,0.0,0.0,0.0,0.0,0.0,0.0,0.0,3.0
74,13,2.0,0.0,2.0,[ 5 73],0.0,3.0,0.0,0.0,0.0,0.0,0.0,0.0,0.0,0.0
74,14,2.0,0.0,2.0,[ 5 73],0.0,0.0,0.0,0.0,0.0,3.0,0.0,0.0,0.0,0.0
74,15,2.0,0.0,2.0,[ 5 73],0.0,0.0,0.0,3.0,0.0,0.0,0.0,0.0,0.0,0.0
74,16,2.0,0.0,2.0,[ 5 73],0.0,0.0,0.0,0.0,0.0,0.0,0.0,0.0,0.0,0.0
74,17,2.0,0.0,2.0,[ 5 73],0.0,0.0,0.0,0.0,0.0,0.0,1.0,1.0,0.0,0.0
74,18,2.0,0.0,2.0,[ 5 73],0.0,0.0,0.0,0.0,0.0,0.0,0.0,0.0,1.0,1.0
74,19,2.0,0.0,2.0,[ 5 73],1.0,1.0,0.0,0.0,0.0,0.0,0.0,0.0,0.0,0.0
74,20,2.0,0.0,2.0,[ 5 73],0.0,0.0,0.0,0.0,1.0,1.0,0.0,0.0,0.0,0.0
74,21,2.0,0.0,2.0,[ 5 73],0.0,0.0,1.0,1.0,0.0,0.0,0.0,0.0,0.0,0.0
74,22,2.0,0.0,2.0,[ 5 73],0.0,0.0,0.0,0.0,0.0,0.0,0.0,0.0,0.0,0.0
74,23,2.0,0.0,2.0,[ 5 73],0.0,0.0,0.0,0.0,0.0,0.0,0.0,0.0,0.0,0.0
74,24,2.0,0.0,2.0,[ 5 73],0.0,0.0,0.0,0.0,0.0,0.0,0.0,0.0,0.0,0.0
74,25,2.0,0.0,2.0,[ 5 73],0.0,0.0,0.0,0.0,0.0,0.0,2.0,0.0,0.0,0.0
74,26,2.0,0.0,2.0,[ 5 73],0.0,0.0,0.0,0.0,0.0,0.0,0.0,1.0,2.0,0.0
74,27,2.0,0.0,2.0,[ 5 73],2.0,0.0,0.0,0.0,0.0,0.0,0.0,1.0,0.0,1.0
74,28,2.0,0.0,2.0,[ 5 73],0.0,1.0,0.0,0.0,2.0,0.0,1.0,0.0,0.0,1.0
74,29,2.0,0.0,2.0,[ 5 73],0.0,1.0,2.0,0.0,0.0,1.0,0.0,1.0,1.0,0.0
74,30,2.0,0.0,2.0,[ 5 73],1.0,0.0,0.0,1.0,0.0,1.0,0.0,0.0,0.0,1.0
74,31,2.0,0.0,2.0,[ 5 73],0.0,1.0,0.0,1.0,1.0,0.0,0.0,0.0,0.0,0.0
74,32,2.0,0.0,2.0,[ 5 73],0.0,0.0,1.0,0.0,0.0,1.0,1.0,0.0,0.0,0.0
74,33,2.0,0.0,2.0,[ 5 73],0.0,0.0,0.0,1.0,0.0,0.0,2.0,1.0,1.0,0.0
74,34,2.0,0.0,2.0,[ 5 73],1.0,0.0,0.0,0.0,0.0,0.0,10.0,0.0,2.0,1.0
74,35,2.0,0.0,2.0,[ 5 73],2.0,1.0,0.0,0.0,1.0,0.0,4.0,4.0,10.0,0.0
74,36,2.0,0.0,2.0,[ 5 73],10.0,0.0,1.0,0.0,2.0,1.0,4.0,4.0,4.0,4.0
74,37,2.0,0.0,2.0,[ 5 73],4.0,4.0,2.0,1.0,10.0,0.0,7.0,3.0,4.0,4.0
74,38,2.0,0.0,2.0,[ 5 73],4.0,4.0,10.0,0.0,4.0,4.0,16.0,11.0,7.0,3.0
74,39,2.0,0.0,2.0,[ 5 73],7.0,3.0,4.0,4.0,4.0,4.0,18.0,4.0,16.0,11.0
74,40,2.0,0.0,2.0,[ 5 73],16.0,11.0,4.0,4.0,7.0,3.0,36.0,15.0,18.0,4.0
74,41,2.0,0.0,2.0,[ 5 73],18.0,4.0,7.0,3.0,16.0,11.0,35.0,20.0,36.0,15.0
74,42,2.0,0.0,2.0,[ 5 73],36.0,15.0,16.0,11.0,18.0,4.0,40.0,19.0,35.0,20.0
74,43,2.0,0.0,2.0,[ 5 73],35.0,20.0,18.0,4.0,36.0,15.0,69.0,24.0,40.0,19.0
74,44,2.0,0.0,2.0,[ 5 73],40.0,19.0,36.0,15.0,35.0,20.0,78.0,74.0,69.0,24.0
74,45,2.0,0.0,2.0,[ 5 73],69.0,24.0,35.0,20.0,40.0,19.0,87.0,62.0,78.0,74.0
74,46,2.0,0.0,2.0,[ 5 73],78.0,74.0,40.0,19.0,69.0,24.0,116.0,116.0,87.0,62.0
74,47,2.0,0.0,2.0,[ 5 73],87.0,62.0,69.0,24.0,78.0,74.0,80.0,103.0,116.0,116.0
74,48,2.0,0.0,2.0,[ 5 73],116.0,116.0,78.0,74.0,87.0,62.0,75.0,102.0,80.0,103.0
74,49,2.0,0.0,2.0,[ 5 73],80.0,103.0,87.0,62.0,116.0,116.0,88.0,54.0,75.0,102.0
74,50,2.0,0.0,2.0,[ 5 73],75.0,102.0,116.0,116.0,80.0,103.0,84.0,69.0,88.0,54.0
74,51,2.0,0.0,2.0,[ 5 73],88.0,54.0,80.0,103.0,75.0,102.0,50.0,38.0,84.0,69.0
74,52,2.0,0.0,2.0,[ 5 73],84.0,69.0,75.0,102.0,88.0,54.0,52.0,38.0,50.0,38.0
74,53,2.0,0.0,2.0,[ 5 73],50.0,38.0,88.0,54.0,84.0,69.0,46.0,26.0,52.0,38.0
74,54,2.0,0.0,2.0,[ 5 73],52.0,38.0,84.0,69.0,50.0,38.0,48.0,28.0,46.0,26.0
74,55,2.0,0.0,2.0,[ 5 73],46.0,26.0,50.0,38.0,52.0,38.0,41.0,45.0,48.0,28.0
74,56,2.0,0.0,2.0,[ 5 73],48.0,28.0,52.0,38.0,46.0,26.0,37.0,15.0,41.0,45.0
74,57,2.0,0.0,2.0,[ 5 73],41.0,45.0,46.0,26.0,48.0,28.0,35.0,42.0,37.0,15.0
74,58,2.0,0.0,2.0,[ 5 73],37.0,15.0,48.0,28.0,41.0,45.0,40.0,19.0,35.0,42.0
74,59,2.0,0.0,2.0,[ 5 73],35.0,42.0,41.0,45.0,37.0,15.0,26.0,27.0,40.0,19.0
74,60,2.0,0.0,2.0,[ 5 73],40.0,19.0,37.0,15.0,35.0,42.0,31.0,29.0,26.0,27.0
74,61,2.0,0.0,2.0,[ 5 73],26.0,27.0,35.0,42.0,40.0,19.0,31.0,16.0,31.0,29.0
74,62,2.0,0.0,2.0,[ 5 73],31.0,29.0,40.0,19.0,26.0,27.0,41.0,30.0,31.0,16.0
74,63,2.0,0.0,2.0,[ 5 73],31.0,16.0,26.0,27.0,31.0,29.0,23.0,20.0,41.0,30.0
74,64,2.0,0.0,2.0,[ 5 73],41.0,30.0,31.0,29.0,31.0,16.0,21.0,27.0,23.0,20.0
74,65,2.0,0.0,2.0,[ 5 73],23.0,20.0,31.0,16.0,41.0,30.0,26.0,21.0,21.0,27.0
74,66,2.0,0.0,2.0,[ 5 73],21.0,27.0,41.0,30.0,23.0,20.0,25.0,21.0,26.0,21.0
74,67,2.0,0.0,2.0,[ 5 73],26.0,21.0,23.0,20.0,21.0,27.0,25.0,19.0,25.0,21.0
74,68,2.0,0.0,2.0,[ 5 73],25.0,21.0,21.0,27.0,26.0,21.0,32.0,35.0,25.0,19.0
74,69,2.0,0.0,2.0,[ 5 73],25.0,19.0,26.0,21.0,25.0,21.0,27.0,16.0,32.0,35.0
74,70,2.0,0.0,2.0,[ 5 73],32.0,35.0,25.0,21.0,25.0,19.0,27.0,43.0,27.0,16.0
74,71,2.0,0.0,2.0,[ 5 73],27.0,16.0,25.0,19.0,32.0,35.0,20.0,12.0,27.0,43.0
74,72,2.0,0.0,2.0,[ 5 73],27.0,43.0,32.0,35.0,27.0,16.0,19.0,23.0,20.0,12.0
74,73,2.0,0.0,2.0,[ 5 73],20.0,12.0,27.0,16.0,27.0,43.0,26.0,35.0,19.0,23.0
74,74,2.0,0.0,2.0,[ 5 73],19.0,23.0,27.0,43.0,20.0,12.0,26.0,21.0,26.0,35.0
74,75,2.0,0.0,2.0,[ 5 73],26.0,35.0,20.0,12.0,19.0,23.0,23.0,25.0,26.0,21.0
74,76,2.0,0.0,2.0,[ 5 73],26.0,21.0,19.0,23.0,26.0,35.0,19.0,24.0,23.0,25.0
74,77,2.0,0.0,2.0,[ 5 73],23.0,25.0,26.0,35.0,26.0,21.0,22.0,34.0,19.0,24.0
74,78,2.0,0.0,2.0,[ 5 73],19.0,24.0,26.0,21.0,23.0,25.0,16.0,22.0,22.0,34.0
74,79,2.0,0.0,2.0,[ 5 73],22.0,34.0,23.0,25.0,19.0,24.0,28.0,23.0,16.0,22.0
74,80,2.0,0.0,2.0,[ 5 73],16.0,22.0,19.0,24.0,22.0,34.0,26.0,28.0,28.0,23.0
74,81,2.0,0.0,2.0,[ 5 73],28.0,23.0,22.0,34.0,16.0,22.0,20.0,34.0,26.0,28.0
74,82,2.0,0.0,2.0,[ 5 73],26.0,28.0,16.0,22.0,28.0,23.0,28.0,24.0,20.0,34.0
74,83,2.0,0.0,2.0,[ 5 73],20.0,34.0,28.0,23.0,26.0,28.0,13.0,28.0,28.0,24.0
74,84,2.0,0.0,2.0,[ 5 73],28.0,24.0,26.0,28.0,20.0,34.0,26.0,31.0,13.0,28.0
74,85,2.0,0.0,2.0,[ 5 73],13.0,28.0,20.0,34.0,28.0,24.0,26.0,34.0,26.0,31.0
74,86,2.0,0.0,2.0,[ 5 73],26.0,31.0,28.0,24.0,13.0,28.0,29.0,19.0,26.0,34.0
74,87,2.0,0.0,2.0,[ 5 73],26.0,34.0,13.0,28.0,26.0,31.0,22.0,32.0,29.0,19.0
74,88,2.0,0.0,2.0,[ 5 73],29.0,19.0,26.0,31.0,26.0,34.0,30.0,25.0,22.0,32.0
74,89,2.0,0.0,2.0,[ 5 73],22.0,32.0,26.0,34.0,29.0,19.0,26.0,30.0,30.0,25.0
74,90,2.0,0.0,2.0,[ 5 73],30.0,25.0,29.0,19.0,22.0,32.0,28.0,33.0,26.0,30.0
74,91,2.0,0.0,2.0,[ 5 73],26.0,30.0,22.0,32.0,30.0,25.0,37.0,32.0,28.0,33.0
74,92,2.0,0.0,2.0,[ 5 73],28.0,33.0,30.0,25.0,26.0,30.0,23.0,32.0,37.0,32.0
74,93,2.0,0.0,2.0,[ 5 73],37.0,32.0,26.0,30.0,28.0,33.0,44.0,42.0,23.0,32.0
74,94,2.0,0.0,2.0,[ 5 73],23.0,32.0,28.0,33.0,37.0,32.0,32.0,31.0,44.0,42.0
74,95,2.0,0.0,2.0,[ 5 73],44.0,42.0,37.0,32.0,23.0,32.0,28.0,59.0,32.0,31.0
74,96,2.0,0.0,2.0,[ 5 73],32.0,31.0,23.0,32.0,44.0,42.0,25.0,43.0,28.0,59.0
74,97,2.0,0.0,2.0,[ 5 73],28.0,59.0,44.0,42.0,32.0,31.0,45.0,49.0,25.0,43.0
74,98,2.0,0.0,2.0,[ 5 73],25.0,43.0,32.0,31.0,28.0,59.0,51.0,33.0,45.0,49.0
74,99,2.0,0.0,2.0,[ 5 73],45.0,49.0,28.0,59.0,25.0,43.0,30.0,47.0,51.0,33.0
74,100,2.0,0.0,2.0,[ 5 73],51.0,33.0,25.0,43.0,45.0,49.0,53.0,45.0,30.0,47.0
74,101,2.0,0.0,2.0,[ 5 73],30.0,47.0,45.0,49.0,51.0,33.0,76.0,45.0,53.0,45.0
74,102,2.0,0.0,2.0,[ 5 73],53.0,45.0,51.0,33.0,30.0,47.0,73.0,62.0,76.0,45.0
74,103,2.0,0.0,2.0,[ 5 73],76.0,45.0,30.0,47.0,53.0,45.0,84.0,75.0,73.0,62.0
74,104,2.0,0.0,2.0,[ 5 73],73.0,62.0,53.0,45.0,76.0,45.0,83.0,80.0,84.0,75.0
74,105,2.0,0.0,2.0,[ 5 73],84.0,75.0,76.0,45.0,73.0,62.0,71.0,73.0,83.0,80.0
74,106,2.0,0.0,2.0,[ 5 73],83.0,80.0,73.0,62.0,84.0,75.0,34.0,67.0,71.0,73.0
74,107,2.0,0.0,2.0,[ 5 73],71.0,73.0,84.0,75.0,83.0,80.0,41.0,76.0,34.0,67.0
74,108,2.0,0.0,2.0,[ 5 73],34.0,67.0,83.0,80.0,71.0,73.0,35.0,76.0,41.0,76.0
74,109,2.0,0.0,2.0,[ 5 73],41.0,76.0,71.0,73.0,34.0,67.0,39.0,68.0,35.0,76.0
74,110,2.0,0.0,2.0,[ 5 73],35.0,76.0,34.0,67.0,41.0,76.0,26.0,59.0,39.0,68.0
74,111,2.0,0.0,2.0,[ 5 73],39.0,68.0,41.0,76.0,35.0,76.0,36.0,47.0,26.0,59.0
74,112,2.0,0.0,2.0,[ 5 73],26.0,59.0,35.0,76.0,39.0,68.0,26.0,38.0,36.0,47.0
74,113,2.0,0.0,2.0,[ 5 73],36.0,47.0,39.0,68.0,26.0,59.0,34.0,50.0,26.0,38.0
74,114,2.0,0.0,2.0,[ 5 73],26.0,38.0,26.0,59.0,36.0,47.0,18.0,28.0,34.0,50.0
74,115,2.0,0.0,2.0,[ 5 73],34.0,50.0,36.0,47.0,26.0,38.0,30.0,30.0,18.0,28.0
74,116,2.0,0.0,2.0,[ 5 73],18.0,28.0,26.0,38.0,34.0,50.0,34.0,31.0,30.0,30.0
74,117,2.0,0.0,2.0,[ 5 73],30.0,30.0,34.0,50.0,18.0,28.0,14.0,22.0,34.0,31.0
74,118,2.0,0.0,2.0,[ 5 73],34.0,31.0,18.0,28.0,30.0,30.0,24.0,33.0,14.0,22.0
74,119,2.0,0.0,2.0,[ 5 73],14.0,22.0,30.0,30.0,34.0,31.0,34.0,24.0,24.0,33.0
74,120,2.0,0.0,2.0,[ 5 73],24.0,33.0,34.0,31.0,14.0,22.0,33.0,39.0,34.0,24.0
74,121,2.0,0.0,2.0,[ 5 73],34.0,24.0,14.0,22.0,24.0,33.0,27.0,41.0,33.0,39.0
74,122,2.0,0.0,2.0,[ 5 73],33.0,39.0,24.0,33.0,34.0,24.0,47.0,31.0,27.0,41.0
74,123,2.0,0.0,2.0,[ 5 73],27.0,41.0,34.0,24.0,33.0,39.0,20.0,39.0,47.0,31.0
74,124,2.0,0.0,2.0,[ 5 73],47.0,31.0,33.0,39.0,27.0,41.0,22.0,29.0,20.0,39.0
74,125,2.0,0.0,2.0,[ 5 73],20.0,39.0,27.0,41.0,47.0,31.0,25.0,28.0,22.0,29.0
74,126,2.0,0.0,2.0,[ 5 73],22.0,29.0,47.0,31.0,20.0,39.0,24.0,24.0,25.0,28.0
74,127,2.0,0.0,2.0,[ 5 73],25.0,28.0,20.0,39.0,22.0,29.0,10.0,32.0,24.0,24.0
74,128,2.0,0.0,2.0,[ 5 73],24.0,24.0,22.0,29.0,25.0,28.0,8.0,32.0,10.0,32.0
74,129,2.0,0.0,2.0,[ 5 73],10.0,32.0,25.0,28.0,24.0,24.0,25.0,34.0,8.0,32.0
74,130,2.0,0.0,2.0,[ 5 73],8.0,32.0,24.0,24.0,10.0,32.0,18.0,18.0,25.0,34.0
74,131,2.0,0.0,2.0,[ 5 73],25.0,34.0,10.0,32.0,8.0,32.0,17.0,12.0,18.0,18.0
74,132,2.0,0.0,2.0,[ 5 73],18.0,18.0,8.0,32.0,25.0,34.0,12.0,20.0,17.0,12.0
74,133,2.0,0.0,2.0,[ 5 73],17.0,12.0,25.0,34.0,18.0,18.0,3.0,18.0,12.0,20.0
74,134,2.0,0.0,2.0,[ 5 73],12.0,20.0,18.0,18.0,17.0,12.0,6.0,5.0,3.0,18.0
74,135,2.0,0.0,2.0,[ 5 73],3.0,18.0,17.0,12.0,12.0,20.0,4.0,8.0,6.0,5.0
74,136,2.0,0.0,2.0,[ 5 73],6.0,5.0,12.0,20.0,3.0,18.0,3.0,3.0,4.0,8.0
74,137,2.0,0.0,2.0,[ 5 73],4.0,8.0,3.0,18.0,6.0,5.0,0.0,3.0,3.0,3.0
74,138,2.0,0.0,2.0,[ 5 73],3.0,3.0,6.0,5.0,4.0,8.0,0.0,6.0,0.0,3.0
74,139,2.0,0.0,2.0,[ 5 73],0.0,3.0,4.0,8.0,3.0,3.0,0.0,4.0,0.0,6.0
74,140,2.0,0.0,2.0,[ 5 73],0.0,6.0,3.0,3.0,0.0,3.0,0.0,0.0,0.0,4.0
74,141,2.0,0.0,2.0,[ 5 73],0.0,4.0,0.0,3.0,0.0,6.0,0.0,0.0,0.0,0.0
74,142,2.0,0.0,2.0,[ 5 73],0.0,0.0,0.0,6.0,0.0,4.0,0.0,0.0,0.0,0.0
74,143,2.0,0.0,2.0,[ 5 73],0.0,0.0,0.0,4.0,0.0,0.0,0.0,0.0,0.0,0.0
75,0,2.0,0.0,2.0,[ 5 76],0.0,0.0,0.0,0.0,0.0,0.0,0.0,0.0,0.0,0.0
75,1,2.0,0.0,2.0,[ 5 76],0.0,0.0,0.0,0.0,0.0,0.0,0.0,0.0,0.0,0.0
75,2,2.0,0.0,2.0,[ 5 76],0.0,0.0,0.0,0.0,0.0,0.0,0.0,0.0,0.0,0.0
75,3,2.0,0.0,2.0,[ 5 76],0.0,0.0,0.0,0.0,0.0,0.0,0.0,0.0,0.0,0.0
75,4,2.0,0.0,2.0,[ 5 76],0.0,0.0,0.0,0.0,0.0,0.0,0.0,0.0,0.0,0.0
75,5,2.0,0.0,2.0,[ 5 76],0.0,0.0,0.0,0.0,0.0,0.0,0.0,0.0,0.0,0.0
75,6,2.0,0.0,2.0,[ 5 76],0.0,0.0,0.0,0.0,0.0,0.0,0.0,0.0,0.0,0.0
75,7,2.0,0.0,2.0,[ 5 76],0.0,0.0,0.0,0.0,0.0,0.0,0.0,0.0,0.0,0.0
75,8,2.0,0.0,2.0,[ 5 76],0.0,0.0,0.0,0.0,0.0,0.0,0.0,0.0,0.0,0.0
75,9,2.0,0.0,2.0,[ 5 76],0.0,0.0,0.0,0.0,0.0,0.0,0.0,0.0,0.0,0.0
75,10,2.0,0.0,2.0,[ 5 76],0.0,0.0,0.0,0.0,0.0,0.0,0.0,0.0,0.0,0.0
75,11,2.0,0.0,2.0,[ 5 76],0.0,0.0,0.0,0.0,0.0,0.0,0.0,0.0,0.0,0.0
75,12,2.0,0.0,2.0,[ 5 76],0.0,0.0,0.0,0.0,0.0,0.0,0.0,0.0,0.0,0.0
75,13,2.0,0.0,2.0,[ 5 76],0.0,0.0,0.0,0.0,0.0,0.0,0.0,0.0,0.0,0.0
75,14,2.0,0.0,2.0,[ 5 76],0.0,0.0,0.0,0.0,0.0,0.0,0.0,0.0,0.0,0.0
75,15,2.0,0.0,2.0,[ 5 76],0.0,0.0,0.0,0.0,0.0,0.0,0.0,0.0,0.0,0.0
75,16,2.0,0.0,2.0,[ 5 76],0.0,0.0,0.0,0.0,0.0,0.0,0.0,0.0,0.0,0.0
75,17,2.0,0.0,2.0,[ 5 76],0.0,0.0,0.0,0.0,0.0,0.0,0.0,0.0,0.0,0.0
75,18,2.0,0.0,2.0,[ 5 76],0.0,0.0,0.0,0.0,0.0,0.0,0.0,0.0,0.0,0.0
75,19,2.0,0.0,2.0,[ 5 76],0.0,0.0,0.0,0.0,0.0,0.0,0.0,0.0,0.0,0.0
75,20,2.0,0.0,2.0,[ 5 76],0.0,0.0,0.0,0.0,0.0,0.0,0.0,0.0,0.0,0.0
75,21,2.0,0.0,2.0,[ 5 76],0.0,0.0,0.0,0.0,0.0,0.0,0.0,0.0,0.0,0.0
75,22,2.0,0.0,2.0,[ 5 76],0.0,0.0,0.0,0.0,0.0,0.0,0.0,0.0,0.0,0.0
75,23,2.0,0.0,2.0,[ 5 76],0.0,0.0,0.0,0.0,0.0,0.0,0.0,0.0,0.0,0.0
75,24,2.0,0.0,2.0,[ 5 76],0.0,0.0,0.0,0.0,0.0,0.0,0.0,0.0,0.0,0.0
75,25,2.0,0.0,2.0,[ 5 76],0.0,0.0,0.0,0.0,0.0,0.0,0.0,0.0,0.0,0.0
75,26,2.0,0.0,2.0,[ 5 76],0.0,0.0,0.0,0.0,0.0,0.0,0.0,0.0,0.0,0.0
75,27,2.0,0.0,2.0,[ 5 76],0.0,0.0,0.0,0.0,0.0,0.0,0.0,0.0,0.0,0.0
75,28,2.0,0.0,2.0,[ 5 76],0.0,0.0,0.0,0.0,0.0,0.0,0.0,0.0,0.0,0.0
75,29,2.0,0.0,2.0,[ 5 76],0.0,0.0,0.0,0.0,0.0,0.0,0.0,0.0,0.0,0.0
75,30,2.0,0.0,2.0,[ 5 76],0.0,0.0,0.0,0.0,0.0,0.0,0.0,0.0,0.0,0.0
75,31,2.0,0.0,2.0,[ 5 76],0.0,0.0,0.0,0.0,0.0,0.0,0.0,0.0,0.0,0.0
75,32,2.0,0.0,2.0,[ 5 76],0.0,0.0,0.0,0.0,0.0,0.0,0.0,0.0,0.0,0.0
75,33,2.0,0.0,2.0,[ 5 76],0.0,0.0,0.0,0.0,0.0,0.0,3.0,0.0,0.0,0.0
75,34,2.0,0.0,2.0,[ 5 76],0.0,0.0,0.0,0.0,0.0,0.0,4.0,0.0,3.0,0.0
75,35,2.0,0.0,2.0,[ 5 76],3.0,0.0,0.0,0.0,0.0,0.0,5.0,5.0,4.0,0.0
75,36,2.0,0.0,2.0,[ 5 76],4.0,0.0,0.0,0.0,3.0,0.0,4.0,6.0,5.0,5.0
75,37,2.0,0.0,2.0,[ 5 76],5.0,5.0,3.0,0.0,4.0,0.0,7.0,13.0,4.0,6.0
75,38,2.0,0.0,2.0,[ 5 76],4.0,6.0,4.0,0.0,5.0,5.0,11.0,36.0,7.0,13.0
75,39,2.0,0.0,2.0,[ 5 76],7.0,13.0,5.0,5.0,4.0,6.0,13.0,21.0,11.0,36.0
75,40,2.0,0.0,2.0,[ 5 76],11.0,36.0,4.0,6.0,7.0,13.0,20.0,65.0,13.0,21.0
75,41,2.0,0.0,2.0,[ 5 76],13.0,21.0,7.0,13.0,11.0,36.0,21.0,75.0,20.0,65.0
75,42,2.0,0.0,2.0,[ 5 76],20.0,65.0,11.0,36.0,13.0,21.0,30.0,89.0,21.0,75.0
75,43,2.0,0.0,2.0,[ 5 76],21.0,75.0,13.0,21.0,20.0,65.0,36.0,185.0,30.0,89.0
75,44,2.0,0.0,2.0,[ 5 76],30.0,89.0,20.0,65.0,21.0,75.0,43.0,276.0,36.0,185.0
75,45,2.0,0.0,2.0,[ 5 76],36.0,185.0,21.0,75.0,30.0,89.0,66.0,402.0,43.0,276.0
75,46,2.0,0.0,2.0,[ 5 76],43.0,276.0,30.0,89.0,36.0,185.0,70.0,752.0,66.0,402.0
75,47,2.0,0.0,2.0,[ 5 76],66.0,402.0,36.0,185.0,43.0,276.0,68.0,1120.0,70.0,752.0
75,48,2.0,0.0,2.0,[ 5 76],70.0,752.0,43.0,276.0,66.0,402.0,72.0,1124.0,68.0,1120.0
75,49,2.0,0.0,2.0,[ 5 76],68.0,1120.0,66.0,402.0,70.0,752.0,88.0,1321.0,72.0,1124.0
75,50,2.0,0.0,2.0,[ 5 76],72.0,1124.0,70.0,752.0,68.0,1120.0,64.0,1234.0,88.0,1321.0
75,51,2.0,0.0,2.0,[ 5 76],88.0,1321.0,68.0,1120.0,72.0,1124.0,67.0,1354.0,64.0,1234.0
75,52,2.0,0.0,2.0,[ 5 76],64.0,1234.0,72.0,1124.0,88.0,1321.0,59.0,612.0,67.0,1354.0
75,53,2.0,0.0,2.0,[ 5 76],67.0,1354.0,88.0,1321.0,64.0,1234.0,52.0,414.0,59.0,612.0
75,54,2.0,0.0,2.0,[ 5 76],59.0,612.0,64.0,1234.0,67.0,1354.0,62.0,355.0,52.0,414.0
75,55,2.0,0.0,2.0,[ 5 76],52.0,414.0,67.0,1354.0,59.0,612.0,76.0,343.0,62.0,355.0
75,56,2.0,0.0,2.0,[ 5 76],62.0,355.0,59.0,612.0,52.0,414.0,65.0,301.0,76.0,343.0
75,57,2.0,0.0,2.0,[ 5 76],76.0,343.0,52.0,414.0,62.0,355.0,57.0,149.0,65.0,301.0
75,58,2.0,0.0,2.0,[ 5 76],65.0,301.0,62.0,355.0,76.0,343.0,73.0,153.0,57.0,149.0
75,59,2.0,0.0,2.0,[ 5 76],57.0,149.0,76.0,343.0,65.0,301.0,66.0,155.0,73.0,153.0
75,60,2.0,0.0,2.0,[ 5 76],73.0,153.0,65.0,301.0,57.0,149.0,64.0,119.0,66.0,155.0
75,61,2.0,0.0,2.0,[ 5 76],66.0,155.0,57.0,149.0,73.0,153.0,65.0,88.0,64.0,119.0
75,62,2.0,0.0,2.0,[ 5 76],64.0,119.0,73.0,153.0,66.0,155.0,53.0,83.0,65.0,88.0
75,63,2.0,0.0,2.0,[ 5 76],65.0,88.0,66.0,155.0,64.0,119.0,75.0,105.0,53.0,83.0
75,64,2.0,0.0,2.0,[ 5 76],53.0,83.0,64.0,119.0,65.0,88.0,59.0,104.0,75.0,105.0
75,65,2.0,0.0,2.0,[ 5 76],75.0,105.0,65.0,88.0,53.0,83.0,71.0,99.0,59.0,104.0
75,66,2.0,0.0,2.0,[ 5 76],59.0,104.0,53.0,83.0,75.0,105.0,82.0,80.0,71.0,99.0
75,67,2.0,0.0,2.0,[ 5 76],71.0,99.0,75.0,105.0,59.0,104.0,105.0,82.0,82.0,80.0
75,68,2.0,0.0,2.0,[ 5 76],82.0,80.0,59.0,104.0,71.0,99.0,76.0,76.0,105.0,82.0
75,69,2.0,0.0,2.0,[ 5 76],105.0,82.0,71.0,99.0,82.0,80.0,106.0,100.0,76.0,76.0
75,70,2.0,0.0,2.0,[ 5 76],76.0,76.0,82.0,80.0,105.0,82.0,85.0,56.0,106.0,100.0
75,71,2.0,0.0,2.0,[ 5 76],106.0,100.0,105.0,82.0,76.0,76.0,121.0,77.0,85.0,56.0
75,72,2.0,0.0,2.0,[ 5 76],85.0,56.0,76.0,76.0,106.0,100.0,96.0,94.0,121.0,77.0
75,73,2.0,0.0,2.0,[ 5 76],121.0,77.0,106.0,100.0,85.0,56.0,89.0,80.0,96.0,94.0
75,74,2.0,0.0,2.0,[ 5 76],96.0,94.0,85.0,56.0,121.0,77.0,67.0,89.0,89.0,80.0
75,75,2.0,0.0,2.0,[ 5 76],89.0,80.0,121.0,77.0,96.0,94.0,77.0,102.0,67.0,89.0
75,76,2.0,0.0,2.0,[ 5 76],67.0,89.0,96.0,94.0,89.0,80.0,89.0,78.0,77.0,102.0
75,77,2.0,0.0,2.0,[ 5 76],77.0,102.0,89.0,80.0,67.0,89.0,65.0,73.0,89.0,78.0
75,78,2.0,0.0,2.0,[ 5 76],89.0,78.0,67.0,89.0,77.0,102.0,66.0,116.0,65.0,73.0
75,79,2.0,0.0,2.0,[ 5 76],65.0,73.0,77.0,102.0,89.0,78.0,82.0,93.0,66.0,116.0
75,80,2.0,0.0,2.0,[ 5 76],66.0,116.0,89.0,78.0,65.0,73.0,110.0,119.0,82.0,93.0
75,81,2.0,0.0,2.0,[ 5 76],82.0,93.0,65.0,73.0,66.0,116.0,74.0,116.0,110.0,119.0
75,82,2.0,0.0,2.0,[ 5 76],110.0,119.0,66.0,116.0,82.0,93.0,102.0,99.0,74.0,116.0
75,83,2.0,0.0,2.0,[ 5 76],74.0,116.0,82.0,93.0,110.0,119.0,74.0,95.0,102.0,99.0
75,84,2.0,0.0,2.0,[ 5 76],102.0,99.0,110.0,119.0,74.0,116.0,77.0,98.0,74.0,95.0
75,85,2.0,0.0,2.0,[ 5 76],74.0,95.0,74.0,116.0,102.0,99.0,73.0,100.0,77.0,98.0
75,86,2.0,0.0,2.0,[ 5 76],77.0,98.0,102.0,99.0,74.0,95.0,89.0,64.0,73.0,100.0
75,87,2.0,0.0,2.0,[ 5 76],73.0,100.0,74.0,95.0,77.0,98.0,71.0,68.0,89.0,64.0
75,88,2.0,0.0,2.0,[ 5 76],89.0,64.0,77.0,98.0,73.0,100.0,87.0,75.0,71.0,68.0
75,89,2.0,0.0,2.0,[ 5 76],71.0,68.0,73.0,100.0,89.0,64.0,116.0,55.0,87.0,75.0
75,90,2.0,0.0,2.0,[ 5 76],87.0,75.0,89.0,64.0,71.0,68.0,88.0,56.0,116.0,55.0
75,91,2.0,0.0,2.0,[ 5 76],116.0,55.0,71.0,68.0,87.0,75.0,97.0,71.0,88.0,56.0
75,92,2.0,0.0,2.0,[ 5 76],88.0,56.0,87.0,75.0,116.0,55.0,89.0,69.0,97.0,71.0
75,93,2.0,0.0,2.0,[ 5 76],97.0,71.0,116.0,55.0,88.0,56.0,95.0,71.0,89.0,69.0
75,94,2.0,0.0,2.0,[ 5 76],89.0,69.0,88.0,56.0,97.0,71.0,112.0,60.0,95.0,71.0
75,95,2.0,0.0,2.0,[ 5 76],95.0,71.0,97.0,71.0,89.0,69.0,113.0,75.0,112.0,60.0
75,96,2.0,0.0,2.0,[ 5 76],112.0,60.0,89.0,69.0,95.0,71.0,124.0,67.0,113.0,75.0
75,97,2.0,0.0,2.0,[ 5 76],113.0,75.0,95.0,71.0,112.0,60.0,194.0,59.0,124.0,67.0
75,98,2.0,0.0,2.0,[ 5 76],124.0,67.0,112.0,60.0,113.0,75.0,163.0,81.0,194.0,59.0
75,99,2.0,0.0,2.0,[ 5 76],194.0,59.0,113.0,75.0,124.0,67.0,170.0,64.0,163.0,81.0
75,100,2.0,0.0,2.0,[ 5 76],163.0,81.0,124.0,67.0,194.0,59.0,396.0,70.0,170.0,64.0
75,101,2.0,0.0,2.0,[ 5 76],170.0,64.0,194.0,59.0,163.0,81.0,587.0,72.0,396.0,70.0
75,102,2.0,0.0,2.0,[ 5 76],396.0,70.0,163.0,81.0,170.0,64.0,460.0,80.0,587.0,72.0
75,103,2.0,0.0,2.0,[ 5 76],587.0,72.0,170.0,64.0,396.0,70.0,624.0,86.0,460.0,80.0
75,104,2.0,0.0,2.0,[ 5 76],460.0,80.0,396.0,70.0,587.0,72.0,993.0,85.0,624.0,86.0
75,105,2.0,0.0,2.0,[ 5 76],624.0,86.0,587.0,72.0,460.0,80.0,648.0,99.0,993.0,85.0
75,106,2.0,0.0,2.0,[ 5 76],993.0,85.0,460.0,80.0,624.0,86.0,655.0,98.0,648.0,99.0
75,107,2.0,0.0,2.0,[ 5 76],648.0,99.0,624.0,86.0,993.0,85.0,777.0,94.0,655.0,98.0
75,108,2.0,0.0,2.0,[ 5 76],655.0,98.0,993.0,85.0,648.0,99.0,513.0,87.0,777.0,94.0
75,109,2.0,0.0,2.0,[ 5 76],777.0,94.0,648.0,99.0,655.0,98.0,377.0,53.0,513.0,87.0
75,110,2.0,0.0,2.0,[ 5 76],513.0,87.0,655.0,98.0,777.0,94.0,373.0,40.0,377.0,53.0
75,111,2.0,0.0,2.0,[ 5 76],377.0,53.0,777.0,94.0,513.0,87.0,315.0,45.0,373.0,40.0
75,112,2.0,0.0,2.0,[ 5 76],373.0,40.0,513.0,87.0,377.0,53.0,245.0,48.0,315.0,45.0
75,113,2.0,0.0,2.0,[ 5 76],315.0,45.0,377.0,53.0,373.0,40.0,279.0,42.0,245.0,48.0
75,114,2.0,0.0,2.0,[ 5 76],245.0,48.0,373.0,40.0,315.0,45.0,174.0,39.0,279.0,42.0
75,115,2.0,0.0,2.0,[ 5 76],279.0,42.0,315.0,45.0,245.0,48.0,190.0,41.0,174.0,39.0
75,116,2.0,0.0,2.0,[ 5 76],174.0,39.0,245.0,48.0,279.0,42.0,178.0,29.0,190.0,41.0
75,117,2.0,0.0,2.0,[ 5 76],190.0,41.0,279.0,42.0,174.0,39.0,152.0,34.0,178.0,29.0
75,118,2.0,0.0,2.0,[ 5 76],178.0,29.0,174.0,39.0,190.0,41.0,173.0,16.0,152.0,34.0
75,119,2.0,0.0,2.0,[ 5 76],152.0,34.0,190.0,41.0,178.0,29.0,175.0,47.0,173.0,16.0
75,120,2.0,0.0,2.0,[ 5 76],173.0,16.0,178.0,29.0,152.0,34.0,148.0,50.0,175.0,47.0
75,121,2.0,0.0,2.0,[ 5 76],175.0,47.0,152.0,34.0,173.0,16.0,142.0,43.0,148.0,50.0
75,122,2.0,0.0,2.0,[ 5 76],148.0,50.0,173.0,16.0,175.0,47.0,153.0,31.0,142.0,43.0
75,123,2.0,0.0,2.0,[ 5 76],142.0,43.0,175.0,47.0,148.0,50.0,117.0,42.0,153.0,31.0
75,124,2.0,0.0,2.0,[ 5 76],153.0,31.0,148.0,50.0,142.0,43.0,128.0,26.0,117.0,42.0
75,125,2.0,0.0,2.0,[ 5 76],117.0,42.0,142.0,43.0,153.0,31.0,169.0,27.0,128.0,26.0
75,126,2.0,0.0,2.0,[ 5 76],128.0,26.0,153.0,31.0,117.0,42.0,107.0,52.0,169.0,27.0
75,127,2.0,0.0,2.0,[ 5 76],169.0,27.0,117.0,42.0,128.0,26.0,94.0,30.0,107.0,52.0
75,128,2.0,0.0,2.0,[ 5 76],107.0,52.0,128.0,26.0,169.0,27.0,80.0,38.0,94.0,30.0
75,129,2.0,0.0,2.0,[ 5 76],94.0,30.0,169.0,27.0,107.0,52.0,75.0,23.0,80.0,38.0
75,130,2.0,0.0,2.0,[ 5 76],80.0,38.0,107.0,52.0,94.0,30.0,81.0,34.0,75.0,23.0
75,131,2.0,0.0,2.0,[ 5 76],75.0,23.0,94.0,30.0,80.0,38.0,71.0,22.0,81.0,34.0
75,132,2.0,0.0,2.0,[ 5 76],81.0,34.0,80.0,38.0,75.0,23.0,46.0,21.0,71.0,22.0
75,133,2.0,0.0,2.0,[ 5 76],71.0,22.0,75.0,23.0,81.0,34.0,59.0,13.0,46.0,21.0
75,134,2.0,0.0,2.0,[ 5 76],46.0,21.0,81.0,34.0,71.0,22.0,46.0,16.0,59.0,13.0
75,135,2.0,0.0,2.0,[ 5 76],59.0,13.0,71.0,22.0,46.0,21.0,35.0,8.0,46.0,16.0
75,136,2.0,0.0,2.0,[ 5 76],46.0,16.0,46.0,21.0,59.0,13.0,17.0,6.0,35.0,8.0
75,137,2.0,0.0,2.0,[ 5 76],35.0,8.0,59.0,13.0,46.0,16.0,1.0,3.0,17.0,6.0
75,138,2.0,0.0,2.0,[ 5 76],17.0,6.0,46.0,16.0,35.0,8.0,4.0,1.0,1.0,3.0
75,139,2.0,0.0,2.0,[ 5 76],1.0,3.0,35.0,8.0,17.0,6.0,1.0,0.0,4.0,1.0
75,140,2.0,0.0,2.0,[ 5 76],4.0,1.0,17.0,6.0,1.0,3.0,0.0,0.0,1.0,0.0
75,141,2.0,0.0,2.0,[ 5 76],1.0,0.0,1.0,3.0,4.0,1.0,0.0,0.0,0.0,0.0
75,142,2.0,0.0,2.0,[ 5 76],0.0,0.0,4.0,1.0,1.0,0.0,0.0,0.0,0.0,0.0
75,143,2.0,0.0,2.0,[ 5 76],0.0,0.0,1.0,0.0,0.0,0.0,0.0,0.0,0.0,0.0
76,0,2.0,0.0,2.0,[75 77],0.0,0.0,0.0,0.0,0.0,0.0,0.0,0.0,0.0,0.0
76,1,2.0,0.0,2.0,[75 77],0.0,0.0,0.0,0.0,0.0,0.0,0.0,0.0,0.0,0.0
76,2,2.0,0.0,2.0,[75 77],0.0,0.0,0.0,0.0,0.0,0.0,0.0,0.0,0.0,0.0
76,3,2.0,0.0,2.0,[75 77],0.0,0.0,0.0,0.0,0.0,0.0,0.0,0.0,0.0,0.0
76,4,2.0,0.0,2.0,[75 77],0.0,0.0,0.0,0.0,0.0,0.0,0.0,0.0,0.0,0.0
76,5,2.0,0.0,2.0,[75 77],0.0,0.0,0.0,0.0,0.0,0.0,0.0,0.0,0.0,0.0
76,6,2.0,0.0,2.0,[75 77],0.0,0.0,0.0,0.0,0.0,0.0,0.0,0.0,0.0,0.0
76,7,2.0,0.0,2.0,[75 77],0.0,0.0,0.0,0.0,0.0,0.0,0.0,0.0,0.0,0.0
76,8,2.0,0.0,2.0,[75 77],0.0,0.0,0.0,0.0,0.0,0.0,0.0,0.0,0.0,0.0
76,9,2.0,0.0,2.0,[75 77],0.0,0.0,0.0,0.0,0.0,0.0,0.0,0.0,0.0,0.0
76,10,2.0,0.0,2.0,[75 77],0.0,0.0,0.0,0.0,0.0,0.0,0.0,0.0,0.0,0.0
76,11,2.0,0.0,2.0,[75 77],0.0,0.0,0.0,0.0,0.0,0.0,0.0,0.0,0.0,0.0
76,12,2.0,0.0,2.0,[75 77],0.0,0.0,0.0,0.0,0.0,0.0,0.0,0.0,0.0,0.0
76,13,2.0,0.0,2.0,[75 77],0.0,0.0,0.0,0.0,0.0,0.0,0.0,0.0,0.0,0.0
76,14,2.0,0.0,2.0,[75 77],0.0,0.0,0.0,0.0,0.0,0.0,0.0,0.0,0.0,0.0
76,15,2.0,0.0,2.0,[75 77],0.0,0.0,0.0,0.0,0.0,0.0,0.0,0.0,0.0,0.0
76,16,2.0,0.0,2.0,[75 77],0.0,0.0,0.0,0.0,0.0,0.0,1.0,0.0,0.0,0.0
76,17,2.0,0.0,2.0,[75 77],0.0,0.0,0.0,0.0,0.0,0.0,0.0,0.0,1.0,0.0
76,18,2.0,0.0,2.0,[75 77],1.0,0.0,0.0,0.0,0.0,0.0,0.0,0.0,0.0,0.0
76,19,2.0,0.0,2.0,[75 77],0.0,0.0,0.0,0.0,1.0,0.0,0.0,0.0,0.0,0.0
76,20,2.0,0.0,2.0,[75 77],0.0,0.0,1.0,0.0,0.0,0.0,0.0,0.0,0.0,0.0
76,21,2.0,0.0,2.0,[75 77],0.0,0.0,0.0,0.0,0.0,0.0,0.0,0.0,0.0,0.0
76,22,2.0,0.0,2.0,[75 77],0.0,0.0,0.0,0.0,0.0,0.0,0.0,0.0,0.0,0.0
76,23,2.0,0.0,2.0,[75 77],0.0,0.0,0.0,0.0,0.0,0.0,0.0,0.0,0.0,0.0
76,24,2.0,0.0,2.0,[75 77],0.0,0.0,0.0,0.0,0.0,0.0,0.0,0.0,0.0,0.0
76,25,2.0,0.0,2.0,[75 77],0.0,0.0,0.0,0.0,0.0,0.0,0.0,0.0,0.0,0.0
76,26,2.0,0.0,2.0,[75 77],0.0,0.0,0.0,0.0,0.0,0.0,0.0,0.0,0.0,0.0
76,27,2.0,0.0,2.0,[75 77],0.0,0.0,0.0,0.0,0.0,0.0,0.0,0.0,0.0,0.0
76,28,2.0,0.0,2.0,[75 77],0.0,0.0,0.0,0.0,0.0,0.0,0.0,0.0,0.0,0.0
76,29,2.0,0.0,2.0,[75 77],0.0,0.0,0.0,0.0,0.0,0.0,0.0,0.0,0.0,0.0
76,30,2.0,0.0,2.0,[75 77],0.0,0.0,0.0,0.0,0.0,0.0,0.0,0.0,0.0,0.0
76,31,2.0,0.0,2.0,[75 77],0.0,0.0,0.0,0.0,0.0,0.0,0.0,0.0,0.0,0.0
76,32,2.0,0.0,2.0,[75 77],0.0,0.0,0.0,0.0,0.0,0.0,1.0,0.0,0.0,0.0
76,33,2.0,0.0,2.0,[75 77],0.0,0.0,0.0,0.0,0.0,0.0,1.0,0.0,1.0,0.0
76,34,2.0,0.0,2.0,[75 77],1.0,0.0,0.0,0.0,0.0,0.0,3.0,1.0,1.0,0.0
76,35,2.0,0.0,2.0,[75 77],1.0,0.0,0.0,0.0,1.0,0.0,6.0,5.0,3.0,1.0
76,36,2.0,0.0,2.0,[75 77],3.0,1.0,1.0,0.0,1.0,0.0,2.0,9.0,6.0,5.0
76,37,2.0,0.0,2.0,[75 77],6.0,5.0,1.0,0.0,3.0,1.0,5.0,21.0,2.0,9.0
76,38,2.0,0.0,2.0,[75 77],2.0,9.0,3.0,1.0,6.0,5.0,6.0,17.0,5.0,21.0
76,39,2.0,0.0,2.0,[75 77],5.0,21.0,6.0,5.0,2.0,9.0,13.0,27.0,6.0,17.0
76,40,2.0,0.0,2.0,[75 77],6.0,17.0,2.0,9.0,5.0,21.0,12.0,38.0,13.0,27.0
76,41,2.0,0.0,2.0,[75 77],13.0,27.0,5.0,21.0,6.0,17.0,13.0,77.0,12.0,38.0
76,42,2.0,0.0,2.0,[75 77],12.0,38.0,6.0,17.0,13.0,27.0,11.0,52.0,13.0,77.0
76,43,2.0,0.0,2.0,[75 77],13.0,77.0,13.0,27.0,12.0,38.0,9.0,134.0,11.0,52.0
76,44,2.0,0.0,2.0,[75 77],11.0,52.0,12.0,38.0,13.0,77.0,11.0,200.0,9.0,134.0
76,45,2.0,0.0,2.0,[75 77],9.0,134.0,13.0,77.0,11.0,52.0,32.0,367.0,11.0,200.0
76,46,2.0,0.0,2.0,[75 77],11.0,200.0,11.0,52.0,9.0,134.0,17.0,625.0,32.0,367.0
76,47,2.0,0.0,2.0,[75 77],32.0,367.0,9.0,134.0,11.0,200.0,22.0,949.0,17.0,625.0
76,48,2.0,0.0,2.0,[75 77],17.0,625.0,11.0,200.0,32.0,367.0,27.0,985.0,22.0,949.0
76,49,2.0,0.0,2.0,[75 77],22.0,949.0,32.0,367.0,17.0,625.0,38.0,913.0,27.0,985.0
76,50,2.0,0.0,2.0,[75 77],27.0,985.0,17.0,625.0,22.0,949.0,26.0,1286.0,38.0,913.0
76,51,2.0,0.0,2.0,[75 77],38.0,913.0,22.0,949.0,27.0,985.0,22.0,1074.0,26.0,1286.0
76,52,2.0,0.0,2.0,[75 77],26.0,1286.0,27.0,985.0,38.0,913.0,28.0,599.0,22.0,1074.0
76,53,2.0,0.0,2.0,[75 77],22.0,1074.0,38.0,913.0,26.0,1286.0,36.0,499.0,28.0,599.0
76,54,2.0,0.0,2.0,[75 77],28.0,599.0,26.0,1286.0,22.0,1074.0,64.0,375.0,36.0,499.0
76,55,2.0,0.0,2.0,[75 77],36.0,499.0,22.0,1074.0,28.0,599.0,73.0,298.0,64.0,375.0
76,56,2.0,0.0,2.0,[75 77],64.0,375.0,28.0,599.0,36.0,499.0,66.0,268.0,73.0,298.0
76,57,2.0,0.0,2.0,[75 77],73.0,298.0,36.0,499.0,64.0,375.0,57.0,288.0,66.0,268.0
76,58,2.0,0.0,2.0,[75 77],66.0,268.0,64.0,375.0,73.0,298.0,64.0,259.0,57.0,288.0
76,59,2.0,0.0,2.0,[75 77],57.0,288.0,73.0,298.0,66.0,268.0,94.0,226.0,64.0,259.0
76,60,2.0,0.0,2.0,[75 77],64.0,259.0,66.0,268.0,57.0,288.0,112.0,145.0,94.0,226.0
76,61,2.0,0.0,2.0,[75 77],94.0,226.0,57.0,288.0,64.0,259.0,81.0,181.0,112.0,145.0
76,62,2.0,0.0,2.0,[75 77],112.0,145.0,64.0,259.0,94.0,226.0,78.0,168.0,81.0,181.0
76,63,2.0,0.0,2.0,[75 77],81.0,181.0,94.0,226.0,112.0,145.0,99.0,168.0,78.0,168.0
76,64,2.0,0.0,2.0,[75 77],78.0,168.0,112.0,145.0,81.0,181.0,95.0,175.0,99.0,168.0
76,65,2.0,0.0,2.0,[75 77],99.0,168.0,81.0,181.0,78.0,168.0,83.0,135.0,95.0,175.0
76,66,2.0,0.0,2.0,[75 77],95.0,175.0,78.0,168.0,99.0,168.0,105.0,119.0,83.0,135.0
76,67,2.0,0.0,2.0,[75 77],83.0,135.0,99.0,168.0,95.0,175.0,93.0,116.0,105.0,119.0
76,68,2.0,0.0,2.0,[75 77],105.0,119.0,95.0,175.0,83.0,135.0,114.0,134.0,93.0,116.0
76,69,2.0,0.0,2.0,[75 77],93.0,116.0,83.0,135.0,105.0,119.0,127.0,126.0,114.0,134.0
76,70,2.0,0.0,2.0,[75 77],114.0,134.0,105.0,119.0,93.0,116.0,110.0,116.0,127.0,126.0
76,71,2.0,0.0,2.0,[75 77],127.0,126.0,93.0,116.0,114.0,134.0,119.0,90.0,110.0,116.0
76,72,2.0,0.0,2.0,[75 77],110.0,116.0,114.0,134.0,127.0,126.0,103.0,118.0,119.0,90.0
76,73,2.0,0.0,2.0,[75 77],119.0,90.0,127.0,126.0,110.0,116.0,94.0,103.0,103.0,118.0
76,74,2.0,0.0,2.0,[75 77],103.0,118.0,110.0,116.0,119.0,90.0,106.0,121.0,94.0,103.0
76,75,2.0,0.0,2.0,[75 77],94.0,103.0,119.0,90.0,103.0,118.0,99.0,133.0,106.0,121.0
76,76,2.0,0.0,2.0,[75 77],106.0,121.0,103.0,118.0,94.0,103.0,93.0,162.0,99.0,133.0
76,77,2.0,0.0,2.0,[75 77],99.0,133.0,94.0,103.0,106.0,121.0,105.0,173.0,93.0,162.0
76,78,2.0,0.0,2.0,[75 77],93.0,162.0,106.0,121.0,99.0,133.0,82.0,160.0,105.0,173.0
76,79,2.0,0.0,2.0,[75 77],105.0,173.0,99.0,133.0,93.0,162.0,109.0,184.0,82.0,160.0
76,80,2.0,0.0,2.0,[75 77],82.0,160.0,93.0,162.0,105.0,173.0,114.0,221.0,109.0,184.0
76,81,2.0,0.0,2.0,[75 77],109.0,184.0,105.0,173.0,82.0,160.0,133.0,192.0,114.0,221.0
76,82,2.0,0.0,2.0,[75 77],114.0,221.0,82.0,160.0,109.0,184.0,145.0,201.0,133.0,192.0
76,83,2.0,0.0,2.0,[75 77],133.0,192.0,109.0,184.0,114.0,221.0,163.0,189.0,145.0,201.0
76,84,2.0,0.0,2.0,[75 77],145.0,201.0,114.0,221.0,133.0,192.0,141.0,119.0,163.0,189.0
76,85,2.0,0.0,2.0,[75 77],163.0,189.0,133.0,192.0,145.0,201.0,199.0,136.0,141.0,119.0
76,86,2.0,0.0,2.0,[75 77],141.0,119.0,145.0,201.0,163.0,189.0,152.0,125.0,199.0,136.0
76,87,2.0,0.0,2.0,[75 77],199.0,136.0,163.0,189.0,141.0,119.0,156.0,169.0,152.0,125.0
76,88,2.0,0.0,2.0,[75 77],152.0,125.0,141.0,119.0,199.0,136.0,177.0,125.0,156.0,169.0
76,89,2.0,0.0,2.0,[75 77],156.0,169.0,199.0,136.0,152.0,125.0,202.0,93.0,177.0,125.0
76,90,2.0,0.0,2.0,[75 77],177.0,125.0,152.0,125.0,156.0,169.0,206.0,133.0,202.0,93.0
76,91,2.0,0.0,2.0,[75 77],202.0,93.0,156.0,169.0,177.0,125.0,185.0,113.0,206.0,133.0
76,92,2.0,0.0,2.0,[75 77],206.0,133.0,177.0,125.0,202.0,93.0,248.0,101.0,185.0,113.0
76,93,2.0,0.0,2.0,[75 77],185.0,113.0,202.0,93.0,206.0,133.0,230.0,91.0,248.0,101.0
76,94,2.0,0.0,2.0,[75 77],248.0,101.0,206.0,133.0,185.0,113.0,192.0,81.0,230.0,91.0
76,95,2.0,0.0,2.0,[75 77],230.0,91.0,185.0,113.0,248.0,101.0,248.0,91.0,192.0,81.0
76,96,2.0,0.0,2.0,[75 77],192.0,81.0,248.0,101.0,230.0,91.0,239.0,87.0,248.0,91.0
76,97,2.0,0.0,2.0,[75 77],248.0,91.0,230.0,91.0,192.0,81.0,246.0,82.0,239.0,87.0
76,98,2.0,0.0,2.0,[75 77],239.0,87.0,192.0,81.0,248.0,91.0,238.0,83.0,246.0,82.0
76,99,2.0,0.0,2.0,[75 77],246.0,82.0,248.0,91.0,239.0,87.0,284.0,73.0,238.0,83.0
76,100,2.0,0.0,2.0,[75 77],238.0,83.0,239.0,87.0,246.0,82.0,403.0,70.0,284.0,73.0
76,101,2.0,0.0,2.0,[75 77],284.0,73.0,246.0,82.0,238.0,83.0,569.0,83.0,403.0,70.0
76,102,2.0,0.0,2.0,[75 77],403.0,70.0,238.0,83.0,284.0,73.0,442.0,125.0,569.0,83.0
76,103,2.0,0.0,2.0,[75 77],569.0,83.0,284.0,73.0,403.0,70.0,618.0,93.0,442.0,125.0
76,104,2.0,0.0,2.0,[75 77],442.0,125.0,403.0,70.0,569.0,83.0,911.0,112.0,618.0,93.0
76,105,2.0,0.0,2.0,[75 77],618.0,93.0,569.0,83.0,442.0,125.0,619.0,85.0,911.0,112.0
76,106,2.0,0.0,2.0,[75 77],911.0,112.0,442.0,125.0,618.0,93.0,531.0,177.0,619.0,85.0
76,107,2.0,0.0,2.0,[75 77],619.0,85.0,618.0,93.0,911.0,112.0,635.0,122.0,531.0,177.0
76,108,2.0,0.0,2.0,[75 77],531.0,177.0,911.0,112.0,619.0,85.0,447.0,109.0,635.0,122.0
76,109,2.0,0.0,2.0,[75 77],635.0,122.0,619.0,85.0,531.0,177.0,356.0,120.0,447.0,109.0
76,110,2.0,0.0,2.0,[75 77],447.0,109.0,531.0,177.0,635.0,122.0,276.0,124.0,356.0,120.0
76,111,2.0,0.0,2.0,[75 77],356.0,120.0,635.0,122.0,447.0,109.0,253.0,117.0,276.0,124.0
76,112,2.0,0.0,2.0,[75 77],276.0,124.0,447.0,109.0,356.0,120.0,305.0,105.0,253.0,117.0
76,113,2.0,0.0,2.0,[75 77],253.0,117.0,356.0,120.0,276.0,124.0,254.0,94.0,305.0,105.0
76,114,2.0,0.0,2.0,[75 77],305.0,105.0,276.0,124.0,253.0,117.0,233.0,71.0,254.0,94.0
76,115,2.0,0.0,2.0,[75 77],254.0,94.0,253.0,117.0,305.0,105.0,216.0,73.0,233.0,71.0
76,116,2.0,0.0,2.0,[75 77],233.0,71.0,305.0,105.0,254.0,94.0,210.0,54.0,216.0,73.0
76,117,2.0,0.0,2.0,[75 77],216.0,73.0,254.0,94.0,233.0,71.0,211.0,35.0,210.0,54.0
76,118,2.0,0.0,2.0,[75 77],210.0,54.0,233.0,71.0,216.0,73.0,295.0,28.0,211.0,35.0
76,119,2.0,0.0,2.0,[75 77],211.0,35.0,216.0,73.0,210.0,54.0,311.0,34.0,295.0,28.0
76,120,2.0,0.0,2.0,[75 77],295.0,28.0,210.0,54.0,211.0,35.0,244.0,40.0,311.0,34.0
76,121,2.0,0.0,2.0,[75 77],311.0,34.0,211.0,35.0,295.0,28.0,242.0,26.0,244.0,40.0
76,122,2.0,0.0,2.0,[75 77],244.0,40.0,295.0,28.0,311.0,34.0,228.0,20.0,242.0,26.0
76,123,2.0,0.0,2.0,[75 77],242.0,26.0,311.0,34.0,244.0,40.0,245.0,24.0,228.0,20.0
76,124,2.0,0.0,2.0,[75 77],228.0,20.0,244.0,40.0,242.0,26.0,226.0,25.0,245.0,24.0
76,125,2.0,0.0,2.0,[75 77],245.0,24.0,242.0,26.0,228.0,20.0,227.0,13.0,226.0,25.0
76,126,2.0,0.0,2.0,[75 77],226.0,25.0,228.0,20.0,245.0,24.0,206.0,10.0,227.0,13.0
76,127,2.0,0.0,2.0,[75 77],227.0,13.0,245.0,24.0,226.0,25.0,204.0,12.0,206.0,10.0
76,128,2.0,0.0,2.0,[75 77],206.0,10.0,226.0,25.0,227.0,13.0,303.0,14.0,204.0,12.0
76,129,2.0,0.0,2.0,[75 77],204.0,12.0,227.0,13.0,206.0,10.0,111.0,8.0,303.0,14.0
76,130,2.0,0.0,2.0,[75 77],303.0,14.0,206.0,10.0,204.0,12.0,63.0,7.0,111.0,8.0
76,131,2.0,0.0,2.0,[75 77],111.0,8.0,204.0,12.0,303.0,14.0,97.0,9.0,63.0,7.0
76,132,2.0,0.0,2.0,[75 77],63.0,7.0,303.0,14.0,111.0,8.0,63.0,14.0,97.0,9.0
76,133,2.0,0.0,2.0,[75 77],97.0,9.0,111.0,8.0,63.0,7.0,25.0,7.0,63.0,14.0
76,134,2.0,0.0,2.0,[75 77],63.0,14.0,63.0,7.0,97.0,9.0,25.0,1.0,25.0,7.0
76,135,2.0,0.0,2.0,[75 77],25.0,7.0,97.0,9.0,63.0,14.0,18.0,2.0,25.0,1.0
76,136,2.0,0.0,2.0,[75 77],25.0,1.0,63.0,14.0,25.0,7.0,12.0,1.0,18.0,2.0
76,137,2.0,0.0,2.0,[75 77],18.0,2.0,25.0,7.0,25.0,1.0,2.0,1.0,12.0,1.0
76,138,2.0,0.0,2.0,[75 77],12.0,1.0,25.0,1.0,18.0,2.0,1.0,3.0,2.0,1.0
76,139,2.0,0.0,2.0,[75 77],2.0,1.0,18.0,2.0,12.0,1.0,0.0,0.0,1.0,3.0
76,140,2.0,0.0,2.0,[75 77],1.0,3.0,12.0,1.0,2.0,1.0,0.0,0.0,0.0,0.0
76,141,2.0,0.0,2.0,[75 77],0.0,0.0,2.0,1.0,1.0,3.0,0.0,0.0,0.0,0.0
76,142,2.0,0.0,2.0,[75 77],0.0,0.0,1.0,3.0,0.0,0.0,0.0,0.0,0.0,0.0
76,143,2.0,0.0,2.0,[75 77],0.0,0.0,0.0,0.0,0.0,0.0,0.0,0.0,0.0,0.0
77,0,2.0,0.0,2.0,[46 76],0.0,1.0,0.0,0.0,0.0,0.0,1.0,0.0,2.0,0.0
77,1,2.0,0.0,2.0,[46 76],2.0,0.0,0.0,0.0,0.0,1.0,0.0,0.0,1.0,0.0
77,2,2.0,0.0,2.0,[46 76],1.0,0.0,0.0,1.0,2.0,0.0,0.0,0.0,0.0,0.0
77,3,2.0,0.0,2.0,[46 76],0.0,0.0,2.0,0.0,1.0,0.0,0.0,0.0,0.0,0.0
77,4,2.0,0.0,2.0,[46 76],0.0,0.0,1.0,0.0,0.0,0.0,1.0,1.0,0.0,0.0
77,5,2.0,0.0,2.0,[46 76],0.0,0.0,0.0,0.0,0.0,0.0,0.0,0.0,1.0,1.0
77,6,2.0,0.0,2.0,[46 76],1.0,1.0,0.0,0.0,0.0,0.0,0.0,0.0,0.0,0.0
77,7,2.0,0.0,2.0,[46 76],0.0,0.0,0.0,0.0,1.0,1.0,0.0,0.0,0.0,0.0
77,8,2.0,0.0,2.0,[46 76],0.0,0.0,1.0,1.0,0.0,0.0,0.0,0.0,0.0,0.0
77,9,2.0,0.0,2.0,[46 76],0.0,0.0,0.0,0.0,0.0,0.0,0.0,0.0,0.0,0.0
77,10,2.0,0.0,2.0,[46 76],0.0,0.0,0.0,0.0,0.0,0.0,0.0,0.0,0.0,0.0
77,11,2.0,0.0,2.0,[46 76],0.0,0.0,0.0,0.0,0.0,0.0,1.0,1.0,0.0,0.0
77,12,2.0,0.0,2.0,[46 76],0.0,0.0,0.0,0.0,0.0,0.0,0.0,0.0,1.0,1.0
77,13,2.0,0.0,2.0,[46 76],1.0,1.0,0.0,0.0,0.0,0.0,0.0,1.0,0.0,0.0
77,14,2.0,0.0,2.0,[46 76],0.0,0.0,0.0,0.0,1.0,1.0,0.0,0.0,0.0,1.0
77,15,2.0,0.0,2.0,[46 76],0.0,1.0,1.0,1.0,0.0,0.0,0.0,0.0,0.0,0.0
77,16,2.0,0.0,2.0,[46 76],0.0,0.0,0.0,0.0,0.0,1.0,0.0,0.0,0.0,0.0
77,17,2.0,0.0,2.0,[46 76],0.0,0.0,0.0,1.0,0.0,0.0,0.0,0.0,0.0,0.0
77,18,2.0,0.0,2.0,[46 76],0.0,0.0,0.0,0.0,0.0,0.0,0.0,0.0,0.0,0.0
77,19,2.0,0.0,2.0,[46 76],0.0,0.0,0.0,0.0,0.0,0.0,0.0,0.0,0.0,0.0
77,20,2.0,0.0,2.0,[46 76],0.0,0.0,0.0,0.0,0.0,0.0,0.0,0.0,0.0,0.0
77,21,2.0,0.0,2.0,[46 76],0.0,0.0,0.0,0.0,0.0,0.0,0.0,0.0,0.0,0.0
77,22,2.0,0.0,2.0,[46 76],0.0,0.0,0.0,0.0,0.0,0.0,0.0,0.0,0.0,0.0
77,23,2.0,0.0,2.0,[46 76],0.0,0.0,0.0,0.0,0.0,0.0,0.0,0.0,0.0,0.0
77,24,2.0,0.0,2.0,[46 76],0.0,0.0,0.0,0.0,0.0,0.0,0.0,0.0,0.0,0.0
77,25,2.0,0.0,2.0,[46 76],0.0,0.0,0.0,0.0,0.0,0.0,1.0,0.0,0.0,0.0
77,26,2.0,0.0,2.0,[46 76],0.0,0.0,0.0,0.0,0.0,0.0,0.0,2.0,1.0,0.0
77,27,2.0,0.0,2.0,[46 76],1.0,0.0,0.0,0.0,0.0,0.0,0.0,0.0,0.0,2.0
77,28,2.0,0.0,2.0,[46 76],0.0,2.0,0.0,0.0,1.0,0.0,0.0,0.0,0.0,0.0
77,29,2.0,0.0,2.0,[46 76],0.0,0.0,1.0,0.0,0.0,2.0,0.0,0.0,0.0,0.0
77,30,2.0,0.0,2.0,[46 76],0.0,0.0,0.0,2.0,0.0,0.0,0.0,0.0,0.0,0.0
77,31,2.0,0.0,2.0,[46 76],0.0,0.0,0.0,0.0,0.0,0.0,2.0,3.0,0.0,0.0
77,32,2.0,0.0,2.0,[46 76],0.0,0.0,0.0,0.0,0.0,0.0,2.0,1.0,2.0,3.0
77,33,2.0,0.0,2.0,[46 76],2.0,3.0,0.0,0.0,0.0,0.0,0.0,0.0,2.0,1.0
77,34,2.0,0.0,2.0,[46 76],2.0,1.0,0.0,0.0,2.0,3.0,7.0,1.0,0.0,0.0
77,35,2.0,0.0,2.0,[46 76],0.0,0.0,2.0,3.0,2.0,1.0,1.0,7.0,7.0,1.0
77,36,2.0,0.0,2.0,[46 76],7.0,1.0,2.0,1.0,0.0,0.0,4.0,7.0,1.0,7.0
77,37,2.0,0.0,2.0,[46 76],1.0,7.0,0.0,0.0,7.0,1.0,1.0,13.0,4.0,7.0
77,38,2.0,0.0,2.0,[46 76],4.0,7.0,7.0,1.0,1.0,7.0,3.0,30.0,1.0,13.0
77,39,2.0,0.0,2.0,[46 76],1.0,13.0,1.0,7.0,4.0,7.0,3.0,23.0,3.0,30.0
77,40,2.0,0.0,2.0,[46 76],3.0,30.0,4.0,7.0,1.0,13.0,11.0,16.0,3.0,23.0
77,41,2.0,0.0,2.0,[46 76],3.0,23.0,1.0,13.0,3.0,30.0,6.0,47.0,11.0,16.0
77,42,2.0,0.0,2.0,[46 76],11.0,16.0,3.0,30.0,3.0,23.0,8.0,64.0,6.0,47.0
77,43,2.0,0.0,2.0,[46 76],6.0,47.0,3.0,23.0,11.0,16.0,11.0,102.0,8.0,64.0
77,44,2.0,0.0,2.0,[46 76],8.0,64.0,11.0,16.0,6.0,47.0,15.0,241.0,11.0,102.0
77,45,2.0,0.0,2.0,[46 76],11.0,102.0,6.0,47.0,8.0,64.0,28.0,359.0,15.0,241.0
77,46,2.0,0.0,2.0,[46 76],15.0,241.0,8.0,64.0,11.0,102.0,28.0,524.0,28.0,359.0
77,47,2.0,0.0,2.0,[46 76],28.0,359.0,11.0,102.0,15.0,241.0,30.0,834.0,28.0,524.0
77,48,2.0,0.0,2.0,[46 76],28.0,524.0,15.0,241.0,28.0,359.0,27.0,991.0,30.0,834.0
77,49,2.0,0.0,2.0,[46 76],30.0,834.0,28.0,359.0,28.0,524.0,27.0,746.0,27.0,991.0
77,50,2.0,0.0,2.0,[46 76],27.0,991.0,28.0,524.0,30.0,834.0,28.0,1350.0,27.0,746.0
77,51,2.0,0.0,2.0,[46 76],27.0,746.0,30.0,834.0,27.0,991.0,30.0,1042.0,28.0,1350.0
77,52,2.0,0.0,2.0,[46 76],28.0,1350.0,27.0,991.0,27.0,746.0,21.0,651.0,30.0,1042.0
77,53,2.0,0.0,2.0,[46 76],30.0,1042.0,27.0,746.0,28.0,1350.0,31.0,477.0,21.0,651.0
77,54,2.0,0.0,2.0,[46 76],21.0,651.0,28.0,1350.0,30.0,1042.0,30.0,461.0,31.0,477.0
77,55,2.0,0.0,2.0,[46 76],31.0,477.0,30.0,1042.0,21.0,651.0,27.0,328.0,30.0,461.0
77,56,2.0,0.0,2.0,[46 76],30.0,461.0,21.0,651.0,31.0,477.0,27.0,229.0,27.0,328.0
77,57,2.0,0.0,2.0,[46 76],27.0,328.0,31.0,477.0,30.0,461.0,34.0,262.0,27.0,229.0
77,58,2.0,0.0,2.0,[46 76],27.0,229.0,30.0,461.0,27.0,328.0,31.0,159.0,34.0,262.0
77,59,2.0,0.0,2.0,[46 76],34.0,262.0,27.0,328.0,27.0,229.0,45.0,145.0,31.0,159.0
77,60,2.0,0.0,2.0,[46 76],31.0,159.0,27.0,229.0,34.0,262.0,40.0,144.0,45.0,145.0
77,61,2.0,0.0,2.0,[46 76],45.0,145.0,34.0,262.0,31.0,159.0,52.0,150.0,40.0,144.0
77,62,2.0,0.0,2.0,[46 76],40.0,144.0,31.0,159.0,45.0,145.0,37.0,169.0,52.0,150.0
77,63,2.0,0.0,2.0,[46 76],52.0,150.0,45.0,145.0,40.0,144.0,33.0,144.0,37.0,169.0
77,64,2.0,0.0,2.0,[46 76],37.0,169.0,40.0,144.0,52.0,150.0,62.0,136.0,33.0,144.0
77,65,2.0,0.0,2.0,[46 76],33.0,144.0,52.0,150.0,37.0,169.0,46.0,105.0,62.0,136.0
77,66,2.0,0.0,2.0,[46 76],62.0,136.0,37.0,169.0,33.0,144.0,53.0,112.0,46.0,105.0
77,67,2.0,0.0,2.0,[46 76],46.0,105.0,33.0,144.0,62.0,136.0,72.0,149.0,53.0,112.0
77,68,2.0,0.0,2.0,[46 76],53.0,112.0,62.0,136.0,46.0,105.0,45.0,164.0,72.0,149.0
77,69,2.0,0.0,2.0,[46 76],72.0,149.0,46.0,105.0,53.0,112.0,72.0,163.0,45.0,164.0
77,70,2.0,0.0,2.0,[46 76],45.0,164.0,53.0,112.0,72.0,149.0,83.0,141.0,72.0,163.0
77,71,2.0,0.0,2.0,[46 76],72.0,163.0,72.0,149.0,45.0,164.0,75.0,113.0,83.0,141.0
77,72,2.0,0.0,2.0,[46 76],83.0,141.0,45.0,164.0,72.0,163.0,77.0,129.0,75.0,113.0
77,73,2.0,0.0,2.0,[46 76],75.0,113.0,72.0,163.0,83.0,141.0,54.0,129.0,77.0,129.0
77,74,2.0,0.0,2.0,[46 76],77.0,129.0,83.0,141.0,75.0,113.0,85.0,132.0,54.0,129.0
77,75,2.0,0.0,2.0,[46 76],54.0,129.0,75.0,113.0,77.0,129.0,89.0,108.0,85.0,132.0
77,76,2.0,0.0,2.0,[46 76],85.0,132.0,77.0,129.0,54.0,129.0,76.0,130.0,89.0,108.0
77,77,2.0,0.0,2.0,[46 76],89.0,108.0,54.0,129.0,85.0,132.0,92.0,138.0,76.0,130.0
77,78,2.0,0.0,2.0,[46 76],76.0,130.0,85.0,132.0,89.0,108.0,107.0,131.0,92.0,138.0
77,79,2.0,0.0,2.0,[46 76],92.0,138.0,89.0,108.0,76.0,130.0,78.0,100.0,107.0,131.0
77,80,2.0,0.0,2.0,[46 76],107.0,131.0,76.0,130.0,92.0,138.0,91.0,129.0,78.0,100.0
77,81,2.0,0.0,2.0,[46 76],78.0,100.0,92.0,138.0,107.0,131.0,116.0,93.0,91.0,129.0
77,82,2.0,0.0,2.0,[46 76],91.0,129.0,107.0,131.0,78.0,100.0,99.0,133.0,116.0,93.0
77,83,2.0,0.0,2.0,[46 76],116.0,93.0,78.0,100.0,91.0,129.0,114.0,124.0,99.0,133.0
77,84,2.0,0.0,2.0,[46 76],99.0,133.0,91.0,129.0,116.0,93.0,81.0,95.0,114.0,124.0
77,85,2.0,0.0,2.0,[46 76],114.0,124.0,116.0,93.0,99.0,133.0,86.0,96.0,81.0,95.0
77,86,2.0,0.0,2.0,[46 76],81.0,95.0,99.0,133.0,114.0,124.0,80.0,112.0,86.0,96.0
77,87,2.0,0.0,2.0,[46 76],86.0,96.0,114.0,124.0,81.0,95.0,114.0,90.0,80.0,112.0
77,88,2.0,0.0,2.0,[46 76],80.0,112.0,81.0,95.0,86.0,96.0,114.0,104.0,114.0,90.0
77,89,2.0,0.0,2.0,[46 76],114.0,90.0,86.0,96.0,80.0,112.0,114.0,70.0,114.0,104.0
77,90,2.0,0.0,2.0,[46 76],114.0,104.0,80.0,112.0,114.0,90.0,102.0,61.0,114.0,70.0
77,91,2.0,0.0,2.0,[46 76],114.0,70.0,114.0,90.0,114.0,104.0,117.0,83.0,102.0,61.0
77,92,2.0,0.0,2.0,[46 76],102.0,61.0,114.0,104.0,114.0,70.0,105.0,73.0,117.0,83.0
77,93,2.0,0.0,2.0,[46 76],117.0,83.0,114.0,70.0,102.0,61.0,115.0,89.0,105.0,73.0
77,94,2.0,0.0,2.0,[46 76],105.0,73.0,102.0,61.0,117.0,83.0,121.0,106.0,115.0,89.0
77,95,2.0,0.0,2.0,[46 76],115.0,89.0,117.0,83.0,105.0,73.0,100.0,105.0,121.0,106.0
77,96,2.0,0.0,2.0,[46 76],121.0,106.0,105.0,73.0,115.0,89.0,126.0,79.0,100.0,105.0
77,97,2.0,0.0,2.0,[46 76],100.0,105.0,115.0,89.0,121.0,106.0,126.0,105.0,126.0,79.0
77,98,2.0,0.0,2.0,[46 76],126.0,79.0,121.0,106.0,100.0,105.0,152.0,92.0,126.0,105.0
77,99,2.0,0.0,2.0,[46 76],126.0,105.0,100.0,105.0,126.0,79.0,161.0,92.0,152.0,92.0
77,100,2.0,0.0,2.0,[46 76],152.0,92.0,126.0,79.0,126.0,105.0,264.0,97.0,161.0,92.0
77,101,2.0,0.0,2.0,[46 76],161.0,92.0,126.0,105.0,152.0,92.0,417.0,138.0,264.0,97.0
77,102,2.0,0.0,2.0,[46 76],264.0,97.0,152.0,92.0,161.0,92.0,278.0,168.0,417.0,138.0
77,103,2.0,0.0,2.0,[46 76],417.0,138.0,161.0,92.0,264.0,97.0,473.0,145.0,278.0,168.0
77,104,2.0,0.0,2.0,[46 76],278.0,168.0,264.0,97.0,417.0,138.0,810.0,181.0,473.0,145.0
77,105,2.0,0.0,2.0,[46 76],473.0,145.0,417.0,138.0,278.0,168.0,624.0,187.0,810.0,181.0
77,106,2.0,0.0,2.0,[46 76],810.0,181.0,278.0,168.0,473.0,145.0,473.0,211.0,624.0,187.0
77,107,2.0,0.0,2.0,[46 76],624.0,187.0,473.0,145.0,810.0,181.0,745.0,198.0,473.0,211.0
77,108,2.0,0.0,2.0,[46 76],473.0,211.0,810.0,181.0,624.0,187.0,524.0,188.0,745.0,198.0
77,109,2.0,0.0,2.0,[46 76],745.0,198.0,624.0,187.0,473.0,211.0,400.0,173.0,524.0,188.0
77,110,2.0,0.0,2.0,[46 76],524.0,188.0,473.0,211.0,745.0,198.0,357.0,122.0,400.0,173.0
77,111,2.0,0.0,2.0,[46 76],400.0,173.0,745.0,198.0,524.0,188.0,286.0,104.0,357.0,122.0
77,112,2.0,0.0,2.0,[46 76],357.0,122.0,524.0,188.0,400.0,173.0,266.0,101.0,286.0,104.0
77,113,2.0,0.0,2.0,[46 76],286.0,104.0,400.0,173.0,357.0,122.0,275.0,63.0,266.0,101.0
77,114,2.0,0.0,2.0,[46 76],266.0,101.0,357.0,122.0,286.0,104.0,239.0,47.0,275.0,63.0
77,115,2.0,0.0,2.0,[46 76],275.0,63.0,286.0,104.0,266.0,101.0,273.0,69.0,239.0,47.0
77,116,2.0,0.0,2.0,[46 76],239.0,47.0,266.0,101.0,275.0,63.0,228.0,37.0,273.0,69.0
77,117,2.0,0.0,2.0,[46 76],273.0,69.0,275.0,63.0,239.0,47.0,219.0,51.0,228.0,37.0
77,118,2.0,0.0,2.0,[46 76],228.0,37.0,239.0,47.0,273.0,69.0,260.0,40.0,219.0,51.0
77,119,2.0,0.0,2.0,[46 76],219.0,51.0,273.0,69.0,228.0,37.0,314.0,37.0,260.0,40.0
77,120,2.0,0.0,2.0,[46 76],260.0,40.0,228.0,37.0,219.0,51.0,269.0,35.0,314.0,37.0
77,121,2.0,0.0,2.0,[46 76],314.0,37.0,219.0,51.0,260.0,40.0,226.0,46.0,269.0,35.0
77,122,2.0,0.0,2.0,[46 76],269.0,35.0,260.0,40.0,314.0,37.0,257.0,24.0,226.0,46.0
77,123,2.0,0.0,2.0,[46 76],226.0,46.0,314.0,37.0,269.0,35.0,292.0,26.0,257.0,24.0
77,124,2.0,0.0,2.0,[46 76],257.0,24.0,269.0,35.0,226.0,46.0,260.0,31.0,292.0,26.0
77,125,2.0,0.0,2.0,[46 76],292.0,26.0,226.0,46.0,257.0,24.0,260.0,21.0,260.0,31.0
77,126,2.0,0.0,2.0,[46 76],260.0,31.0,257.0,24.0,292.0,26.0,241.0,14.0,260.0,21.0
77,127,2.0,0.0,2.0,[46 76],260.0,21.0,292.0,26.0,260.0,31.0,292.0,9.0,241.0,14.0
77,128,2.0,0.0,2.0,[46 76],241.0,14.0,260.0,31.0,260.0,21.0,284.0,18.0,292.0,9.0
77,129,2.0,0.0,2.0,[46 76],292.0,9.0,260.0,21.0,241.0,14.0,225.0,7.0,284.0,18.0
77,130,2.0,0.0,2.0,[46 76],284.0,18.0,241.0,14.0,292.0,9.0,260.0,7.0,225.0,7.0
77,131,2.0,0.0,2.0,[46 76],225.0,7.0,292.0,9.0,284.0,18.0,244.0,7.0,260.0,7.0
77,132,2.0,0.0,2.0,[46 76],260.0,7.0,284.0,18.0,225.0,7.0,127.0,8.0,244.0,7.0
77,133,2.0,0.0,2.0,[46 76],244.0,7.0,225.0,7.0,260.0,7.0,94.0,5.0,127.0,8.0
77,134,2.0,0.0,2.0,[46 76],127.0,8.0,260.0,7.0,244.0,7.0,70.0,4.0,94.0,5.0
77,135,2.0,0.0,2.0,[46 76],94.0,5.0,244.0,7.0,127.0,8.0,41.0,6.0,70.0,4.0
77,136,2.0,0.0,2.0,[46 76],70.0,4.0,127.0,8.0,94.0,5.0,23.0,1.0,41.0,6.0
77,137,2.0,0.0,2.0,[46 76],41.0,6.0,94.0,5.0,70.0,4.0,15.0,4.0,23.0,1.0
77,138,2.0,0.0,2.0,[46 76],23.0,1.0,70.0,4.0,41.0,6.0,0.0,1.0,15.0,4.0
77,139,2.0,0.0,2.0,[46 76],15.0,4.0,41.0,6.0,23.0,1.0,0.0,1.0,0.0,1.0
77,140,2.0,0.0,2.0,[46 76],0.0,1.0,23.0,1.0,15.0,4.0,1.0,3.0,0.0,1.0
77,141,2.0,0.0,2.0,[46 76],0.0,1.0,15.0,4.0,0.0,1.0,1.0,0.0,1.0,3.0
77,142,2.0,0.0,2.0,[46 76],1.0,3.0,0.0,1.0,0.0,1.0,0.0,0.0,1.0,0.0
77,143,2.0,0.0,2.0,[46 76],1.0,0.0,0.0,1.0,1.0,3.0,0.0,0.0,0.0,0.0
78,0,2.0,0.0,2.0,[46 79],0.0,0.0,0.0,0.0,0.0,0.0,0.0,0.0,1.0,1.0
78,1,2.0,0.0,2.0,[46 79],1.0,1.0,0.0,0.0,0.0,0.0,0.0,0.0,0.0,0.0
78,2,2.0,0.0,2.0,[46 79],0.0,0.0,0.0,0.0,1.0,1.0,0.0,0.0,0.0,0.0
78,3,2.0,0.0,2.0,[46 79],0.0,0.0,1.0,1.0,0.0,0.0,0.0,0.0,0.0,0.0
78,4,2.0,0.0,2.0,[46 79],0.0,0.0,0.0,0.0,0.0,0.0,0.0,0.0,0.0,0.0
78,5,2.0,0.0,2.0,[46 79],0.0,0.0,0.0,0.0,0.0,0.0,0.0,0.0,0.0,0.0
78,6,2.0,0.0,2.0,[46 79],0.0,0.0,0.0,0.0,0.0,0.0,0.0,0.0,0.0,0.0
78,7,2.0,0.0,2.0,[46 79],0.0,0.0,0.0,0.0,0.0,0.0,0.0,0.0,0.0,0.0
78,8,2.0,0.0,2.0,[46 79],0.0,0.0,0.0,0.0,0.0,0.0,0.0,0.0,0.0,0.0
78,9,2.0,0.0,2.0,[46 79],0.0,0.0,0.0,0.0,0.0,0.0,0.0,0.0,0.0,0.0
78,10,2.0,0.0,2.0,[46 79],0.0,0.0,0.0,0.0,0.0,0.0,0.0,0.0,0.0,0.0
78,11,2.0,0.0,2.0,[46 79],0.0,0.0,0.0,0.0,0.0,0.0,0.0,0.0,0.0,0.0
78,12,2.0,0.0,2.0,[46 79],0.0,0.0,0.0,0.0,0.0,0.0,0.0,0.0,0.0,0.0
78,13,2.0,0.0,2.0,[46 79],0.0,0.0,0.0,0.0,0.0,0.0,0.0,0.0,0.0,0.0
78,14,2.0,0.0,2.0,[46 79],0.0,0.0,0.0,0.0,0.0,0.0,0.0,0.0,0.0,0.0
78,15,2.0,0.0,2.0,[46 79],0.0,0.0,0.0,0.0,0.0,0.0,0.0,0.0,0.0,0.0
78,16,2.0,0.0,2.0,[46 79],0.0,0.0,0.0,0.0,0.0,0.0,0.0,0.0,0.0,0.0
78,17,2.0,0.0,2.0,[46 79],0.0,0.0,0.0,0.0,0.0,0.0,0.0,0.0,0.0,0.0
78,18,2.0,0.0,2.0,[46 79],0.0,0.0,0.0,0.0,0.0,0.0,0.0,0.0,0.0,0.0
78,19,2.0,0.0,2.0,[46 79],0.0,0.0,0.0,0.0,0.0,0.0,0.0,0.0,0.0,0.0
78,20,2.0,0.0,2.0,[46 79],0.0,0.0,0.0,0.0,0.0,0.0,0.0,0.0,0.0,0.0
78,21,2.0,0.0,2.0,[46 79],0.0,0.0,0.0,0.0,0.0,0.0,0.0,0.0,0.0,0.0
78,22,2.0,0.0,2.0,[46 79],0.0,0.0,0.0,0.0,0.0,0.0,0.0,0.0,0.0,0.0
78,23,2.0,0.0,2.0,[46 79],0.0,0.0,0.0,0.0,0.0,0.0,1.0,0.0,0.0,0.0
78,24,2.0,0.0,2.0,[46 79],0.0,0.0,0.0,0.0,0.0,0.0,0.0,0.0,1.0,0.0
78,25,2.0,0.0,2.0,[46 79],1.0,0.0,0.0,0.0,0.0,0.0,0.0,0.0,0.0,0.0
78,26,2.0,0.0,2.0,[46 79],0.0,0.0,0.0,0.0,1.0,0.0,0.0,0.0,0.0,0.0
78,27,2.0,0.0,2.0,[46 79],0.0,0.0,1.0,0.0,0.0,0.0,0.0,0.0,0.0,0.0
78,28,2.0,0.0,2.0,[46 79],0.0,0.0,0.0,0.0,0.0,0.0,0.0,0.0,0.0,0.0
78,29,2.0,0.0,2.0,[46 79],0.0,0.0,0.0,0.0,0.0,0.0,0.0,0.0,0.0,0.0
78,30,2.0,0.0,2.0,[46 79],0.0,0.0,0.0,0.0,0.0,0.0,0.0,0.0,0.0,0.0
78,31,2.0,0.0,2.0,[46 79],0.0,0.0,0.0,0.0,0.0,0.0,0.0,0.0,0.0,0.0
78,32,2.0,0.0,2.0,[46 79],0.0,0.0,0.0,0.0,0.0,0.0,1.0,0.0,0.0,0.0
78,33,2.0,0.0,2.0,[46 79],0.0,0.0,0.0,0.0,0.0,0.0,3.0,0.0,1.0,0.0
78,34,2.0,0.0,2.0,[46 79],1.0,0.0,0.0,0.0,0.0,0.0,15.0,1.0,3.0,0.0
78,35,2.0,0.0,2.0,[46 79],3.0,0.0,0.0,0.0,1.0,0.0,12.0,0.0,15.0,1.0
78,36,2.0,0.0,2.0,[46 79],15.0,1.0,1.0,0.0,3.0,0.0,22.0,15.0,12.0,0.0
78,37,2.0,0.0,2.0,[46 79],12.0,0.0,3.0,0.0,15.0,1.0,37.0,13.0,22.0,15.0
78,38,2.0,0.0,2.0,[46 79],22.0,15.0,15.0,1.0,12.0,0.0,42.0,23.0,37.0,13.0
78,39,2.0,0.0,2.0,[46 79],37.0,13.0,12.0,0.0,22.0,15.0,87.0,46.0,42.0,23.0
78,40,2.0,0.0,2.0,[46 79],42.0,23.0,22.0,15.0,37.0,13.0,78.0,50.0,87.0,46.0
78,41,2.0,0.0,2.0,[46 79],87.0,46.0,37.0,13.0,42.0,23.0,100.0,64.0,78.0,50.0
78,42,2.0,0.0,2.0,[46 79],78.0,50.0,42.0,23.0,87.0,46.0,134.0,67.0,100.0,64.0
78,43,2.0,0.0,2.0,[46 79],100.0,64.0,87.0,46.0,78.0,50.0,169.0,111.0,134.0,67.0
78,44,2.0,0.0,2.0,[46 79],134.0,67.0,78.0,50.0,100.0,64.0,255.0,169.0,169.0,111.0
78,45,2.0,0.0,2.0,[46 79],169.0,111.0,100.0,64.0,134.0,67.0,300.0,175.0,255.0,169.0
78,46,2.0,0.0,2.0,[46 79],255.0,169.0,134.0,67.0,169.0,111.0,432.0,396.0,300.0,175.0
78,47,2.0,0.0,2.0,[46 79],300.0,175.0,169.0,111.0,255.0,169.0,352.0,635.0,432.0,396.0
78,48,2.0,0.0,2.0,[46 79],432.0,396.0,255.0,169.0,300.0,175.0,335.0,483.0,352.0,635.0
78,49,2.0,0.0,2.0,[46 79],352.0,635.0,300.0,175.0,432.0,396.0,368.0,546.0,335.0,483.0
78,50,2.0,0.0,2.0,[46 79],335.0,483.0,432.0,396.0,352.0,635.0,309.0,591.0,368.0,546.0
78,51,2.0,0.0,2.0,[46 79],368.0,546.0,352.0,635.0,335.0,483.0,194.0,594.0,309.0,591.0
78,52,2.0,0.0,2.0,[46 79],309.0,591.0,335.0,483.0,368.0,546.0,195.0,301.0,194.0,594.0
78,53,2.0,0.0,2.0,[46 79],194.0,594.0,368.0,546.0,309.0,591.0,170.0,263.0,195.0,301.0
78,54,2.0,0.0,2.0,[46 79],195.0,301.0,309.0,591.0,194.0,594.0,124.0,218.0,170.0,263.0
78,55,2.0,0.0,2.0,[46 79],170.0,263.0,194.0,594.0,195.0,301.0,130.0,169.0,124.0,218.0
78,56,2.0,0.0,2.0,[46 79],124.0,218.0,195.0,301.0,170.0,263.0,125.0,176.0,130.0,169.0
78,57,2.0,0.0,2.0,[46 79],130.0,169.0,170.0,263.0,124.0,218.0,117.0,159.0,125.0,176.0
78,58,2.0,0.0,2.0,[46 79],125.0,176.0,124.0,218.0,130.0,169.0,110.0,129.0,117.0,159.0
78,59,2.0,0.0,2.0,[46 79],117.0,159.0,130.0,169.0,125.0,176.0,87.0,128.0,110.0,129.0
78,60,2.0,0.0,2.0,[46 79],110.0,129.0,125.0,176.0,117.0,159.0,79.0,115.0,87.0,128.0
78,61,2.0,0.0,2.0,[46 79],87.0,128.0,117.0,159.0,110.0,129.0,103.0,103.0,79.0,115.0
78,62,2.0,0.0,2.0,[46 79],79.0,115.0,110.0,129.0,87.0,128.0,91.0,116.0,103.0,103.0
78,63,2.0,0.0,2.0,[46 79],103.0,103.0,87.0,128.0,79.0,115.0,109.0,118.0,91.0,116.0
78,64,2.0,0.0,2.0,[46 79],91.0,116.0,79.0,115.0,103.0,103.0,92.0,104.0,109.0,118.0
78,65,2.0,0.0,2.0,[46 79],109.0,118.0,103.0,103.0,91.0,116.0,89.0,116.0,92.0,104.0
78,66,2.0,0.0,2.0,[46 79],92.0,104.0,91.0,116.0,109.0,118.0,81.0,114.0,89.0,116.0
78,67,2.0,0.0,2.0,[46 79],89.0,116.0,109.0,118.0,92.0,104.0,97.0,95.0,81.0,114.0
78,68,2.0,0.0,2.0,[46 79],81.0,114.0,92.0,104.0,89.0,116.0,79.0,143.0,97.0,95.0
78,69,2.0,0.0,2.0,[46 79],97.0,95.0,89.0,116.0,81.0,114.0,91.0,117.0,79.0,143.0
78,70,2.0,0.0,2.0,[46 79],79.0,143.0,81.0,114.0,97.0,95.0,105.0,139.0,91.0,117.0
78,71,2.0,0.0,2.0,[46 79],91.0,117.0,97.0,95.0,79.0,143.0,99.0,110.0,105.0,139.0
78,72,2.0,0.0,2.0,[46 79],105.0,139.0,79.0,143.0,91.0,117.0,84.0,121.0,99.0,110.0
78,73,2.0,0.0,2.0,[46 79],99.0,110.0,91.0,117.0,105.0,139.0,119.0,131.0,84.0,121.0
78,74,2.0,0.0,2.0,[46 79],84.0,121.0,105.0,139.0,99.0,110.0,114.0,140.0,119.0,131.0
78,75,2.0,0.0,2.0,[46 79],119.0,131.0,99.0,110.0,84.0,121.0,126.0,97.0,114.0,140.0
78,76,2.0,0.0,2.0,[46 79],114.0,140.0,84.0,121.0,119.0,131.0,129.0,119.0,126.0,97.0
78,77,2.0,0.0,2.0,[46 79],126.0,97.0,119.0,131.0,114.0,140.0,106.0,108.0,129.0,119.0
78,78,2.0,0.0,2.0,[46 79],129.0,119.0,114.0,140.0,126.0,97.0,125.0,119.0,106.0,108.0
78,79,2.0,0.0,2.0,[46 79],106.0,108.0,126.0,97.0,129.0,119.0,115.0,148.0,125.0,119.0
78,80,2.0,0.0,2.0,[46 79],125.0,119.0,129.0,119.0,106.0,108.0,132.0,117.0,115.0,148.0
78,81,2.0,0.0,2.0,[46 79],115.0,148.0,106.0,108.0,125.0,119.0,127.0,126.0,132.0,117.0
78,82,2.0,0.0,2.0,[46 79],132.0,117.0,125.0,119.0,115.0,148.0,96.0,114.0,127.0,126.0
78,83,2.0,0.0,2.0,[46 79],127.0,126.0,115.0,148.0,132.0,117.0,95.0,115.0,96.0,114.0
78,84,2.0,0.0,2.0,[46 79],96.0,114.0,132.0,117.0,127.0,126.0,97.0,126.0,95.0,115.0
78,85,2.0,0.0,2.0,[46 79],95.0,115.0,127.0,126.0,96.0,114.0,123.0,113.0,97.0,126.0
78,86,2.0,0.0,2.0,[46 79],97.0,126.0,96.0,114.0,95.0,115.0,133.0,140.0,123.0,113.0
78,87,2.0,0.0,2.0,[46 79],123.0,113.0,95.0,115.0,97.0,126.0,136.0,130.0,133.0,140.0
78,88,2.0,0.0,2.0,[46 79],133.0,140.0,97.0,126.0,123.0,113.0,101.0,120.0,136.0,130.0
78,89,2.0,0.0,2.0,[46 79],136.0,130.0,123.0,113.0,133.0,140.0,129.0,123.0,101.0,120.0
78,90,2.0,0.0,2.0,[46 79],101.0,120.0,133.0,140.0,136.0,130.0,122.0,137.0,129.0,123.0
78,91,2.0,0.0,2.0,[46 79],129.0,123.0,136.0,130.0,101.0,120.0,162.0,148.0,122.0,137.0
78,92,2.0,0.0,2.0,[46 79],122.0,137.0,101.0,120.0,129.0,123.0,144.0,121.0,162.0,148.0
78,93,2.0,0.0,2.0,[46 79],162.0,148.0,129.0,123.0,122.0,137.0,150.0,131.0,144.0,121.0
78,94,2.0,0.0,2.0,[46 79],144.0,121.0,122.0,137.0,162.0,148.0,149.0,127.0,150.0,131.0
78,95,2.0,0.0,2.0,[46 79],150.0,131.0,162.0,148.0,144.0,121.0,213.0,119.0,149.0,127.0
78,96,2.0,0.0,2.0,[46 79],149.0,127.0,144.0,121.0,150.0,131.0,140.0,142.0,213.0,119.0
78,97,2.0,0.0,2.0,[46 79],213.0,119.0,150.0,131.0,149.0,127.0,192.0,142.0,140.0,142.0
78,98,2.0,0.0,2.0,[46 79],140.0,142.0,149.0,127.0,213.0,119.0,226.0,142.0,192.0,142.0
78,99,2.0,0.0,2.0,[46 79],192.0,142.0,213.0,119.0,140.0,142.0,142.0,165.0,226.0,142.0
78,100,2.0,0.0,2.0,[46 79],226.0,142.0,140.0,142.0,192.0,142.0,238.0,185.0,142.0,165.0
78,101,2.0,0.0,2.0,[46 79],142.0,165.0,192.0,142.0,226.0,142.0,362.0,245.0,238.0,185.0
78,102,2.0,0.0,2.0,[46 79],238.0,185.0,226.0,142.0,142.0,165.0,327.0,330.0,362.0,245.0
78,103,2.0,0.0,2.0,[46 79],362.0,245.0,142.0,165.0,238.0,185.0,291.0,290.0,327.0,330.0
78,104,2.0,0.0,2.0,[46 79],327.0,330.0,238.0,185.0,362.0,245.0,490.0,356.0,291.0,290.0
78,105,2.0,0.0,2.0,[46 79],291.0,290.0,362.0,245.0,327.0,330.0,385.0,432.0,490.0,356.0
78,106,2.0,0.0,2.0,[46 79],490.0,356.0,327.0,330.0,291.0,290.0,299.0,438.0,385.0,432.0
78,107,2.0,0.0,2.0,[46 79],385.0,432.0,291.0,290.0,490.0,356.0,356.0,371.0,299.0,438.0
78,108,2.0,0.0,2.0,[46 79],299.0,438.0,490.0,356.0,385.0,432.0,289.0,390.0,356.0,371.0
78,109,2.0,0.0,2.0,[46 79],356.0,371.0,385.0,432.0,299.0,438.0,244.0,364.0,289.0,390.0
78,110,2.0,0.0,2.0,[46 79],289.0,390.0,299.0,438.0,356.0,371.0,233.0,286.0,244.0,364.0
78,111,2.0,0.0,2.0,[46 79],244.0,364.0,356.0,371.0,289.0,390.0,218.0,272.0,233.0,286.0
78,112,2.0,0.0,2.0,[46 79],233.0,286.0,289.0,390.0,244.0,364.0,206.0,208.0,218.0,272.0
78,113,2.0,0.0,2.0,[46 79],218.0,272.0,244.0,364.0,233.0,286.0,214.0,202.0,206.0,208.0
78,114,2.0,0.0,2.0,[46 79],206.0,208.0,233.0,286.0,218.0,272.0,189.0,187.0,214.0,202.0
78,115,2.0,0.0,2.0,[46 79],214.0,202.0,218.0,272.0,206.0,208.0,190.0,187.0,189.0,187.0
78,116,2.0,0.0,2.0,[46 79],189.0,187.0,206.0,208.0,214.0,202.0,160.0,170.0,190.0,187.0
78,117,2.0,0.0,2.0,[46 79],190.0,187.0,214.0,202.0,189.0,187.0,236.0,119.0,160.0,170.0
78,118,2.0,0.0,2.0,[46 79],160.0,170.0,189.0,187.0,190.0,187.0,214.0,116.0,236.0,119.0
78,119,2.0,0.0,2.0,[46 79],236.0,119.0,190.0,187.0,160.0,170.0,250.0,131.0,214.0,116.0
78,120,2.0,0.0,2.0,[46 79],214.0,116.0,160.0,170.0,236.0,119.0,187.0,153.0,250.0,131.0
78,121,2.0,0.0,2.0,[46 79],250.0,131.0,236.0,119.0,214.0,116.0,194.0,113.0,187.0,153.0
78,122,2.0,0.0,2.0,[46 79],187.0,153.0,214.0,116.0,250.0,131.0,247.0,123.0,194.0,113.0
78,123,2.0,0.0,2.0,[46 79],194.0,113.0,250.0,131.0,187.0,153.0,178.0,151.0,247.0,123.0
78,124,2.0,0.0,2.0,[46 79],247.0,123.0,187.0,153.0,194.0,113.0,215.0,150.0,178.0,151.0
78,125,2.0,0.0,2.0,[46 79],178.0,151.0,194.0,113.0,247.0,123.0,200.0,93.0,215.0,150.0
78,126,2.0,0.0,2.0,[46 79],215.0,150.0,247.0,123.0,178.0,151.0,183.0,157.0,200.0,93.0
78,127,2.0,0.0,2.0,[46 79],200.0,93.0,178.0,151.0,215.0,150.0,191.0,77.0,183.0,157.0
78,128,2.0,0.0,2.0,[46 79],183.0,157.0,215.0,150.0,200.0,93.0,132.0,109.0,191.0,77.0
78,129,2.0,0.0,2.0,[46 79],191.0,77.0,200.0,93.0,183.0,157.0,134.0,152.0,132.0,109.0
78,130,2.0,0.0,2.0,[46 79],132.0,109.0,183.0,157.0,191.0,77.0,161.0,96.0,134.0,152.0
78,131,2.0,0.0,2.0,[46 79],134.0,152.0,191.0,77.0,132.0,109.0,138.0,60.0,161.0,96.0
78,132,2.0,0.0,2.0,[46 79],161.0,96.0,132.0,109.0,134.0,152.0,111.0,113.0,138.0,60.0
78,133,2.0,0.0,2.0,[46 79],138.0,60.0,134.0,152.0,161.0,96.0,103.0,107.0,111.0,113.0
78,134,2.0,0.0,2.0,[46 79],111.0,113.0,161.0,96.0,138.0,60.0,61.0,47.0,103.0,107.0
78,135,2.0,0.0,2.0,[46 79],103.0,107.0,138.0,60.0,111.0,113.0,39.0,52.0,61.0,47.0
78,136,2.0,0.0,2.0,[46 79],61.0,47.0,111.0,113.0,103.0,107.0,26.0,30.0,39.0,52.0
78,137,2.0,0.0,2.0,[46 79],39.0,52.0,103.0,107.0,61.0,47.0,20.0,17.0,26.0,30.0
78,138,2.0,0.0,2.0,[46 79],26.0,30.0,61.0,47.0,39.0,52.0,6.0,10.0,20.0,17.0
78,139,2.0,0.0,2.0,[46 79],20.0,17.0,39.0,52.0,26.0,30.0,0.0,2.0,6.0,10.0
78,140,2.0,0.0,2.0,[46 79],6.0,10.0,26.0,30.0,20.0,17.0,1.0,2.0,0.0,2.0
78,141,2.0,0.0,2.0,[46 79],0.0,2.0,20.0,17.0,6.0,10.0,0.0,0.0,1.0,2.0
78,142,2.0,0.0,2.0,[46 79],1.0,2.0,6.0,10.0,0.0,2.0,0.0,0.0,0.0,0.0
78,143,2.0,0.0,2.0,[46 79],0.0,0.0,0.0,2.0,1.0,2.0,0.0,0.0,0.0,0.0
79,0,2.0,0.0,2.0,[78 80],0.0,0.0,0.0,0.0,0.0,0.0,0.0,0.0,0.0,0.0
79,1,2.0,0.0,2.0,[78 80],0.0,0.0,0.0,0.0,0.0,0.0,0.0,0.0,0.0,0.0
79,2,2.0,0.0,2.0,[78 80],0.0,0.0,0.0,0.0,0.0,0.0,0.0,0.0,0.0,0.0
79,3,2.0,0.0,2.0,[78 80],0.0,0.0,0.0,0.0,0.0,0.0,0.0,0.0,0.0,0.0
79,4,2.0,0.0,2.0,[78 80],0.0,0.0,0.0,0.0,0.0,0.0,0.0,0.0,0.0,0.0
79,5,2.0,0.0,2.0,[78 80],0.0,0.0,0.0,0.0,0.0,0.0,0.0,0.0,0.0,0.0
79,6,2.0,0.0,2.0,[78 80],0.0,0.0,0.0,0.0,0.0,0.0,0.0,0.0,0.0,0.0
79,7,2.0,0.0,2.0,[78 80],0.0,0.0,0.0,0.0,0.0,0.0,0.0,0.0,0.0,0.0
79,8,2.0,0.0,2.0,[78 80],0.0,0.0,0.0,0.0,0.0,0.0,0.0,0.0,0.0,0.0
79,9,2.0,0.0,2.0,[78 80],0.0,0.0,0.0,0.0,0.0,0.0,0.0,0.0,0.0,0.0
79,10,2.0,0.0,2.0,[78 80],0.0,0.0,0.0,0.0,0.0,0.0,0.0,0.0,0.0,0.0
79,11,2.0,0.0,2.0,[78 80],0.0,0.0,0.0,0.0,0.0,0.0,0.0,0.0,0.0,0.0
79,12,2.0,0.0,2.0,[78 80],0.0,0.0,0.0,0.0,0.0,0.0,0.0,0.0,0.0,0.0
79,13,2.0,0.0,2.0,[78 80],0.0,0.0,0.0,0.0,0.0,0.0,0.0,0.0,0.0,0.0
79,14,2.0,0.0,2.0,[78 80],0.0,0.0,0.0,0.0,0.0,0.0,0.0,0.0,0.0,0.0
79,15,2.0,0.0,2.0,[78 80],0.0,0.0,0.0,0.0,0.0,0.0,0.0,0.0,0.0,0.0
79,16,2.0,0.0,2.0,[78 80],0.0,0.0,0.0,0.0,0.0,0.0,0.0,0.0,0.0,0.0
79,17,2.0,0.0,2.0,[78 80],0.0,0.0,0.0,0.0,0.0,0.0,0.0,0.0,0.0,0.0
79,18,2.0,0.0,2.0,[78 80],0.0,0.0,0.0,0.0,0.0,0.0,0.0,0.0,0.0,0.0
79,19,2.0,0.0,2.0,[78 80],0.0,0.0,0.0,0.0,0.0,0.0,0.0,0.0,0.0,0.0
79,20,2.0,0.0,2.0,[78 80],0.0,0.0,0.0,0.0,0.0,0.0,0.0,0.0,0.0,0.0
79,21,2.0,0.0,2.0,[78 80],0.0,0.0,0.0,0.0,0.0,0.0,0.0,0.0,0.0,0.0
79,22,2.0,0.0,2.0,[78 80],0.0,0.0,0.0,0.0,0.0,0.0,0.0,0.0,0.0,0.0
79,23,2.0,0.0,2.0,[78 80],0.0,0.0,0.0,0.0,0.0,0.0,0.0,0.0,0.0,0.0
79,24,2.0,0.0,2.0,[78 80],0.0,0.0,0.0,0.0,0.0,0.0,0.0,0.0,0.0,0.0
79,25,2.0,0.0,2.0,[78 80],0.0,0.0,0.0,0.0,0.0,0.0,0.0,0.0,0.0,0.0
79,26,2.0,0.0,2.0,[78 80],0.0,0.0,0.0,0.0,0.0,0.0,0.0,0.0,0.0,0.0
79,27,2.0,0.0,2.0,[78 80],0.0,0.0,0.0,0.0,0.0,0.0,0.0,0.0,0.0,0.0
79,28,2.0,0.0,2.0,[78 80],0.0,0.0,0.0,0.0,0.0,0.0,0.0,0.0,0.0,0.0
79,29,2.0,0.0,2.0,[78 80],0.0,0.0,0.0,0.0,0.0,0.0,0.0,0.0,0.0,0.0
79,30,2.0,0.0,2.0,[78 80],0.0,0.0,0.0,0.0,0.0,0.0,0.0,0.0,0.0,0.0
79,31,2.0,0.0,2.0,[78 80],0.0,0.0,0.0,0.0,0.0,0.0,0.0,0.0,0.0,0.0
79,32,2.0,0.0,2.0,[78 80],0.0,0.0,0.0,0.0,0.0,0.0,0.0,0.0,0.0,0.0
79,33,2.0,0.0,2.0,[78 80],0.0,0.0,0.0,0.0,0.0,0.0,8.0,0.0,0.0,0.0
79,34,2.0,0.0,2.0,[78 80],0.0,0.0,0.0,0.0,0.0,0.0,7.0,2.0,8.0,0.0
79,35,2.0,0.0,2.0,[78 80],8.0,0.0,0.0,0.0,0.0,0.0,17.0,3.0,7.0,2.0
79,36,2.0,0.0,2.0,[78 80],7.0,2.0,0.0,0.0,8.0,0.0,10.0,10.0,17.0,3.0
79,37,2.0,0.0,2.0,[78 80],17.0,3.0,8.0,0.0,7.0,2.0,16.0,23.0,10.0,10.0
79,38,2.0,0.0,2.0,[78 80],10.0,10.0,7.0,2.0,17.0,3.0,15.0,26.0,16.0,23.0
79,39,2.0,0.0,2.0,[78 80],16.0,23.0,17.0,3.0,10.0,10.0,29.0,20.0,15.0,26.0
79,40,2.0,0.0,2.0,[78 80],15.0,26.0,10.0,10.0,16.0,23.0,34.0,32.0,29.0,20.0
79,41,2.0,0.0,2.0,[78 80],29.0,20.0,16.0,23.0,15.0,26.0,53.0,20.0,34.0,32.0
79,42,2.0,0.0,2.0,[78 80],34.0,32.0,15.0,26.0,29.0,20.0,79.0,60.0,53.0,20.0
79,43,2.0,0.0,2.0,[78 80],53.0,20.0,29.0,20.0,34.0,32.0,75.0,66.0,79.0,60.0
79,44,2.0,0.0,2.0,[78 80],79.0,60.0,34.0,32.0,53.0,20.0,113.0,71.0,75.0,66.0
79,45,2.0,0.0,2.0,[78 80],75.0,66.0,53.0,20.0,79.0,60.0,140.0,81.0,113.0,71.0
79,46,2.0,0.0,2.0,[78 80],113.0,71.0,79.0,60.0,75.0,66.0,192.0,93.0,140.0,81.0
79,47,2.0,0.0,2.0,[78 80],140.0,81.0,75.0,66.0,113.0,71.0,146.0,144.0,192.0,93.0
79,48,2.0,0.0,2.0,[78 80],192.0,93.0,113.0,71.0,140.0,81.0,157.0,145.0,146.0,144.0
79,49,2.0,0.0,2.0,[78 80],146.0,144.0,140.0,81.0,192.0,93.0,178.0,120.0,157.0,145.0
79,50,2.0,0.0,2.0,[78 80],157.0,145.0,192.0,93.0,146.0,144.0,147.0,246.0,178.0,120.0
79,51,2.0,0.0,2.0,[78 80],178.0,120.0,146.0,144.0,157.0,145.0,75.0,164.0,147.0,246.0
79,52,2.0,0.0,2.0,[78 80],147.0,246.0,157.0,145.0,178.0,120.0,78.0,134.0,75.0,164.0
79,53,2.0,0.0,2.0,[78 80],75.0,164.0,178.0,120.0,147.0,246.0,62.0,125.0,78.0,134.0
79,54,2.0,0.0,2.0,[78 80],78.0,134.0,147.0,246.0,75.0,164.0,49.0,86.0,62.0,125.0
79,55,2.0,0.0,2.0,[78 80],62.0,125.0,75.0,164.0,78.0,134.0,45.0,94.0,49.0,86.0
79,56,2.0,0.0,2.0,[78 80],49.0,86.0,78.0,134.0,62.0,125.0,32.0,65.0,45.0,94.0
79,57,2.0,0.0,2.0,[78 80],45.0,94.0,62.0,125.0,49.0,86.0,51.0,118.0,32.0,65.0
79,58,2.0,0.0,2.0,[78 80],32.0,65.0,49.0,86.0,45.0,94.0,58.0,75.0,51.0,118.0
79,59,2.0,0.0,2.0,[78 80],51.0,118.0,45.0,94.0,32.0,65.0,54.0,71.0,58.0,75.0
79,60,2.0,0.0,2.0,[78 80],58.0,75.0,32.0,65.0,51.0,118.0,43.0,47.0,54.0,71.0
79,61,2.0,0.0,2.0,[78 80],54.0,71.0,51.0,118.0,58.0,75.0,36.0,41.0,43.0,47.0
79,62,2.0,0.0,2.0,[78 80],43.0,47.0,58.0,75.0,54.0,71.0,57.0,76.0,36.0,41.0
79,63,2.0,0.0,2.0,[78 80],36.0,41.0,54.0,71.0,43.0,47.0,45.0,47.0,57.0,76.0
79,64,2.0,0.0,2.0,[78 80],57.0,76.0,43.0,47.0,36.0,41.0,42.0,48.0,45.0,47.0
79,65,2.0,0.0,2.0,[78 80],45.0,47.0,36.0,41.0,57.0,76.0,51.0,42.0,42.0,48.0
79,66,2.0,0.0,2.0,[78 80],42.0,48.0,57.0,76.0,45.0,47.0,49.0,46.0,51.0,42.0
79,67,2.0,0.0,2.0,[78 80],51.0,42.0,45.0,47.0,42.0,48.0,57.0,41.0,49.0,46.0
79,68,2.0,0.0,2.0,[78 80],49.0,46.0,42.0,48.0,51.0,42.0,49.0,42.0,57.0,41.0
79,69,2.0,0.0,2.0,[78 80],57.0,41.0,51.0,42.0,49.0,46.0,47.0,52.0,49.0,42.0
79,70,2.0,0.0,2.0,[78 80],49.0,42.0,49.0,46.0,57.0,41.0,49.0,39.0,47.0,52.0
79,71,2.0,0.0,2.0,[78 80],47.0,52.0,57.0,41.0,49.0,42.0,73.0,44.0,49.0,39.0
79,72,2.0,0.0,2.0,[78 80],49.0,39.0,49.0,42.0,47.0,52.0,51.0,47.0,73.0,44.0
79,73,2.0,0.0,2.0,[78 80],73.0,44.0,47.0,52.0,49.0,39.0,59.0,46.0,51.0,47.0
79,74,2.0,0.0,2.0,[78 80],51.0,47.0,49.0,39.0,73.0,44.0,51.0,64.0,59.0,46.0
79,75,2.0,0.0,2.0,[78 80],59.0,46.0,73.0,44.0,51.0,47.0,61.0,50.0,51.0,64.0
79,76,2.0,0.0,2.0,[78 80],51.0,64.0,51.0,47.0,59.0,46.0,54.0,71.0,61.0,50.0
79,77,2.0,0.0,2.0,[78 80],61.0,50.0,59.0,46.0,51.0,64.0,63.0,63.0,54.0,71.0
79,78,2.0,0.0,2.0,[78 80],54.0,71.0,51.0,64.0,61.0,50.0,65.0,53.0,63.0,63.0
79,79,2.0,0.0,2.0,[78 80],63.0,63.0,61.0,50.0,54.0,71.0,43.0,49.0,65.0,53.0
79,80,2.0,0.0,2.0,[78 80],65.0,53.0,54.0,71.0,63.0,63.0,53.0,70.0,43.0,49.0
79,81,2.0,0.0,2.0,[78 80],43.0,49.0,63.0,63.0,65.0,53.0,58.0,83.0,53.0,70.0
79,82,2.0,0.0,2.0,[78 80],53.0,70.0,65.0,53.0,43.0,49.0,70.0,60.0,58.0,83.0
79,83,2.0,0.0,2.0,[78 80],58.0,83.0,43.0,49.0,53.0,70.0,45.0,53.0,70.0,60.0
79,84,2.0,0.0,2.0,[78 80],70.0,60.0,53.0,70.0,58.0,83.0,44.0,64.0,45.0,53.0
79,85,2.0,0.0,2.0,[78 80],45.0,53.0,58.0,83.0,70.0,60.0,43.0,32.0,44.0,64.0
79,86,2.0,0.0,2.0,[78 80],44.0,64.0,70.0,60.0,45.0,53.0,54.0,44.0,43.0,32.0
79,87,2.0,0.0,2.0,[78 80],43.0,32.0,45.0,53.0,44.0,64.0,55.0,36.0,54.0,44.0
79,88,2.0,0.0,2.0,[78 80],54.0,44.0,44.0,64.0,43.0,32.0,50.0,50.0,55.0,36.0
79,89,2.0,0.0,2.0,[78 80],55.0,36.0,43.0,32.0,54.0,44.0,64.0,47.0,50.0,50.0
79,90,2.0,0.0,2.0,[78 80],50.0,50.0,54.0,44.0,55.0,36.0,55.0,44.0,64.0,47.0
79,91,2.0,0.0,2.0,[78 80],64.0,47.0,55.0,36.0,50.0,50.0,69.0,38.0,55.0,44.0
79,92,2.0,0.0,2.0,[78 80],55.0,44.0,50.0,50.0,64.0,47.0,68.0,55.0,69.0,38.0
79,93,2.0,0.0,2.0,[78 80],69.0,38.0,64.0,47.0,55.0,44.0,51.0,44.0,68.0,55.0
79,94,2.0,0.0,2.0,[78 80],68.0,55.0,55.0,44.0,69.0,38.0,77.0,49.0,51.0,44.0
79,95,2.0,0.0,2.0,[78 80],51.0,44.0,69.0,38.0,68.0,55.0,91.0,49.0,77.0,49.0
79,96,2.0,0.0,2.0,[78 80],77.0,49.0,68.0,55.0,51.0,44.0,58.0,54.0,91.0,49.0
79,97,2.0,0.0,2.0,[78 80],91.0,49.0,51.0,44.0,77.0,49.0,67.0,38.0,58.0,54.0
79,98,2.0,0.0,2.0,[78 80],58.0,54.0,77.0,49.0,91.0,49.0,84.0,47.0,67.0,38.0
79,99,2.0,0.0,2.0,[78 80],67.0,38.0,91.0,49.0,58.0,54.0,93.0,47.0,84.0,47.0
79,100,2.0,0.0,2.0,[78 80],84.0,47.0,58.0,54.0,67.0,38.0,109.0,55.0,93.0,47.0
79,101,2.0,0.0,2.0,[78 80],93.0,47.0,67.0,38.0,84.0,47.0,129.0,64.0,109.0,55.0
79,102,2.0,0.0,2.0,[78 80],109.0,55.0,84.0,47.0,93.0,47.0,128.0,94.0,129.0,64.0
79,103,2.0,0.0,2.0,[78 80],129.0,64.0,93.0,47.0,109.0,55.0,120.0,82.0,128.0,94.0
79,104,2.0,0.0,2.0,[78 80],128.0,94.0,109.0,55.0,129.0,64.0,231.0,94.0,120.0,82.0
79,105,2.0,0.0,2.0,[78 80],120.0,82.0,129.0,64.0,128.0,94.0,148.0,116.0,231.0,94.0
79,106,2.0,0.0,2.0,[78 80],231.0,94.0,128.0,94.0,120.0,82.0,150.0,86.0,148.0,116.0
79,107,2.0,0.0,2.0,[78 80],148.0,116.0,120.0,82.0,231.0,94.0,183.0,81.0,150.0,86.0
79,108,2.0,0.0,2.0,[78 80],150.0,86.0,231.0,94.0,148.0,116.0,86.0,132.0,183.0,81.0
79,109,2.0,0.0,2.0,[78 80],183.0,81.0,148.0,116.0,150.0,86.0,77.0,107.0,86.0,132.0
79,110,2.0,0.0,2.0,[78 80],86.0,132.0,150.0,86.0,183.0,81.0,63.0,93.0,77.0,107.0
79,111,2.0,0.0,2.0,[78 80],77.0,107.0,183.0,81.0,86.0,132.0,71.0,63.0,63.0,93.0
79,112,2.0,0.0,2.0,[78 80],63.0,93.0,86.0,132.0,77.0,107.0,79.0,75.0,71.0,63.0
79,113,2.0,0.0,2.0,[78 80],71.0,63.0,77.0,107.0,63.0,93.0,37.0,71.0,79.0,75.0
79,114,2.0,0.0,2.0,[78 80],79.0,75.0,63.0,93.0,71.0,63.0,26.0,66.0,37.0,71.0
79,115,2.0,0.0,2.0,[78 80],37.0,71.0,71.0,63.0,79.0,75.0,23.0,51.0,26.0,66.0
79,116,2.0,0.0,2.0,[78 80],26.0,66.0,79.0,75.0,37.0,71.0,27.0,46.0,23.0,51.0
79,117,2.0,0.0,2.0,[78 80],23.0,51.0,37.0,71.0,26.0,66.0,19.0,52.0,27.0,46.0
79,118,2.0,0.0,2.0,[78 80],27.0,46.0,26.0,66.0,23.0,51.0,51.0,51.0,19.0,52.0
79,119,2.0,0.0,2.0,[78 80],19.0,52.0,23.0,51.0,27.0,46.0,62.0,53.0,51.0,51.0
79,120,2.0,0.0,2.0,[78 80],51.0,51.0,27.0,46.0,19.0,52.0,33.0,48.0,62.0,53.0
79,121,2.0,0.0,2.0,[78 80],62.0,53.0,19.0,52.0,51.0,51.0,39.0,53.0,33.0,48.0
79,122,2.0,0.0,2.0,[78 80],33.0,48.0,51.0,51.0,62.0,53.0,40.0,60.0,39.0,53.0
79,123,2.0,0.0,2.0,[78 80],39.0,53.0,62.0,53.0,33.0,48.0,30.0,36.0,40.0,60.0
79,124,2.0,0.0,2.0,[78 80],40.0,60.0,33.0,48.0,39.0,53.0,26.0,56.0,30.0,36.0
79,125,2.0,0.0,2.0,[78 80],30.0,36.0,39.0,53.0,40.0,60.0,18.0,49.0,26.0,56.0
79,126,2.0,0.0,2.0,[78 80],26.0,56.0,40.0,60.0,30.0,36.0,31.0,48.0,18.0,49.0
79,127,2.0,0.0,2.0,[78 80],18.0,49.0,30.0,36.0,26.0,56.0,24.0,37.0,31.0,48.0
79,128,2.0,0.0,2.0,[78 80],31.0,48.0,26.0,56.0,18.0,49.0,28.0,58.0,24.0,37.0
79,129,2.0,0.0,2.0,[78 80],24.0,37.0,18.0,49.0,31.0,48.0,15.0,45.0,28.0,58.0
79,130,2.0,0.0,2.0,[78 80],28.0,58.0,31.0,48.0,24.0,37.0,12.0,31.0,15.0,45.0
79,131,2.0,0.0,2.0,[78 80],15.0,45.0,24.0,37.0,28.0,58.0,12.0,43.0,12.0,31.0
79,132,2.0,0.0,2.0,[78 80],12.0,31.0,28.0,58.0,15.0,45.0,17.0,44.0,12.0,43.0
79,133,2.0,0.0,2.0,[78 80],12.0,43.0,15.0,45.0,12.0,31.0,13.0,45.0,17.0,44.0
79,134,2.0,0.0,2.0,[78 80],17.0,44.0,12.0,31.0,12.0,43.0,6.0,29.0,13.0,45.0
79,135,2.0,0.0,2.0,[78 80],13.0,45.0,12.0,43.0,17.0,44.0,11.0,37.0,6.0,29.0
79,136,2.0,0.0,2.0,[78 80],6.0,29.0,17.0,44.0,13.0,45.0,4.0,18.0,11.0,37.0
79,137,2.0,0.0,2.0,[78 80],11.0,37.0,13.0,45.0,6.0,29.0,2.0,4.0,4.0,18.0
79,138,2.0,0.0,2.0,[78 80],4.0,18.0,6.0,29.0,11.0,37.0,0.0,11.0,2.0,4.0
79,139,2.0,0.0,2.0,[78 80],2.0,4.0,11.0,37.0,4.0,18.0,0.0,1.0,0.0,11.0
79,140,2.0,0.0,2.0,[78 80],0.0,11.0,4.0,18.0,2.0,4.0,0.0,2.0,0.0,1.0
79,141,2.0,0.0,2.0,[78 80],0.0,1.0,2.0,4.0,0.0,11.0,0.0,0.0,0.0,2.0
79,142,2.0,0.0,2.0,[78 80],0.0,2.0,0.0,11.0,0.0,1.0,0.0,0.0,0.0,0.0
79,143,2.0,0.0,2.0,[78 80],0.0,0.0,0.0,1.0,0.0,2.0,0.0,0.0,0.0,0.0
80,0,2.0,0.0,2.0,[15 79],0.0,0.0,0.0,0.0,0.0,0.0,0.0,0.0,0.0,0.0
80,1,2.0,0.0,2.0,[15 79],0.0,0.0,0.0,0.0,0.0,0.0,0.0,1.0,0.0,0.0
80,2,2.0,0.0,2.0,[15 79],0.0,0.0,0.0,0.0,0.0,0.0,1.0,0.0,0.0,1.0
80,3,2.0,0.0,2.0,[15 79],0.0,1.0,0.0,0.0,0.0,0.0,0.0,0.0,1.0,0.0
80,4,2.0,0.0,2.0,[15 79],1.0,0.0,0.0,0.0,0.0,1.0,0.0,0.0,0.0,0.0
80,5,2.0,0.0,2.0,[15 79],0.0,0.0,0.0,1.0,1.0,0.0,1.0,1.0,0.0,0.0
80,6,2.0,0.0,2.0,[15 79],0.0,0.0,1.0,0.0,0.0,0.0,1.0,0.0,1.0,1.0
80,7,2.0,0.0,2.0,[15 79],1.0,1.0,0.0,0.0,0.0,0.0,0.0,1.0,1.0,0.0
80,8,2.0,0.0,2.0,[15 79],1.0,0.0,0.0,0.0,1.0,1.0,0.0,0.0,0.0,1.0
80,9,2.0,0.0,2.0,[15 79],0.0,1.0,1.0,1.0,1.0,0.0,1.0,1.0,0.0,0.0
80,10,2.0,0.0,2.0,[15 79],0.0,0.0,1.0,0.0,0.0,1.0,0.0,0.0,1.0,1.0
80,11,2.0,0.0,2.0,[15 79],1.0,1.0,0.0,1.0,0.0,0.0,1.0,1.0,0.0,0.0
80,12,2.0,0.0,2.0,[15 79],0.0,0.0,0.0,0.0,1.0,1.0,0.0,0.0,1.0,1.0
80,13,2.0,0.0,2.0,[15 79],1.0,1.0,1.0,1.0,0.0,0.0,0.0,0.0,0.0,0.0
80,14,2.0,0.0,2.0,[15 79],0.0,0.0,0.0,0.0,1.0,1.0,0.0,0.0,0.0,0.0
80,15,2.0,0.0,2.0,[15 79],0.0,0.0,1.0,1.0,0.0,0.0,0.0,0.0,0.0,0.0
80,16,2.0,0.0,2.0,[15 79],0.0,0.0,0.0,0.0,0.0,0.0,0.0,0.0,0.0,0.0
80,17,2.0,0.0,2.0,[15 79],0.0,0.0,0.0,0.0,0.0,0.0,0.0,0.0,0.0,0.0
80,18,2.0,0.0,2.0,[15 79],0.0,0.0,0.0,0.0,0.0,0.0,0.0,0.0,0.0,0.0
80,19,2.0,0.0,2.0,[15 79],0.0,0.0,0.0,0.0,0.0,0.0,0.0,0.0,0.0,0.0
80,20,2.0,0.0,2.0,[15 79],0.0,0.0,0.0,0.0,0.0,0.0,0.0,0.0,0.0,0.0
80,21,2.0,0.0,2.0,[15 79],0.0,0.0,0.0,0.0,0.0,0.0,0.0,0.0,0.0,0.0
80,22,2.0,0.0,2.0,[15 79],0.0,0.0,0.0,0.0,0.0,0.0,0.0,0.0,0.0,0.0
80,23,2.0,0.0,2.0,[15 79],0.0,0.0,0.0,0.0,0.0,0.0,0.0,0.0,0.0,0.0
80,24,2.0,0.0,2.0,[15 79],0.0,0.0,0.0,0.0,0.0,0.0,0.0,0.0,0.0,0.0
80,25,2.0,0.0,2.0,[15 79],0.0,0.0,0.0,0.0,0.0,0.0,1.0,0.0,0.0,0.0
80,26,2.0,0.0,2.0,[15 79],0.0,0.0,0.0,0.0,0.0,0.0,0.0,1.0,1.0,0.0
80,27,2.0,0.0,2.0,[15 79],1.0,0.0,0.0,0.0,0.0,0.0,0.0,0.0,0.0,1.0
80,28,2.0,0.0,2.0,[15 79],0.0,1.0,0.0,0.0,1.0,0.0,0.0,0.0,0.0,0.0
80,29,2.0,0.0,2.0,[15 79],0.0,0.0,1.0,0.0,0.0,1.0,0.0,0.0,0.0,0.0
80,30,2.0,0.0,2.0,[15 79],0.0,0.0,0.0,1.0,0.0,0.0,1.0,1.0,0.0,0.0
80,31,2.0,0.0,2.0,[15 79],0.0,0.0,0.0,0.0,0.0,0.0,2.0,1.0,1.0,1.0
80,32,2.0,0.0,2.0,[15 79],1.0,1.0,0.0,0.0,0.0,0.0,1.0,0.0,2.0,1.0
80,33,2.0,0.0,2.0,[15 79],2.0,1.0,0.0,0.0,1.0,1.0,3.0,0.0,1.0,0.0
80,34,2.0,0.0,2.0,[15 79],1.0,0.0,1.0,1.0,2.0,1.0,2.0,1.0,3.0,0.0
80,35,2.0,0.0,2.0,[15 79],3.0,0.0,2.0,1.0,1.0,0.0,7.0,0.0,2.0,1.0
80,36,2.0,0.0,2.0,[15 79],2.0,1.0,1.0,0.0,3.0,0.0,13.0,1.0,7.0,0.0
80,37,2.0,0.0,2.0,[15 79],7.0,0.0,3.0,0.0,2.0,1.0,18.0,1.0,13.0,1.0
80,38,2.0,0.0,2.0,[15 79],13.0,1.0,2.0,1.0,7.0,0.0,16.0,5.0,18.0,1.0
80,39,2.0,0.0,2.0,[15 79],18.0,1.0,7.0,0.0,13.0,1.0,20.0,13.0,16.0,5.0
80,40,2.0,0.0,2.0,[15 79],16.0,5.0,13.0,1.0,18.0,1.0,48.0,7.0,20.0,13.0
80,41,2.0,0.0,2.0,[15 79],20.0,13.0,18.0,1.0,16.0,5.0,78.0,8.0,48.0,7.0
80,42,2.0,0.0,2.0,[15 79],48.0,7.0,16.0,5.0,20.0,13.0,90.0,18.0,78.0,8.0
80,43,2.0,0.0,2.0,[15 79],78.0,8.0,20.0,13.0,48.0,7.0,119.0,25.0,90.0,18.0
80,44,2.0,0.0,2.0,[15 79],90.0,18.0,48.0,7.0,78.0,8.0,185.0,21.0,119.0,25.0
80,45,2.0,0.0,2.0,[15 79],119.0,25.0,78.0,8.0,90.0,18.0,242.0,35.0,185.0,21.0
80,46,2.0,0.0,2.0,[15 79],185.0,21.0,90.0,18.0,119.0,25.0,327.0,68.0,242.0,35.0
80,47,2.0,0.0,2.0,[15 79],242.0,35.0,119.0,25.0,185.0,21.0,242.0,126.0,327.0,68.0
80,48,2.0,0.0,2.0,[15 79],327.0,68.0,185.0,21.0,242.0,35.0,285.0,91.0,242.0,126.0
80,49,2.0,0.0,2.0,[15 79],242.0,126.0,242.0,35.0,327.0,68.0,281.0,116.0,285.0,91.0
80,50,2.0,0.0,2.0,[15 79],285.0,91.0,327.0,68.0,242.0,126.0,263.0,117.0,281.0,116.0
80,51,2.0,0.0,2.0,[15 79],281.0,116.0,242.0,126.0,285.0,91.0,134.0,77.0,263.0,117.0
80,52,2.0,0.0,2.0,[15 79],263.0,117.0,285.0,91.0,281.0,116.0,84.0,45.0,134.0,77.0
80,53,2.0,0.0,2.0,[15 79],134.0,77.0,281.0,116.0,263.0,117.0,89.0,35.0,84.0,45.0
80,54,2.0,0.0,2.0,[15 79],84.0,45.0,263.0,117.0,134.0,77.0,69.0,31.0,89.0,35.0
80,55,2.0,0.0,2.0,[15 79],89.0,35.0,134.0,77.0,84.0,45.0,39.0,26.0,69.0,31.0
80,56,2.0,0.0,2.0,[15 79],69.0,31.0,84.0,45.0,89.0,35.0,56.0,20.0,39.0,26.0
80,57,2.0,0.0,2.0,[15 79],39.0,26.0,89.0,35.0,69.0,31.0,30.0,26.0,56.0,20.0
80,58,2.0,0.0,2.0,[15 79],56.0,20.0,69.0,31.0,39.0,26.0,50.0,34.0,30.0,26.0
80,59,2.0,0.0,2.0,[15 79],30.0,26.0,39.0,26.0,56.0,20.0,31.0,16.0,50.0,34.0
80,60,2.0,0.0,2.0,[15 79],50.0,34.0,56.0,20.0,30.0,26.0,42.0,23.0,31.0,16.0
80,61,2.0,0.0,2.0,[15 79],31.0,16.0,30.0,26.0,50.0,34.0,20.0,16.0,42.0,23.0
80,62,2.0,0.0,2.0,[15 79],42.0,23.0,50.0,34.0,31.0,16.0,37.0,12.0,20.0,16.0
80,63,2.0,0.0,2.0,[15 79],20.0,16.0,31.0,16.0,42.0,23.0,24.0,21.0,37.0,12.0
80,64,2.0,0.0,2.0,[15 79],37.0,12.0,42.0,23.0,20.0,16.0,38.0,19.0,24.0,21.0
80,65,2.0,0.0,2.0,[15 79],24.0,21.0,20.0,16.0,37.0,12.0,33.0,14.0,38.0,19.0
80,66,2.0,0.0,2.0,[15 79],38.0,19.0,37.0,12.0,24.0,21.0,18.0,22.0,33.0,14.0
80,67,2.0,0.0,2.0,[15 79],33.0,14.0,24.0,21.0,38.0,19.0,24.0,11.0,18.0,22.0
80,68,2.0,0.0,2.0,[15 79],18.0,22.0,38.0,19.0,33.0,14.0,28.0,28.0,24.0,11.0
80,69,2.0,0.0,2.0,[15 79],24.0,11.0,33.0,14.0,18.0,22.0,30.0,18.0,28.0,28.0
80,70,2.0,0.0,2.0,[15 79],28.0,28.0,18.0,22.0,24.0,11.0,34.0,25.0,30.0,18.0
80,71,2.0,0.0,2.0,[15 79],30.0,18.0,24.0,11.0,28.0,28.0,33.0,22.0,34.0,25.0
80,72,2.0,0.0,2.0,[15 79],34.0,25.0,28.0,28.0,30.0,18.0,33.0,27.0,33.0,22.0
80,73,2.0,0.0,2.0,[15 79],33.0,22.0,30.0,18.0,34.0,25.0,18.0,20.0,33.0,27.0
80,74,2.0,0.0,2.0,[15 79],33.0,27.0,34.0,25.0,33.0,22.0,31.0,23.0,18.0,20.0
80,75,2.0,0.0,2.0,[15 79],18.0,20.0,33.0,22.0,33.0,27.0,34.0,19.0,31.0,23.0
80,76,2.0,0.0,2.0,[15 79],31.0,23.0,33.0,27.0,18.0,20.0,45.0,32.0,34.0,19.0
80,77,2.0,0.0,2.0,[15 79],34.0,19.0,18.0,20.0,31.0,23.0,35.0,35.0,45.0,32.0
80,78,2.0,0.0,2.0,[15 79],45.0,32.0,31.0,23.0,34.0,19.0,26.0,17.0,35.0,35.0
80,79,2.0,0.0,2.0,[15 79],35.0,35.0,34.0,19.0,45.0,32.0,36.0,30.0,26.0,17.0
80,80,2.0,0.0,2.0,[15 79],26.0,17.0,45.0,32.0,35.0,35.0,28.0,19.0,36.0,30.0
80,81,2.0,0.0,2.0,[15 79],36.0,30.0,35.0,35.0,26.0,17.0,29.0,28.0,28.0,19.0
80,82,2.0,0.0,2.0,[15 79],28.0,19.0,26.0,17.0,36.0,30.0,38.0,27.0,29.0,28.0
80,83,2.0,0.0,2.0,[15 79],29.0,28.0,36.0,30.0,28.0,19.0,33.0,29.0,38.0,27.0
80,84,2.0,0.0,2.0,[15 79],38.0,27.0,28.0,19.0,29.0,28.0,33.0,20.0,33.0,29.0
80,85,2.0,0.0,2.0,[15 79],33.0,29.0,29.0,28.0,38.0,27.0,32.0,23.0,33.0,20.0
80,86,2.0,0.0,2.0,[15 79],33.0,20.0,38.0,27.0,33.0,29.0,31.0,21.0,32.0,23.0
80,87,2.0,0.0,2.0,[15 79],32.0,23.0,33.0,29.0,33.0,20.0,25.0,16.0,31.0,21.0
80,88,2.0,0.0,2.0,[15 79],31.0,21.0,33.0,20.0,32.0,23.0,19.0,19.0,25.0,16.0
80,89,2.0,0.0,2.0,[15 79],25.0,16.0,32.0,23.0,31.0,21.0,26.0,32.0,19.0,19.0
80,90,2.0,0.0,2.0,[15 79],19.0,19.0,31.0,21.0,25.0,16.0,21.0,25.0,26.0,32.0
80,91,2.0,0.0,2.0,[15 79],26.0,32.0,25.0,16.0,19.0,19.0,20.0,29.0,21.0,25.0
80,92,2.0,0.0,2.0,[15 79],21.0,25.0,19.0,19.0,26.0,32.0,31.0,38.0,20.0,29.0
80,93,2.0,0.0,2.0,[15 79],20.0,29.0,26.0,32.0,21.0,25.0,27.0,35.0,31.0,38.0
80,94,2.0,0.0,2.0,[15 79],31.0,38.0,21.0,25.0,20.0,29.0,31.0,42.0,27.0,35.0
80,95,2.0,0.0,2.0,[15 79],27.0,35.0,20.0,29.0,31.0,38.0,35.0,39.0,31.0,42.0
80,96,2.0,0.0,2.0,[15 79],31.0,42.0,31.0,38.0,27.0,35.0,32.0,38.0,35.0,39.0
80,97,2.0,0.0,2.0,[15 79],35.0,39.0,27.0,35.0,31.0,42.0,41.0,54.0,32.0,38.0
80,98,2.0,0.0,2.0,[15 79],32.0,38.0,31.0,42.0,35.0,39.0,41.0,53.0,41.0,54.0
80,99,2.0,0.0,2.0,[15 79],41.0,54.0,35.0,39.0,32.0,38.0,37.0,39.0,41.0,53.0
80,100,2.0,0.0,2.0,[15 79],41.0,53.0,32.0,38.0,41.0,54.0,36.0,71.0,37.0,39.0
80,101,2.0,0.0,2.0,[15 79],37.0,39.0,41.0,54.0,41.0,53.0,58.0,66.0,36.0,71.0
80,102,2.0,0.0,2.0,[15 79],36.0,71.0,41.0,53.0,37.0,39.0,53.0,73.0,58.0,66.0
80,103,2.0,0.0,2.0,[15 79],58.0,66.0,37.0,39.0,36.0,71.0,55.0,132.0,53.0,73.0
80,104,2.0,0.0,2.0,[15 79],53.0,73.0,36.0,71.0,58.0,66.0,101.0,80.0,55.0,132.0
80,105,2.0,0.0,2.0,[15 79],55.0,132.0,58.0,66.0,53.0,73.0,99.0,151.0,101.0,80.0
80,106,2.0,0.0,2.0,[15 79],101.0,80.0,53.0,73.0,55.0,132.0,81.0,169.0,99.0,151.0
80,107,2.0,0.0,2.0,[15 79],99.0,151.0,55.0,132.0,101.0,80.0,82.0,126.0,81.0,169.0
80,108,2.0,0.0,2.0,[15 79],81.0,169.0,101.0,80.0,99.0,151.0,62.0,149.0,82.0,126.0
80,109,2.0,0.0,2.0,[15 79],82.0,126.0,99.0,151.0,81.0,169.0,50.0,138.0,62.0,149.0
80,110,2.0,0.0,2.0,[15 79],62.0,149.0,81.0,169.0,82.0,126.0,34.0,76.0,50.0,138.0
80,111,2.0,0.0,2.0,[15 79],50.0,138.0,82.0,126.0,62.0,149.0,30.0,118.0,34.0,76.0
80,112,2.0,0.0,2.0,[15 79],34.0,76.0,62.0,149.0,50.0,138.0,29.0,78.0,30.0,118.0
80,113,2.0,0.0,2.0,[15 79],30.0,118.0,50.0,138.0,34.0,76.0,30.0,63.0,29.0,78.0
80,114,2.0,0.0,2.0,[15 79],29.0,78.0,34.0,76.0,30.0,118.0,32.0,74.0,30.0,63.0
80,115,2.0,0.0,2.0,[15 79],30.0,63.0,30.0,118.0,29.0,78.0,22.0,51.0,32.0,74.0
80,116,2.0,0.0,2.0,[15 79],32.0,74.0,29.0,78.0,30.0,63.0,18.0,58.0,22.0,51.0
80,117,2.0,0.0,2.0,[15 79],22.0,51.0,30.0,63.0,32.0,74.0,16.0,58.0,18.0,58.0
80,118,2.0,0.0,2.0,[15 79],18.0,58.0,32.0,74.0,22.0,51.0,28.0,57.0,16.0,58.0
80,119,2.0,0.0,2.0,[15 79],16.0,58.0,22.0,51.0,18.0,58.0,44.0,44.0,28.0,57.0
80,120,2.0,0.0,2.0,[15 79],28.0,57.0,18.0,58.0,16.0,58.0,23.0,69.0,44.0,44.0
80,121,2.0,0.0,2.0,[15 79],44.0,44.0,16.0,58.0,28.0,57.0,46.0,53.0,23.0,69.0
80,122,2.0,0.0,2.0,[15 79],23.0,69.0,28.0,57.0,44.0,44.0,21.0,36.0,46.0,53.0
80,123,2.0,0.0,2.0,[15 79],46.0,53.0,44.0,44.0,23.0,69.0,31.0,83.0,21.0,36.0
80,124,2.0,0.0,2.0,[15 79],21.0,36.0,23.0,69.0,46.0,53.0,16.0,54.0,31.0,83.0
80,125,2.0,0.0,2.0,[15 79],31.0,83.0,46.0,53.0,21.0,36.0,27.0,63.0,16.0,54.0
80,126,2.0,0.0,2.0,[15 79],16.0,54.0,21.0,36.0,31.0,83.0,14.0,53.0,27.0,63.0
80,127,2.0,0.0,2.0,[15 79],27.0,63.0,31.0,83.0,16.0,54.0,12.0,57.0,14.0,53.0
80,128,2.0,0.0,2.0,[15 79],14.0,53.0,16.0,54.0,27.0,63.0,15.0,43.0,12.0,57.0
80,129,2.0,0.0,2.0,[15 79],12.0,57.0,27.0,63.0,14.0,53.0,20.0,60.0,15.0,43.0
80,130,2.0,0.0,2.0,[15 79],15.0,43.0,14.0,53.0,12.0,57.0,12.0,37.0,20.0,60.0
80,131,2.0,0.0,2.0,[15 79],20.0,60.0,12.0,57.0,15.0,43.0,22.0,45.0,12.0,37.0
80,132,2.0,0.0,2.0,[15 79],12.0,37.0,15.0,43.0,20.0,60.0,20.0,49.0,22.0,45.0
80,133,2.0,0.0,2.0,[15 79],22.0,45.0,20.0,60.0,12.0,37.0,11.0,32.0,20.0,49.0
80,134,2.0,0.0,2.0,[15 79],20.0,49.0,12.0,37.0,22.0,45.0,5.0,31.0,11.0,32.0
80,135,2.0,0.0,2.0,[15 79],11.0,32.0,22.0,45.0,20.0,49.0,1.0,31.0,5.0,31.0
80,136,2.0,0.0,2.0,[15 79],5.0,31.0,20.0,49.0,11.0,32.0,9.0,15.0,1.0,31.0
80,137,2.0,0.0,2.0,[15 79],1.0,31.0,11.0,32.0,5.0,31.0,0.0,12.0,9.0,15.0
80,138,2.0,0.0,2.0,[15 79],9.0,15.0,5.0,31.0,1.0,31.0,0.0,9.0,0.0,12.0
80,139,2.0,0.0,2.0,[15 79],0.0,12.0,1.0,31.0,9.0,15.0,3.0,6.0,0.0,9.0
80,140,2.0,0.0,2.0,[15 79],0.0,9.0,9.0,15.0,0.0,12.0,0.0,1.0,3.0,6.0
80,141,2.0,0.0,2.0,[15 79],3.0,6.0,0.0,12.0,0.0,9.0,3.0,2.0,0.0,1.0
80,142,2.0,0.0,2.0,[15 79],0.0,1.0,0.0,9.0,3.0,6.0,0.0,0.0,3.0,2.0
80,143,2.0,0.0,2.0,[15 79],3.0,2.0,3.0,6.0,0.0,1.0,0.0,0.0,0.0,0.0
